-10.	0.	0.
0.	10.	0.
10.	20.	0.
20.	30.	0.
30.	40.	0.
40.	50.	0.
50.	60.	0.
60.	70.	0.
70.	80.	0.
80.	90.	0.
90.	100.	0.
100.	110.	0.
110.	120.	0.
120.	130.	0.
130.	140.	0.
140.	150.	0.
150.	160.	0.
160.	170.	0.
170.	180.	0.
180.	190.	0.
190.	200.	0.
200.	210.	0.
210.	220.	0.
220.	230.	0.
230.	240.	0.
240.	250.	0.
250.	260.	0.
260.	270.	0.
270.	280.	0.
280.	290.	0.
290.	300.	0.
300.	310.	0.
310.	320.	0.
320.	330.	0.
330.	340.	0.
340.	350.	0.
350.	360.	0.
360.	370.	0.
370.	380.	0.
380.	390.	0.
390.	400.	0.
400.	410.	0.
410.	420.	0.
420.	430.	0.
430.	440.	0.
440.	450.	0.
450.	460.	0.
460.	470.	0.
470.	480.	0.
480.	490.	0.
490.	500.	0.
500.	510.	1.04296
510.	520.	1.234991
520.	530.	1.328364
530.	540.	1.478113
540.	550.	1.552107
550.	560.	1.693048
560.	570.	1.770565
570.	580.	1.786421
580.	590.	1.878032
590.	600.	1.930885
600.	610.	2.070063
610.	620.	1.987261
620.	630.	2.131725
630.	640.	2.061255
640.	650.	2.091204
650.	660.	1.981976
660.	670.	2.087681
670.	680.	2.159913
680.	690.	2.082396
690.	700.	2.031305
700.	710.	2.020734
710.	720.	1.957311
720.	730.	2.06654
730.	740.	2.010164
740.	750.	1.934408
750.	760.	1.94674
760.	770.	1.832226
770.	780.	1.837512
780.	790.	1.81637
790.	800.	1.881555
800.	810.	1.885079
810.	820.	1.740615
820.	830.	1.740615
830.	840.	1.726521
840.	850.	1.721236
850.	860.	1.656051
860.	870.	1.597913
870.	880.	1.730044
880.	890.	1.546822
890.	900.	1.506301
900.	910.	1.486922
910.	920.	1.490446
920.	930.	1.449925
930.	940.	1.497493
940.	950.	1.40412
950.	960.	1.395311
960.	970.	1.390026
970.	980.	1.393549
980.	990.	1.349505
990.	1000.	1.342458
1000.	1010.	1.263179
1010.	1020.	1.264941
1020.	1030.	1.291367
1030.	1040.	1.185662
1040.	1050.	1.257894
1050.	1060.	1.127524
1060.	1070.	1.250847
1070.	1080.	1.101098
1080.	1090.	1.104621
1090.	1100.	1.118715
1100.	1110.	1.02358
1110.	1120.	1.007724
1120.	1130.	0.9936304
1130.	1140.	1.079956
1140.	1150.	0.9143514
1150.	1160.	1.004201
1160.	1170.	0.9724893
1170.	1180.	0.9037808
1180.	1190.	1.035913
1190.	1200.	0.8826398
1200.	1210.	0.9125896
1210.	1220.	0.9020191
1220.	1230.	0.9073044
1230.	1240.	0.9689658
1240.	1250.	0.8104078
1250.	1260.	0.7628404
1260.	1270.	0.7575551
1270.	1280.	0.8033607
1280.	1290.	0.7751726
1290.	1300.	0.7663639
1300.	1310.	0.7522698
1310.	1320.	0.6677055
1320.	1330.	0.664182
1330.	1340.	0.6659438
1340.	1350.	0.657135
1350.	1360.	0.7029407
1360.	1370.	0.7082259
1370.	1380.	0.6183764
1380.	1390.	0.5884265
1390.	1400.	0.6448027
1400.	1410.	0.5760942
1410.	1420.	0.584903
1420.	1430.	0.6359939
1430.	1440.	0.5672854
1440.	1450.	0.5408591
1450.	1460.	0.5021005
1460.	1470.	0.5602384
1470.	1480.	0.5831412
1480.	1490.	0.5302886
1490.	1500.	0.512671
1500.	1510.	0.5110927
1510.	1520.	0.5112073
1520.	1530.	0.4674062
1530.	1540.	0.4788725
1540.	1550.	0.466738
1550.	1560.	0.518972
1560.	1570.	0.4487418
1570.	1580.	0.4952653
1580.	1590.	0.4013173
1590.	1600.	0.4250487
1600.	1610.	0.4822843
1610.	1620.	0.4409228
1620.	1630.	0.4474013
1630.	1640.	0.409971
1640.	1650.	0.4350552
1650.	1660.	0.3881564
1660.	1670.	0.4128543
1670.	1680.	0.3825705
1680.	1690.	0.4088103
1690.	1700.	0.3703716
1700.	1710.	0.3926843
1710.	1720.	0.3786276
1720.	1730.	0.3612808
1730.	1740.	0.3311731
1740.	1750.	0.3735757
1750.	1760.	0.3285766
1760.	1770.	0.3521148
1770.	1780.	0.3256958
1780.	1790.	0.3218108
1790.	1800.	0.2995527
1800.	1810.	0.3558677
1810.	1820.	0.3124416
1820.	1830.	0.3005952
1830.	1840.	0.2849558
1840.	1850.	0.3247846
1850.	1860.	0.292898
1860.	1870.	0.2775093
1870.	1880.	0.2972147
1880.	1890.	0.2737012
1890.	1900.	0.2650342
1900.	1910.	0.2579977
1910.	1920.	0.2685258
1920.	1930.	0.2484416
1930.	1940.	0.2574076
1940.	1950.	0.2466417
1950.	1960.	0.2529011
1960.	1970.	0.2407151
1970.	1980.	0.2265892
1980.	1990.	0.2257801
1990.	2000.	0.2239633
2000.	2010.	0.2294706
2010.	2020.	0.2328167
2020.	2030.	0.2121911
2030.	2040.	0.2196405
2040.	2050.	0.2221232
2050.	2060.	0.209792
2060.	2070.	0.2084194
2070.	2080.	0.2078945
2080.	2090.	0.216274
2090.	2100.	0.1909368
2100.	2110.	0.1900373
2110.	2120.	0.1956967
2120.	2130.	0.2145678
2130.	2140.	0.1839819
2140.	2150.	0.1826834
2150.	2160.	0.1790445
2160.	2170.	0.177812
2170.	2180.	0.1751061
2180.	2190.	0.1730456
2190.	2200.	0.1699136
2200.	2210.	0.1727128
2210.	2220.	0.166848
2220.	2230.	0.1673418
2230.	2240.	0.1643455
2240.	2250.	0.164498
2250.	2260.	0.1558144
2260.	2270.	0.1621972
2270.	2280.	0.1543319
2280.	2290.	0.1546203
2290.	2300.	0.1496562
2300.	2310.	0.1529908
2310.	2320.	0.1529159
2320.	2330.	0.1390251
2330.	2340.	0.1555119
2340.	2350.	0.1415455
2350.	2360.	0.1358846
2360.	2370.	0.1360001
2370.	2380.	0.1444871
2380.	2390.	0.1333112
2390.	2400.	0.1301863
2400.	2410.	0.1258141
2410.	2420.	0.125537
2420.	2430.	0.1274203
2430.	2440.	0.1247301
2440.	2450.	0.1258232
2450.	2460.	0.1240539
2460.	2470.	0.1218949
2470.	2480.	0.1159246
2480.	2490.	0.1216016
2490.	2500.	0.1094442
2500.	2510.	0.1090419
2510.	2520.	0.1099737
2520.	2530.	0.1102605
2530.	2540.	0.1063193
2540.	2550.	0.1011038
2550.	2560.	0.1081205
2560.	2570.	0.09831662
2570.	2580.	0.1049387
2580.	2590.	0.09539948
2590.	2600.	0.09869538
2600.	2610.	0.099705
2610.	2620.	0.0988988
2620.	2630.	0.09726663
2630.	2640.	0.09479404
2640.	2650.	0.09106686
2650.	2660.	0.0945132
2660.	2670.	0.09357319
2670.	2680.	0.08750402
2680.	2690.	0.08186137
2690.	2700.	0.08970179
2700.	2710.	0.08203596
2710.	2720.	0.08244845
2720.	2730.	0.08466104
2730.	2740.	0.08371811
2740.	2750.	0.07736579
2750.	2760.	0.08076996
2760.	2770.	0.07785076
2770.	2780.	0.07844939
2780.	2790.	0.07568615
2790.	2800.	0.07743085
2800.	2810.	0.07441523
2810.	2820.	0.07634479
2820.	2830.	0.07560763
2830.	2840.	0.07320195
2840.	2850.	0.07294125
2850.	2860.	0.07469076
2860.	2870.	0.06922929
2870.	2880.	0.06714018
2880.	2890.	0.06694124
2890.	2900.	0.06421745
2900.	2910.	0.06629137
2910.	2920.	0.06533456
2920.	2930.	0.0657435
2930.	2940.	0.06540585
2940.	2950.	0.06426439
2950.	2960.	0.06293674
2960.	2970.	0.06089616
2970.	2980.	0.05885022
2980.	2990.	0.05893711
2990.	3000.	0.05900288
3000.	3010.	0.05563249
3010.	3020.	0.05707171
3020.	3030.	0.06100188
3030.	3040.	0.05558855
3040.	3050.	0.05753672
3050.	3060.	0.05126624
3060.	3070.	0.05207064
3070.	3080.	0.05483313
3080.	3090.	0.05466655
3090.	3100.	0.04978335
3100.	3110.	0.04992979
3110.	3120.	0.04880795
3120.	3130.	0.05251772
3130.	3140.	0.05094312
3140.	3150.	0.04925935
3150.	3160.	0.05079753
3160.	3170.	0.04931393
3170.	3180.	0.04743143
3180.	3190.	0.04750429
3190.	3200.	0.04710345
3200.	3210.	0.04649164
3210.	3220.	0.04697528
3220.	3230.	0.04667203
3230.	3240.	0.04557237
3240.	3250.	0.04440321
3250.	3260.	0.04416592
3260.	3270.	0.04258491
3270.	3280.	0.04268769
3280.	3290.	0.0438112
3290.	3300.	0.04459923
3300.	3310.	0.04255288
3310.	3320.	0.04007657
3320.	3330.	0.03834768
3330.	3340.	0.04037349
3340.	3350.	0.04009151
3350.	3360.	0.03700995
3360.	3370.	0.03898523
3370.	3380.	0.03954521
3380.	3390.	0.0362447
3390.	3400.	0.03909535
3400.	3410.	0.03755858
3410.	3420.	0.03621113
3420.	3430.	0.0366744
3430.	3440.	0.03774176
3440.	3450.	0.03410273
3450.	3460.	0.03290386
3460.	3470.	0.03433265
3470.	3480.	0.03532936
3480.	3490.	0.03406179
3490.	3500.	0.03388686
3500.	3510.	0.03368483
3510.	3520.	0.03201687
3520.	3530.	0.0331389
3530.	3540.	0.0329326
3540.	3550.	0.03127477
3550.	3560.	0.03079577
3560.	3570.	0.02955595
3570.	3580.	0.03042226
3580.	3590.	0.03093019
3590.	3600.	0.03043046
3600.	3610.	0.02944408
3610.	3620.	0.02895593
3620.	3630.	0.02868577
3630.	3640.	0.02824681
3640.	3650.	0.02862819
3650.	3660.	0.02692814
3660.	3670.	0.02781842
3670.	3680.	0.02791594
3680.	3690.	0.02722778
3690.	3700.	0.02674927
3700.	3710.	0.02581142
3710.	3720.	0.02782694
3720.	3730.	0.02613528
3730.	3740.	0.02510085
3740.	3750.	0.02657139
3750.	3760.	0.02522458
3760.	3770.	0.02564202
3770.	3780.	0.02465728
3780.	3790.	0.02391797
3790.	3800.	0.0242505
3800.	3810.	0.02358578
3810.	3820.	0.02298121
3820.	3830.	0.02343353
3830.	3840.	0.02351399
3840.	3850.	0.02255494
3850.	3860.	0.02187882
3860.	3870.	0.02225801
3870.	3880.	0.02170125
3880.	3890.	0.02249208
3890.	3900.	0.02141562
3900.	3910.	0.02115312
3910.	3920.	0.02196411
3920.	3930.	0.02155805
3930.	3940.	0.02031999
3940.	3950.	0.02071012
3950.	3960.	0.02010048
3960.	3970.	0.01949501
3970.	3980.	0.01890314
3980.	3990.	0.01987844
3990.	4000.	0.01922467
4000.	4010.	0.01921942
4010.	4020.	0.01887305
4020.	4030.	0.01823941
4030.	4040.	0.01878541
4040.	4050.	0.01827536
4050.	4060.	0.01853759
4060.	4070.	0.01724741
4070.	4080.	0.01790593
4080.	4090.	0.0173474
4090.	4100.	0.01728752
4100.	4110.	0.01649307
4110.	4120.	0.01680396
4120.	4130.	0.01721777
4130.	4140.	0.01622399
4140.	4150.	0.01626059
4150.	4160.	0.01622888
4160.	4170.	0.01634056
4170.	4180.	0.01558154
4180.	4190.	0.0158399
4190.	4200.	0.01594307
4200.	4210.	0.015273
4210.	4220.	0.01553652
4220.	4230.	0.01494513
4230.	4240.	0.0147299
4240.	4250.	0.0145974
4250.	4260.	0.01490541
4260.	4270.	0.01510965
4270.	4280.	0.01469204
4280.	4290.	0.01447447
4290.	4300.	0.01420487
4300.	4310.	0.01383456
4310.	4320.	0.01366438
4320.	4330.	0.01362425
4330.	4340.	0.01337302
4340.	4350.	0.0141495
4350.	4360.	0.01357888
4360.	4370.	0.01245209
4370.	4380.	0.01261992
4380.	4390.	0.01331706
4390.	4400.	0.01305471
4400.	4410.	0.01268775
4410.	4420.	0.01259226
4420.	4430.	0.01270387
4430.	4440.	0.01249001
4440.	4450.	0.01233721
4450.	4460.	0.01153501
4460.	4470.	0.01248637
4470.	4480.	0.01184626
4480.	4490.	0.01206039
4490.	4500.	0.01164861
4500.	4510.	0.01157092
4510.	4520.	0.01191994
4520.	4530.	0.0116495
4530.	4540.	0.01099918
4540.	4550.	0.01125106
4550.	4560.	0.01153755
4560.	4570.	0.01084491
4570.	4580.	0.0110135
4580.	4590.	0.01058945
4590.	4600.	0.01047453
4600.	4610.	0.01073095
4610.	4620.	0.01021336
4620.	4630.	0.01011437
4630.	4640.	0.01018843
4640.	4650.	0.009668614
4650.	4660.	0.01010564
4660.	4670.	0.009312773
4670.	4680.	0.009334551
4680.	4690.	0.009408728
4690.	4700.	0.009378061
4700.	4710.	0.009247922
4710.	4720.	0.009490271
4720.	4730.	0.009419119
4730.	4740.	0.00917293
4740.	4750.	0.009049317
4750.	4760.	0.009031453
4760.	4770.	0.00886687
4770.	4780.	0.00834325
4780.	4790.	0.008587391
4790.	4800.	0.008977214
4800.	4810.	0.008148419
4810.	4820.	0.008641236
4820.	4830.	0.008166571
4830.	4840.	0.008343827
4840.	4850.	0.007953645
4850.	4860.	0.008322446
4860.	4870.	0.0083111
4870.	4880.	0.007832405
4880.	4890.	0.007795007
4890.	4900.	0.007596939
4900.	4910.	0.007700659
4910.	4920.	0.007542139
4920.	4930.	0.007419472
4930.	4940.	0.007298904
4940.	4950.	0.007718603
4950.	4960.	0.007524731
4960.	4970.	0.007178856
4970.	4980.	0.007128194
4980.	4990.	0.007269743
4990.	5000.	0.006922846
5000.	5010.	0.006955981
5010.	5020.	0.006904316
5020.	5030.	0.006610453
5030.	5040.	0.006966999
5040.	5050.	0.007007978
5050.	5060.	0.006930819
5060.	5070.	0.006674272
5070.	5080.	0.006791091
5080.	5090.	0.006533019
5090.	5100.	0.006749213
5100.	5110.	0.006416887
5110.	5120.	0.006331334
5120.	5130.	0.006088395
5130.	5140.	0.006321646
5140.	5150.	0.006438719
5150.	5160.	0.00615903
5160.	5170.	0.006311184
5170.	5180.	0.005878508
5180.	5190.	0.005940136
5190.	5200.	0.005886496
5200.	5210.	0.005918128
5210.	5220.	0.005536062
5220.	5230.	0.005798688
5230.	5240.	0.005628743
5240.	5250.	0.005604814
5250.	5260.	0.005124632
5260.	5270.	0.005466433
5270.	5280.	0.005634041
5280.	5290.	0.005301941
5290.	5300.	0.005303473
5300.	5310.	0.005062637
5310.	5320.	0.005453403
5320.	5330.	0.005218496
5330.	5340.	0.004995364
5340.	5350.	0.005054102
5350.	5360.	0.00503388
5360.	5370.	0.004894383
5370.	5380.	0.004860605
5380.	5390.	0.005013502
5390.	5400.	0.00498488
5400.	5410.	0.004965116
5410.	5420.	0.004976853
5420.	5430.	0.004749151
5430.	5440.	0.00474017
5440.	5450.	0.004486163
5450.	5460.	0.004542225
5460.	5470.	0.004742386
5470.	5480.	0.004372983
5480.	5490.	0.00450774
5490.	5500.	0.004400471
5500.	5510.	0.004339771
5510.	5520.	0.004253628
5520.	5530.	0.00439897
5530.	5540.	0.004385395
5540.	5550.	0.004259375
5550.	5560.	0.004266783
5560.	5570.	0.00423347
5570.	5580.	0.004009025
5580.	5590.	0.00409691
5590.	5600.	0.004092491
5600.	5610.	0.003896148
5610.	5620.	0.003806604
5620.	5630.	0.003845985
5630.	5640.	0.00391375
5640.	5650.	0.003764854
5650.	5660.	0.003720119
5660.	5670.	0.003721494
5670.	5680.	0.003566438
5680.	5690.	0.003778207
5690.	5700.	0.00360952
5700.	5710.	0.003619493
5710.	5720.	0.003515461
5720.	5730.	0.003580633
5730.	5740.	0.003394271
5740.	5750.	0.003373485
5750.	5760.	0.003515758
5760.	5770.	0.003461925
5770.	5780.	0.003475905
5780.	5790.	0.003365653
5790.	5800.	0.003311896
5800.	5810.	0.003419609
5810.	5820.	0.003329927
5820.	5830.	0.003168215
5830.	5840.	0.003362255
5840.	5850.	0.003163202
5850.	5860.	0.003136321
5860.	5870.	0.00320402
5870.	5880.	0.002960875
5880.	5890.	0.003125258
5890.	5900.	0.003057592
5900.	5910.	0.003081814
5910.	5920.	0.002934066
5920.	5930.	0.002947851
5930.	5940.	0.003023188
5940.	5950.	0.002814408
5950.	5960.	0.002974241
5960.	5970.	0.002842032
5970.	5980.	0.002794648
5980.	5990.	0.002845047
5990.	6000.	0.002921712
6000.	6010.	0.002712148
6010.	6020.	0.002778259
6020.	6030.	0.002735021
6030.	6040.	0.002660584
6040.	6050.	0.002716552
6050.	6060.	0.002578875
6060.	6070.	0.002634669
6070.	6080.	0.002654824
6080.	6090.	0.002482574
6090.	6100.	0.002474914
6100.	6110.	0.002438789
6110.	6120.	0.002522415
6120.	6130.	0.002358981
6130.	6140.	0.002409201
6140.	6150.	0.002478133
6150.	6160.	0.002387037
6160.	6170.	0.002344945
6170.	6180.	0.002412579
6180.	6190.	0.002350251
6190.	6200.	0.00234018
6200.	6210.	0.002306664
6210.	6220.	0.002195692
6220.	6230.	0.002195592
6230.	6240.	0.002247349
6240.	6250.	0.002155108
6250.	6260.	0.002199437
6260.	6270.	0.002033476
6270.	6280.	0.002138312
6280.	6290.	0.002190926
6290.	6300.	0.002105889
6300.	6310.	0.002063709
6310.	6320.	0.002060692
6320.	6330.	0.002115988
6330.	6340.	0.00201004
6340.	6350.	0.002025453
6350.	6360.	0.001923054
6360.	6370.	0.001973786
6370.	6380.	0.001968215
6380.	6390.	0.002000859
6390.	6400.	0.002007436
6400.	6410.	0.00194598
6410.	6420.	0.001865585
6420.	6430.	0.001913475
6430.	6440.	0.001740008
6440.	6450.	0.001869515
6450.	6460.	0.001836107
6460.	6470.	0.001808737
6470.	6480.	0.001838364
6480.	6490.	0.001746216
6490.	6500.	0.001740795
6500.	6510.	0.00178486
6510.	6520.	0.001737027
6520.	6530.	0.001640027
6530.	6540.	0.001690527
6540.	6550.	0.001624243
6550.	6560.	0.001591923
6560.	6570.	0.001583124
6570.	6580.	0.001641818
6580.	6590.	0.001560215
6590.	6600.	0.001561341
6600.	6610.	0.001583531
6610.	6620.	0.001603332
6620.	6630.	0.001529436
6630.	6640.	0.00150335
6640.	6650.	0.001541661
6650.	6660.	0.00150563
6660.	6670.	0.001528788
6670.	6680.	0.001474991
6680.	6690.	0.001474903
6690.	6700.	0.001423209
6700.	6710.	0.001421476
6710.	6720.	0.001403217
6720.	6730.	0.001388982
6730.	6740.	0.001417286
6740.	6750.	0.001383807
6750.	6760.	0.001405879
6760.	6770.	0.001332134
6770.	6780.	0.001376859
6780.	6790.	0.001332339
6790.	6800.	0.00131049
6800.	6810.	0.001324692
6810.	6820.	0.001316819
6820.	6830.	0.001266525
6830.	6840.	0.0013013
6840.	6850.	0.001253494
6850.	6860.	0.001245219
6860.	6870.	0.001240678
6870.	6880.	0.001210696
6880.	6890.	0.001242615
6890.	6900.	0.001213067
6900.	6910.	0.001216254
6910.	6920.	0.001142364
6920.	6930.	0.001164365
6930.	6940.	0.001142704
6940.	6950.	0.001121954
6950.	6960.	0.001062164
6960.	6970.	0.001151687
6970.	6980.	0.001096446
6980.	6990.	0.00117709
6990.	7000.	0.001053767
7000.	7010.	0.001049336
7010.	7020.	0.001076574
7020.	7030.	0.001015759
7030.	7040.	0.001026407
7040.	7050.	0.001056211
7050.	7060.	0.00102115
7060.	7070.	0.00102913
7070.	7080.	0.001023359
7080.	7090.	0.001010846
7090.	7100.	0.000942085
7100.	7110.	0.00103677
7110.	7120.	0.0009985275
7120.	7130.	0.0009871889
7130.	7140.	0.0009260076
7140.	7150.	0.00097345
7150.	7160.	0.0009503714
7160.	7170.	0.0009599745
7170.	7180.	0.0008787574
7180.	7190.	0.0008739275
7190.	7200.	0.0008818073
7200.	7210.	0.0009019478
7210.	7220.	0.0008847332
7220.	7230.	0.000870444
7230.	7240.	0.0008496291
7240.	7250.	0.0008384672
7250.	7260.	0.0008579552
7260.	7270.	0.0008395011
7270.	7280.	0.0008528657
7280.	7290.	0.0008248084
7290.	7300.	0.0008308472
7300.	7310.	0.0007871176
7310.	7320.	0.0007965173
7320.	7330.	0.000804412
7330.	7340.	0.0007700322
7340.	7350.	0.0007935555
7350.	7360.	0.0007707549
7360.	7370.	0.000744497
7370.	7380.	0.0007768904
7380.	7390.	0.0007424074
7390.	7400.	0.0007235214
7400.	7410.	0.0007355102
7410.	7420.	0.0007383275
7420.	7430.	0.0007552946
7430.	7440.	0.0006806973
7440.	7450.	0.0006872309
7450.	7460.	0.0007448635
7460.	7470.	0.0006757191
7470.	7480.	0.0006741197
7480.	7490.	0.0006503306
7490.	7500.	0.0006855652
7500.	7510.	0.0007214502
7510.	7520.	0.0006206778
7520.	7530.	0.0006576071
7530.	7540.	0.0006493571
7540.	7550.	0.0006265064
7550.	7560.	0.0006310306
7560.	7570.	0.0006468462
7570.	7580.	0.0006157956
7580.	7590.	0.0006047585
7590.	7600.	0.0006166969
7600.	7610.	0.0006027002
7610.	7620.	0.0005747291
7620.	7630.	0.0005932777
7630.	7640.	0.000572856
7640.	7650.	0.0005722079
7650.	7660.	0.0005516572
7660.	7670.	0.0005728572
7670.	7680.	0.0005641049
7680.	7690.	0.0005864333
7690.	7700.	0.0005568034
7700.	7710.	0.0005320423
7710.	7720.	0.0005623928
7720.	7730.	0.0005353905
7730.	7740.	0.0005155039
7740.	7750.	0.0005208661
7750.	7760.	0.0005184708
7760.	7770.	0.000490952
7770.	7780.	0.0005057235
7780.	7790.	0.0005197812
7790.	7800.	0.0004658043
7800.	7810.	0.0004734289
7810.	7820.	0.0004878485
7820.	7830.	0.0004810937
7830.	7840.	0.0004757621
7840.	7850.	0.0004623977
7850.	7860.	0.000467106
7860.	7870.	0.0004676162
7870.	7880.	0.0004633446
7880.	7890.	0.0004165369
7890.	7900.	0.0004305091
7900.	7910.	0.0004174171
7910.	7920.	0.000450027
7920.	7930.	0.0004271105
7930.	7940.	0.0004392965
7940.	7950.	0.0004014518
7950.	7960.	0.0004069772
7960.	7970.	0.0004160555
7970.	7980.	0.0003810838
7980.	7990.	0.0003923716
7990.	8000.	0.0003841406
8000.	8010.	0.0003760874
8010.	8020.	0.0004003798
8020.	8030.	0.0003802463
8030.	8040.	0.0003755252
8040.	8050.	0.0003684267
8050.	8060.	0.0003692999
8060.	8070.	0.0003940646
8070.	8080.	0.0003682434
8080.	8090.	0.0003698243
8090.	8100.	0.0003471991
8100.	8110.	0.0003565025
8110.	8120.	0.0003463136
8120.	8130.	0.0003510132
8130.	8140.	0.0003454564
8140.	8150.	0.0003392504
8150.	8160.	0.0003550192
8160.	8170.	0.000340651
8170.	8180.	0.0003381789
8180.	8190.	0.0003113858
8190.	8200.	0.0003438752
8200.	8210.	0.0003306162
8210.	8220.	0.000313969
8220.	8230.	0.0003088623
8230.	8240.	0.00030595
8240.	8250.	0.0003082784
8250.	8260.	0.0003081419
8260.	8270.	0.0003024847
8270.	8280.	0.000286855
8280.	8290.	0.0002789625
8290.	8300.	0.0002755941
8300.	8310.	0.0002800338
8310.	8320.	0.0002813652
8320.	8330.	0.0002736884
8330.	8340.	0.0002544056
8340.	8350.	0.0002766912
8350.	8360.	0.0002704397
8360.	8370.	0.0002753704
8370.	8380.	0.0002724202
8380.	8390.	0.0002649927
8390.	8400.	0.0002624561
8400.	8410.	0.0002526146
8410.	8420.	0.0002457252
8420.	8430.	0.0002587718
8430.	8440.	0.0002506527
8440.	8450.	0.0002410648
8450.	8460.	0.0002291199
8460.	8470.	0.0002376098
8470.	8480.	0.0002267347
8480.	8490.	0.0002293679
8490.	8500.	0.0002334559
8500.	8510.	0.0002320927
8510.	8520.	0.0002256342
8520.	8530.	0.0002142196
8530.	8540.	0.0002132503
8540.	8550.	0.0002222961
8550.	8560.	0.0001988021
8560.	8570.	0.0002075033
8570.	8580.	0.0002170014
8580.	8590.	0.0001953709
8590.	8600.	0.0001956305
8600.	8610.	0.0001888532
8610.	8620.	0.0002069269
8620.	8630.	0.0002015311
8630.	8640.	0.000192268
8640.	8650.	0.0001997597
8650.	8660.	0.0001906198
8660.	8670.	0.0001772113
8670.	8680.	0.0001832589
8680.	8690.	0.0001765396
8690.	8700.	0.0001711956
8700.	8710.	0.0001718279
8710.	8720.	0.0001607127
8720.	8730.	0.000167755
8730.	8740.	0.0001696825
8740.	8750.	0.0001776134
8750.	8760.	0.0001758218
8760.	8770.	0.0001657698
8770.	8780.	0.0001535061
8780.	8790.	0.0001610724
8790.	8800.	0.0001667744
8800.	8810.	0.0001622837
8810.	8820.	0.0001427817
8820.	8830.	0.0001616931
8830.	8840.	0.000147866
8840.	8850.	0.0001507391
8850.	8860.	0.0001540863
8860.	8870.	0.0001568863
8870.	8880.	0.000143839
8880.	8890.	0.000125393
8890.	8900.	0.0001290108
8900.	8910.	0.0001328207
8910.	8920.	0.0001375585
8920.	8930.	0.0001379621
8930.	8940.	0.0001353244
8940.	8950.	0.0001287201
8950.	8960.	0.0001240675
8960.	8970.	0.0001229012
8970.	8980.	0.0001297898
8980.	8990.	0.0001249812
8990.	9000.	0.0001231467
9000.	9010.	0.0001152147
9010.	9020.	0.0001208833
9020.	9030.	0.0001166309
9030.	9040.	0.0001115393
9040.	9050.	0.0001140109
9050.	9060.	0.0001151641
9060.	9070.	0.0001077455
9070.	9080.	0.0001026031
9080.	9090.	0.0001074455
9090.	9100.	0.00009845372
9100.	9110.	0.00009405828
9110.	9120.	0.00009079214
9120.	9130.	0.00009537505
9130.	9140.	0.0001089435
9140.	9150.	0.00009412693
9150.	9160.	0.00008674369
9160.	9170.	0.00008937351
9170.	9180.	0.00008786224
9180.	9190.	0.00008757471
9190.	9200.	0.00008732198
9200.	9210.	0.00007998559
9210.	9220.	0.00008416295
9220.	9230.	0.00008572254
9230.	9240.	0.00008583784
9240.	9250.	0.00008536839
9250.	9260.	0.00008354576
9260.	9270.	0.00008425978
9270.	9280.	0.00007367067
9280.	9290.	0.00008181244
9290.	9300.	0.00007945179
9300.	9310.	0.00007614449
9310.	9320.	0.0000717345
9320.	9330.	0.00007836409
9330.	9340.	0.00006472782
9340.	9350.	0.00007396321
9350.	9360.	0.00006908549
9360.	9370.	0.00006630625
9370.	9380.	0.00005966204
9380.	9390.	0.00006816871
9390.	9400.	0.00006032658
9400.	9410.	0.00006054489
9410.	9420.	0.00006275662
9420.	9430.	0.00005468037
9430.	9440.	0.00005635895
9440.	9450.	0.00006087546
9450.	9460.	0.00005434541
9460.	9470.	0.0000595294
9470.	9480.	0.00005623387
9480.	9490.	0.00005646827
9490.	9500.	0.00004645797
9500.	9510.	0.00004983861
9510.	9520.	0.00005369461
9520.	9530.	0.00004300269
9530.	9540.	0.0000414214
9540.	9550.	0.00004407529
9550.	9560.	0.00004333373
9560.	9570.	0.00004110552
9570.	9580.	0.00003706747
9580.	9590.	0.00004018385
9590.	9600.	0.00004030326
9600.	9610.	0.00003894414
9610.	9620.	0.00004004883
9620.	9630.	0.00003433352
9630.	9640.	0.00003625745
9640.	9650.	0.00003590185
9650.	9660.	0.00002981986
9660.	9670.	0.00003664238
9670.	9680.	0.0000296703
9680.	9690.	0.0000301464
9690.	9700.	0.00002874272
9700.	9710.	0.00002921575
9710.	9720.	0.00002906596
9720.	9730.	0.00002737722
9730.	9740.	0.00002800794
9740.	9750.	0.0000260319
9750.	9760.	0.00002226534
9760.	9770.	0.00002139426
9770.	9780.	0.00002098506
9780.	9790.	0.0000210251
9790.	9800.	0.00001988455
9800.	9810.	0.00001816046
9810.	9820.	0.00001630244
9820.	9830.	0.00001812253
9830.	9840.	0.00001526216
9840.	9850.	0.0000143172
9850.	9860.	0.00001597829
9860.	9870.	0.00001246269
9870.	9880.	0.00001524576
9880.	9890.	0.0000107738
9890.	9900.	0.00001184949
9900.	9910.	0.00001038347
9910.	9920.	0.00001144917
9920.	9930.	8.890734e-6
9930.	9940.	8.154476e-6
9940.	9950.	5.775247e-6
9950.	9960.	4.380496e-6
9960.	9970.	3.811605e-6
9970.	9980.	2.845924e-6
9980.	9990.	1.483417e-6
9990.	10000.	6.710064e-7
10000.	10010.	0.