-10.	0.	0.
0.	10.	0.
10.	20.	0.
20.	30.	0.
30.	40.	0.
40.	50.	0.
50.	60.	0.
60.	70.	0.
70.	80.	0.
80.	90.	0.
90.	100.	0.
100.	110.	0.
110.	120.	0.
120.	130.	0.
130.	140.	0.
140.	150.	0.
150.	160.	0.
160.	170.	0.
170.	180.	0.
180.	190.	0.
190.	200.	0.
200.	210.	0.
210.	220.	0.
220.	230.	0.
230.	240.	0.
240.	250.	0.
250.	260.	0.
260.	270.	0.
270.	280.	0.
280.	290.	0.
290.	300.	0.
300.	310.	0.
310.	320.	0.
320.	330.	0.
330.	340.	0.
340.	350.	0.
350.	360.	0.
360.	370.	0.
370.	380.	0.
380.	390.	0.
390.	400.	0.
400.	410.	0.
410.	420.	0.
420.	430.	0.
430.	440.	0.
440.	450.	0.
450.	460.	0.
460.	470.	0.
470.	480.	0.
480.	490.	0.
490.	500.	0.
500.	510.	0.7186306
510.	520.	0.7785165
520.	530.	0.9289276
530.	540.	1.089087
540.	550.	1.168471
550.	560.	1.257604
560.	570.	1.321668
570.	580.	1.433083
580.	590.	1.385732
590.	600.	1.366234
600.	610.	1.563996
610.	620.	1.541713
620.	630.	1.55564
630.	640.	1.651736
640.	650.	1.561211
650.	660.	1.618312
660.	670.	1.60717
670.	680.	1.609955
680.	690.	1.612741
690.	700.	1.664271
700.	710.	1.530572
710.	720.	1.522216
720.	730.	1.57096
730.	740.	1.484613
740.	750.	1.44701
750.	760.	1.563996
760.	770.	1.46233
770.	780.	1.506896
780.	790.	1.399658
790.	800.	1.403837
800.	810.	1.540321
810.	820.	1.428905
820.	830.	1.360663
830.	840.	1.23532
840.	850.	1.364841
850.	860.	1.242284
860.	870.	1.25064
870.	880.	1.256211
880.	890.	1.260389
890.	900.	1.267352
900.	910.	1.192147
910.	920.	1.079339
920.	930.	1.15733
930.	940.	1.097444
940.	950.	1.151759
950.	960.	1.079339
960.	970.	1.076553
970.	980.	1.052877
980.	990.	1.091873
990.	1000.	1.09048
1000.	1010.	0.9734938
1010.	1020.	0.9386764
1020.	1030.	0.935891
1030.	1040.	0.9303203
1040.	1050.	0.9344983
1050.	1060.	0.8843613
1060.	1070.	0.803585
1070.	1080.	0.8787905
1080.	1090.	0.8467586
1090.	1100.	0.8885394
1100.	1110.	0.8328316
1110.	1120.	0.8370097
1120.	1130.	0.803585
1130.	1140.	0.7116671
1140.	1150.	0.7339503
1150.	1160.	0.7743384
1160.	1170.	0.7506626
1170.	1180.	0.7172379
1180.	1190.	0.6810279
1190.	1200.	0.7868727
1200.	1210.	0.6657082
1210.	1220.	0.7506626
1220.	1230.	0.7019183
1230.	1240.	0.639247
1240.	1250.	0.6796352
1250.	1260.	0.6253201
1260.	1270.	0.6559593
1270.	1280.	0.6127858
1280.	1290.	0.6002515
1290.	1300.	0.5807538
1300.	1310.	0.6044296
1310.	1320.	0.6225347
1320.	1330.	0.575183
1330.	1340.	0.5863246
1340.	1350.	0.5431511
1350.	1360.	0.5334022
1360.	1370.	0.4957994
1370.	1380.	0.5180825
1380.	1390.	0.5013702
1390.	1400.	0.4888359
1400.	1410.	0.4707309
1410.	1420.	0.4359135
1420.	1430.	0.4595894
1430.	1440.	0.4916213
1440.	1450.	0.456804
1450.	1460.	0.4331281
1460.	1470.	0.4456624
1470.	1480.	0.4317355
1480.	1490.	0.3815984
1490.	1500.	0.3732423
1500.	1510.	0.41628
1510.	1520.	0.3868656
1520.	1530.	0.3769905
1530.	1540.	0.4167459
1540.	1550.	0.4216322
1550.	1560.	0.3382983
1560.	1570.	0.3547642
1570.	1580.	0.3893721
1580.	1590.	0.3794879
1590.	1600.	0.3881395
1600.	1610.	0.3613571
1610.	1620.	0.3263059
1620.	1630.	0.2997228
1630.	1640.	0.3196615
1640.	1650.	0.3222828
1650.	1660.	0.3200333
1660.	1670.	0.3006959
1670.	1680.	0.2936757
1680.	1690.	0.2896648
1690.	1700.	0.2941825
1700.	1710.	0.2907146
1710.	1720.	0.270825
1720.	1730.	0.2674513
1730.	1740.	0.2704801
1740.	1750.	0.26947
1750.	1760.	0.2705895
1760.	1770.	0.2721769
1770.	1780.	0.2504452
1780.	1790.	0.2515382
1790.	1800.	0.2598819
1800.	1810.	0.253358
1810.	1820.	0.2356533
1820.	1830.	0.2370917
1830.	1840.	0.2551746
1840.	1850.	0.2314981
1850.	1860.	0.2272726
1860.	1870.	0.2384733
1870.	1880.	0.2336237
1880.	1890.	0.2164208
1890.	1900.	0.2219831
1900.	1910.	0.2074553
1910.	1920.	0.2128426
1920.	1930.	0.1924277
1930.	1940.	0.1987341
1940.	1950.	0.201731
1950.	1960.	0.1811724
1960.	1970.	0.1989028
1970.	1980.	0.1798206
1980.	1990.	0.176062
1990.	2000.	0.1878312
2000.	2010.	0.1807825
2010.	2020.	0.1758312
2020.	2030.	0.1833242
2030.	2040.	0.1702152
2040.	2050.	0.177419
2050.	2060.	0.1621838
2060.	2070.	0.1726397
2070.	2080.	0.1682814
2080.	2090.	0.1597118
2090.	2100.	0.156978
2100.	2110.	0.1614577
2110.	2120.	0.144201
2120.	2130.	0.1669773
2130.	2140.	0.1611623
2140.	2150.	0.1525228
2150.	2160.	0.1497267
2160.	2170.	0.1360449
2170.	2180.	0.1336408
2180.	2190.	0.1457123
2190.	2200.	0.1419284
2200.	2210.	0.1314635
2210.	2220.	0.1322855
2220.	2230.	0.1359258
2230.	2240.	0.1324889
2240.	2250.	0.1246852
2250.	2260.	0.131613
2260.	2270.	0.1219027
2270.	2280.	0.1230532
2280.	2290.	0.1281791
2290.	2300.	0.1202793
2300.	2310.	0.1244869
2310.	2320.	0.1108639
2320.	2330.	0.110096
2330.	2340.	0.1165486
2340.	2350.	0.1111369
2350.	2360.	0.1175661
2360.	2370.	0.1123748
2370.	2380.	0.1085889
2380.	2390.	0.1097873
2390.	2400.	0.09972119
2400.	2410.	0.1022606
2410.	2420.	0.09226942
2420.	2430.	0.1045615
2430.	2440.	0.1019209
2440.	2450.	0.1002321
2450.	2460.	0.0939143
2460.	2470.	0.09576761
2470.	2480.	0.09156022
2480.	2490.	0.09317391
2490.	2500.	0.09262367
2500.	2510.	0.08591143
2510.	2520.	0.09280141
2520.	2530.	0.0899808
2530.	2540.	0.08991455
2540.	2550.	0.0836066
2550.	2560.	0.08305542
2560.	2570.	0.08345871
2570.	2580.	0.07928284
2580.	2590.	0.07926764
2590.	2600.	0.07989539
2600.	2610.	0.07661512
2610.	2620.	0.08042189
2620.	2630.	0.07883212
2630.	2640.	0.07575989
2640.	2650.	0.07442763
2650.	2660.	0.07529276
2660.	2670.	0.07080529
2670.	2680.	0.06834035
2680.	2690.	0.06880456
2690.	2700.	0.06651656
2700.	2710.	0.07127952
2710.	2720.	0.07039023
2720.	2730.	0.06588501
2730.	2740.	0.06592699
2740.	2750.	0.06677649
2750.	2760.	0.06950984
2760.	2770.	0.06492094
2770.	2780.	0.05970815
2780.	2790.	0.06400227
2790.	2800.	0.06002775
2800.	2810.	0.0606032
2810.	2820.	0.05544955
2820.	2830.	0.05829585
2830.	2840.	0.05670249
2840.	2850.	0.05871685
2850.	2860.	0.05882988
2860.	2870.	0.05555984
2870.	2880.	0.05599824
2880.	2890.	0.0560346
2890.	2900.	0.05679683
2900.	2910.	0.05248436
2910.	2920.	0.05365669
2920.	2930.	0.05418461
2930.	2940.	0.04981216
2940.	2950.	0.04916706
2950.	2960.	0.05096948
2960.	2970.	0.04873752
2970.	2980.	0.04933721
2980.	2990.	0.04828307
2990.	3000.	0.04955424
3000.	3010.	0.04790054
3010.	3020.	0.04676685
3020.	3030.	0.04587974
3030.	3040.	0.04574888
3040.	3050.	0.04544235
3050.	3060.	0.04526959
3060.	3070.	0.04555419
3070.	3080.	0.04292888
3080.	3090.	0.0427293
3090.	3100.	0.0418877
3100.	3110.	0.04049975
3110.	3120.	0.04139302
3120.	3130.	0.04346472
3130.	3140.	0.04121576
3140.	3150.	0.03977528
3150.	3160.	0.04083566
3160.	3170.	0.03846436
3170.	3180.	0.03727247
3180.	3190.	0.03743087
3190.	3200.	0.03656352
3200.	3210.	0.03855908
3210.	3220.	0.03623519
3220.	3230.	0.03747614
3230.	3240.	0.03409123
3240.	3250.	0.0349718
3250.	3260.	0.03368324
3260.	3270.	0.03405524
3270.	3280.	0.03429782
3280.	3290.	0.03442011
3290.	3300.	0.03226898
3300.	3310.	0.03244521
3310.	3320.	0.03212733
3320.	3330.	0.03193043
3330.	3340.	0.03221973
3340.	3350.	0.0320455
3350.	3360.	0.03179174
3360.	3370.	0.03169633
3370.	3380.	0.03025849
3380.	3390.	0.02992939
3390.	3400.	0.02931328
3400.	3410.	0.02911348
3410.	3420.	0.02930663
3420.	3430.	0.02878828
3430.	3440.	0.02774904
3440.	3450.	0.0280938
3450.	3460.	0.02848016
3460.	3470.	0.02591094
3470.	3480.	0.0260874
3480.	3490.	0.02726044
3490.	3500.	0.02770301
3500.	3510.	0.02538811
3510.	3520.	0.02623476
3520.	3530.	0.02514278
3530.	3540.	0.02515119
3540.	3550.	0.02457918
3550.	3560.	0.02469931
3560.	3570.	0.0250524
3570.	3580.	0.02444769
3580.	3590.	0.0239007
3590.	3600.	0.02406083
3600.	3610.	0.02249171
3610.	3620.	0.02295306
3620.	3630.	0.02263622
3630.	3640.	0.02291363
3640.	3650.	0.02296124
3650.	3660.	0.02193439
3660.	3670.	0.02112921
3670.	3680.	0.0211744
3680.	3690.	0.02207148
3690.	3700.	0.02191064
3700.	3710.	0.02087134
3710.	3720.	0.02103103
3720.	3730.	0.02067047
3730.	3740.	0.02050078
3740.	3750.	0.01994596
3750.	3760.	0.02067109
3760.	3770.	0.01929104
3770.	3780.	0.01974144
3780.	3790.	0.01997063
3790.	3800.	0.01807003
3800.	3810.	0.01900189
3810.	3820.	0.01784912
3820.	3830.	0.0185996
3830.	3840.	0.01813025
3840.	3850.	0.01796994
3850.	3860.	0.01820831
3860.	3870.	0.01720321
3870.	3880.	0.01747809
3880.	3890.	0.01785454
3890.	3900.	0.01730458
3900.	3910.	0.01801693
3910.	3920.	0.01708742
3920.	3930.	0.01746205
3930.	3940.	0.01700407
3940.	3950.	0.01609361
3950.	3960.	0.0165669
3960.	3970.	0.01578899
3970.	3980.	0.01550672
3980.	3990.	0.0158896
3990.	4000.	0.0154972
4000.	4010.	0.01489047
4010.	4020.	0.01453596
4020.	4030.	0.01472757
4030.	4040.	0.01497932
4040.	4050.	0.01541312
4050.	4060.	0.01488239
4060.	4070.	0.01476997
4070.	4080.	0.01422085
4080.	4090.	0.01417769
4090.	4100.	0.01393258
4100.	4110.	0.01379052
4110.	4120.	0.01401083
4120.	4130.	0.013159
4130.	4140.	0.01286593
4140.	4150.	0.01307537
4150.	4160.	0.0128107
4160.	4170.	0.01283506
4170.	4180.	0.01257974
4180.	4190.	0.01298203
4190.	4200.	0.01252742
4200.	4210.	0.01315875
4210.	4220.	0.01246437
4220.	4230.	0.01190175
4230.	4240.	0.01230395
4240.	4250.	0.0112329
4250.	4260.	0.01179932
4260.	4270.	0.01177396
4270.	4280.	0.01141314
4280.	4290.	0.01008713
4290.	4300.	0.01113021
4300.	4310.	0.01074972
4310.	4320.	0.010696
4320.	4330.	0.01101951
4330.	4340.	0.01040999
4340.	4350.	0.01070121
4350.	4360.	0.01082834
4360.	4370.	0.01012593
4370.	4380.	0.01086187
4380.	4390.	0.01018952
4390.	4400.	0.01009279
4400.	4410.	0.009871113
4410.	4420.	0.01003662
4420.	4430.	0.009911244
4430.	4440.	0.01041019
4440.	4450.	0.009830496
4450.	4460.	0.009564442
4460.	4470.	0.009487055
4470.	4480.	0.009618041
4480.	4490.	0.009290697
4490.	4500.	0.009053596
4500.	4510.	0.009006985
4510.	4520.	0.009598089
4520.	4530.	0.009253955
4530.	4540.	0.008959176
4540.	4550.	0.008616199
4550.	4560.	0.008947291
4560.	4570.	0.008785254
4570.	4580.	0.008628093
4580.	4590.	0.008455999
4590.	4600.	0.008235673
4600.	4610.	0.008247753
4610.	4620.	0.008477179
4620.	4630.	0.008575215
4630.	4640.	0.008161444
4640.	4650.	0.008040395
4650.	4660.	0.007944148
4660.	4670.	0.007951139
4670.	4680.	0.007966567
4680.	4690.	0.007871569
4690.	4700.	0.007861889
4700.	4710.	0.007650883
4710.	4720.	0.007524694
4720.	4730.	0.007076708
4730.	4740.	0.007492091
4740.	4750.	0.007276929
4750.	4760.	0.007009402
4760.	4770.	0.006962056
4770.	4780.	0.007196134
4780.	4790.	0.007201316
4790.	4800.	0.006603766
4800.	4810.	0.007361881
4810.	4820.	0.00672199
4820.	4830.	0.006547362
4830.	4840.	0.006655316
4840.	4850.	0.006378276
4850.	4860.	0.006429663
4860.	4870.	0.006636064
4870.	4880.	0.006222518
4880.	4890.	0.006215391
4890.	4900.	0.005848323
4900.	4910.	0.006178814
4910.	4920.	0.005877691
4920.	4930.	0.006051762
4930.	4940.	0.006076288
4940.	4950.	0.005876936
4950.	4960.	0.005775635
4960.	4970.	0.005906549
4970.	4980.	0.005756862
4980.	4990.	0.005812254
4990.	5000.	0.005707792
5000.	5010.	0.00567111
5010.	5020.	0.005830616
5020.	5030.	0.005492001
5030.	5040.	0.005369893
5040.	5050.	0.005439859
5050.	5060.	0.005321912
5060.	5070.	0.005539542
5070.	5080.	0.005199122
5080.	5090.	0.005343846
5090.	5100.	0.00534147
5100.	5110.	0.005124546
5110.	5120.	0.00500592
5120.	5130.	0.004902501
5130.	5140.	0.005094886
5140.	5150.	0.004766806
5150.	5160.	0.004935698
5160.	5170.	0.004825021
5170.	5180.	0.004645027
5180.	5190.	0.004659173
5190.	5200.	0.004408282
5200.	5210.	0.00449248
5210.	5220.	0.004581699
5220.	5230.	0.00440465
5230.	5240.	0.004425132
5240.	5250.	0.004523802
5250.	5260.	0.00460289
5260.	5270.	0.004276425
5270.	5280.	0.004293237
5280.	5290.	0.004308834
5290.	5300.	0.0045098
5300.	5310.	0.004299389
5310.	5320.	0.004191558
5320.	5330.	0.004046102
5330.	5340.	0.004142741
5340.	5350.	0.004000262
5350.	5360.	0.003871617
5360.	5370.	0.00387628
5370.	5380.	0.003872949
5380.	5390.	0.003787599
5390.	5400.	0.003873525
5400.	5410.	0.003782799
5410.	5420.	0.003766575
5420.	5430.	0.003717783
5430.	5440.	0.003650897
5440.	5450.	0.003818158
5450.	5460.	0.003647475
5460.	5470.	0.003610457
5470.	5480.	0.003579321
5480.	5490.	0.003514864
5490.	5500.	0.003407172
5500.	5510.	0.003457797
5510.	5520.	0.003420196
5520.	5530.	0.003346228
5530.	5540.	0.003305841
5540.	5550.	0.003355197
5550.	5560.	0.003385482
5560.	5570.	0.003233998
5570.	5580.	0.003442461
5580.	5590.	0.003327832
5590.	5600.	0.003281187
5600.	5610.	0.003211839
5610.	5620.	0.003188856
5620.	5630.	0.002993626
5630.	5640.	0.003143862
5640.	5650.	0.003072268
5650.	5660.	0.003055713
5660.	5670.	0.003040037
5670.	5680.	0.003002142
5680.	5690.	0.002902945
5690.	5700.	0.002934293
5700.	5710.	0.002892885
5710.	5720.	0.002903944
5720.	5730.	0.002921724
5730.	5740.	0.002845169
5740.	5750.	0.002861141
5750.	5760.	0.002764072
5760.	5770.	0.002637328
5770.	5780.	0.002698938
5780.	5790.	0.002615168
5790.	5800.	0.002694443
5800.	5810.	0.002706375
5810.	5820.	0.002581629
5820.	5830.	0.002592592
5830.	5840.	0.002493755
5840.	5850.	0.002570175
5850.	5860.	0.002579119
5860.	5870.	0.002572442
5870.	5880.	0.002414442
5880.	5890.	0.002470936
5890.	5900.	0.002471952
5900.	5910.	0.002460158
5910.	5920.	0.002436596
5920.	5930.	0.002339081
5930.	5940.	0.002305055
5940.	5950.	0.002311173
5950.	5960.	0.002292125
5960.	5970.	0.002174656
5970.	5980.	0.002308083
5980.	5990.	0.002225638
5990.	6000.	0.0022069
6000.	6010.	0.002096643
6010.	6020.	0.002131703
6020.	6030.	0.002236704
6030.	6040.	0.002086043
6040.	6050.	0.00219975
6050.	6060.	0.002081571
6060.	6070.	0.002016863
6070.	6080.	0.002125513
6080.	6090.	0.002022095
6090.	6100.	0.002017931
6100.	6110.	0.001956512
6110.	6120.	0.002033486
6120.	6130.	0.001972752
6130.	6140.	0.001861983
6140.	6150.	0.001932844
6150.	6160.	0.001777795
6160.	6170.	0.001895202
6170.	6180.	0.001807122
6180.	6190.	0.001759767
6190.	6200.	0.001754817
6200.	6210.	0.001843098
6210.	6220.	0.001785005
6220.	6230.	0.001715289
6230.	6240.	0.001846317
6240.	6250.	0.001725793
6250.	6260.	0.001758435
6260.	6270.	0.001673395
6270.	6280.	0.001750177
6280.	6290.	0.00167252
6290.	6300.	0.001712941
6300.	6310.	0.001702554
6310.	6320.	0.001593114
6320.	6330.	0.001630865
6330.	6340.	0.001616049
6340.	6350.	0.001588919
6350.	6360.	0.001550759
6360.	6370.	0.001609584
6370.	6380.	0.001530768
6380.	6390.	0.00155557
6390.	6400.	0.001533738
6400.	6410.	0.001440423
6410.	6420.	0.001490407
6420.	6430.	0.001473063
6430.	6440.	0.001451126
6440.	6450.	0.001446629
6450.	6460.	0.001421239
6460.	6470.	0.001367268
6470.	6480.	0.001382603
6480.	6490.	0.001403234
6490.	6500.	0.001462143
6500.	6510.	0.001393852
6510.	6520.	0.001378453
6520.	6530.	0.001334902
6530.	6540.	0.001338297
6540.	6550.	0.001304164
6550.	6560.	0.001289736
6560.	6570.	0.001267966
6570.	6580.	0.001295371
6580.	6590.	0.00125739
6590.	6600.	0.001226698
6600.	6610.	0.001236648
6610.	6620.	0.001254185
6620.	6630.	0.001212302
6630.	6640.	0.001247693
6640.	6650.	0.001177895
6650.	6660.	0.001152146
6660.	6670.	0.001140222
6670.	6680.	0.001152385
6680.	6690.	0.001223111
6690.	6700.	0.001157324
6700.	6710.	0.001153448
6710.	6720.	0.001139411
6720.	6730.	0.001070294
6730.	6740.	0.001150164
6740.	6750.	0.0010863
6750.	6760.	0.001042326
6760.	6770.	0.001097136
6770.	6780.	0.001038842
6780.	6790.	0.001033391
6790.	6800.	0.001003966
6800.	6810.	0.001021914
6810.	6820.	0.001036632
6820.	6830.	0.001003343
6830.	6840.	0.00097767
6840.	6850.	0.0009698419
6850.	6860.	0.001006155
6860.	6870.	0.0009584677
6870.	6880.	0.0009295391
6880.	6890.	0.0009269882
6890.	6900.	0.0009331371
6900.	6910.	0.0009088186
6910.	6920.	0.0009016796
6920.	6930.	0.0008892094
6930.	6940.	0.0008722459
6940.	6950.	0.0008588053
6950.	6960.	0.0009144639
6960.	6970.	0.0008755434
6970.	6980.	0.0008750761
6980.	6990.	0.0008949056
6990.	7000.	0.0008469313
7000.	7010.	0.0008690833
7010.	7020.	0.0007975175
7020.	7030.	0.0008745991
7030.	7040.	0.0008107626
7040.	7050.	0.0008061326
7050.	7060.	0.0008289999
7060.	7070.	0.0007859281
7070.	7080.	0.0007808688
7080.	7090.	0.0008146122
7090.	7100.	0.0007641287
7100.	7110.	0.0007832774
7110.	7120.	0.0007673418
7120.	7130.	0.0007826968
7130.	7140.	0.0007109433
7140.	7150.	0.0007428244
7150.	7160.	0.0007139973
7160.	7170.	0.0007600451
7170.	7180.	0.0007635736
7180.	7190.	0.0007113809
7190.	7200.	0.0007036745
7200.	7210.	0.0007059561
7210.	7220.	0.0007258031
7220.	7230.	0.0007052843
7230.	7240.	0.0006850421
7240.	7250.	0.0006876653
7250.	7260.	0.0006614447
7260.	7270.	0.0006574095
7270.	7280.	0.0006424591
7280.	7290.	0.0006303587
7290.	7300.	0.0006460932
7300.	7310.	0.0006289279
7310.	7320.	0.0006322124
7320.	7330.	0.0006509716
7330.	7340.	0.000609128
7340.	7350.	0.0006030287
7350.	7360.	0.0005965065
7360.	7370.	0.0006027165
7370.	7380.	0.0005613584
7380.	7390.	0.0006012933
7390.	7400.	0.0005757895
7400.	7410.	0.0005851723
7410.	7420.	0.0005836657
7420.	7430.	0.0005557935
7430.	7440.	0.0005613895
7440.	7450.	0.0005788326
7450.	7460.	0.0005553285
7460.	7470.	0.0005451602
7470.	7480.	0.000510279
7480.	7490.	0.0005284929
7490.	7500.	0.0005053369
7500.	7510.	0.0005227788
7510.	7520.	0.0005145094
7520.	7530.	0.0005216053
7530.	7540.	0.0004889808
7540.	7550.	0.000509035
7550.	7560.	0.0004936889
7560.	7570.	0.0005143449
7570.	7580.	0.0004673072
7580.	7590.	0.0004769176
7590.	7600.	0.0004900885
7600.	7610.	0.0004726414
7610.	7620.	0.0004641968
7620.	7630.	0.0004415018
7630.	7640.	0.0004447112
7640.	7650.	0.0004454994
7650.	7660.	0.0004474042
7660.	7670.	0.0004424902
7670.	7680.	0.0004233667
7680.	7690.	0.0004347639
7690.	7700.	0.0004452844
7700.	7710.	0.000439672
7710.	7720.	0.000427935
7720.	7730.	0.0004166757
7730.	7740.	0.0003957087
7740.	7750.	0.0004022311
7750.	7760.	0.0004053132
7760.	7770.	0.0003900103
7770.	7780.	0.00038787
7780.	7790.	0.0003905789
7790.	7800.	0.0003932276
7800.	7810.	0.000391808
7810.	7820.	0.0003769256
7820.	7830.	0.000372039
7830.	7840.	0.0003663937
7840.	7850.	0.0003633676
7850.	7860.	0.0003525754
7860.	7870.	0.0003521354
7870.	7880.	0.0003558257
7880.	7890.	0.0003528668
7890.	7900.	0.0003603092
7900.	7910.	0.0003275451
7910.	7920.	0.000323742
7920.	7930.	0.0003274944
7930.	7940.	0.0003254304
7940.	7950.	0.0003491153
7950.	7960.	0.0003293211
7960.	7970.	0.0003134238
7970.	7980.	0.0003415995
7980.	7990.	0.0003209155
7990.	8000.	0.000329279
8000.	8010.	0.0003149859
8010.	8020.	0.0003040775
8020.	8030.	0.0003043822
8030.	8040.	0.0003088442
8040.	8050.	0.0002889983
8050.	8060.	0.0003019066
8060.	8070.	0.0002950679
8070.	8080.	0.0002987979
8080.	8090.	0.0002871431
8090.	8100.	0.0002619714
8100.	8110.	0.0002851324
8110.	8120.	0.0002764617
8120.	8130.	0.0002640146
8130.	8140.	0.0002817134
8140.	8150.	0.0002699349
8150.	8160.	0.000266249
8160.	8170.	0.0002704597
8170.	8180.	0.0002714078
8180.	8190.	0.0002424087
8190.	8200.	0.0002618155
8200.	8210.	0.0002406143
8210.	8220.	0.0002518435
8220.	8230.	0.0002559418
8230.	8240.	0.0002460125
8240.	8250.	0.0002284148
8250.	8260.	0.0002245592
8260.	8270.	0.000232548
8270.	8280.	0.0002243262
8280.	8290.	0.0002183892
8290.	8300.	0.000212478
8300.	8310.	0.0002184165
8310.	8320.	0.0002131113
8320.	8330.	0.0002097178
8330.	8340.	0.0002134957
8340.	8350.	0.0002067059
8350.	8360.	0.0002143105
8360.	8370.	0.0002114879
8370.	8380.	0.0002063726
8380.	8390.	0.0002066736
8390.	8400.	0.0002112956
8400.	8410.	0.0001926257
8410.	8420.	0.0002055242
8420.	8430.	0.0001998457
8430.	8440.	0.0001919592
8440.	8450.	0.0001824328
8450.	8460.	0.0001926147
8460.	8470.	0.000182247
8470.	8480.	0.0001773014
8480.	8490.	0.0001726557
8490.	8500.	0.0001835839
8500.	8510.	0.0001675467
8510.	8520.	0.0001675034
8520.	8530.	0.0001684152
8530.	8540.	0.0001653173
8540.	8550.	0.0001604233
8550.	8560.	0.0001687266
8560.	8570.	0.0001560142
8570.	8580.	0.0001478202
8580.	8590.	0.000161717
8590.	8600.	0.000159611
8600.	8610.	0.000155134
8610.	8620.	0.0001528852
8620.	8630.	0.0001584159
8630.	8640.	0.0001519897
8640.	8650.	0.0001522195
8650.	8660.	0.0001522197
8660.	8670.	0.0001400873
8670.	8680.	0.0001433596
8680.	8690.	0.0001419015
8690.	8700.	0.0001321602
8700.	8710.	0.0001258808
8710.	8720.	0.0001325339
8720.	8730.	0.0001259151
8730.	8740.	0.0001216667
8740.	8750.	0.0001242805
8750.	8760.	0.0001299494
8760.	8770.	0.0001275679
8770.	8780.	0.0001264192
8780.	8790.	0.000135821
8790.	8800.	0.000113147
8800.	8810.	0.0001232973
8810.	8820.	0.0001253881
8820.	8830.	0.0001209147
8830.	8840.	0.0001161159
8840.	8850.	0.0001068598
8850.	8860.	0.0001122936
8860.	8870.	0.000104492
8870.	8880.	0.0001048745
8880.	8890.	0.0001138299
8890.	8900.	0.0001088413
8900.	8910.	0.00009536337
8910.	8920.	0.00009502005
8920.	8930.	0.00009598441
8930.	8940.	0.00009786391
8940.	8950.	0.0001010336
8950.	8960.	0.0000949352
8960.	8970.	0.0000894882
8970.	8980.	0.0000920724
8980.	8990.	0.0001002314
8990.	9000.	0.00009105932
9000.	9010.	0.00009698576
9010.	9020.	0.00009059283
9020.	9030.	0.00008443376
9030.	9040.	0.00009011037
9040.	9050.	0.00008524912
9050.	9060.	0.00008338996
9060.	9070.	0.00008310558
9070.	9080.	0.00008729067
9080.	9090.	0.00008424725
9090.	9100.	0.00007919681
9100.	9110.	0.00007639906
9110.	9120.	0.00008320746
9120.	9130.	0.00007354678
9130.	9140.	0.00007480373
9140.	9150.	0.00007556054
9150.	9160.	0.00007185337
9160.	9170.	0.00006820149
9170.	9180.	0.00006962073
9180.	9190.	0.00007377228
9190.	9200.	0.00006435647
9200.	9210.	0.00007185407
9210.	9220.	0.000065098
9220.	9230.	0.0000630042
9230.	9240.	0.00006140839
9240.	9250.	0.00006185048
9250.	9260.	0.00005840064
9260.	9270.	0.00005359206
9270.	9280.	0.00005716336
9280.	9290.	0.00005776943
9290.	9300.	0.00006386471
9300.	9310.	0.00005715626
9310.	9320.	0.00005263221
9320.	9330.	0.00005144949
9330.	9340.	0.00005505228
9340.	9350.	0.00005282899
9350.	9360.	0.00005003155
9360.	9370.	0.00005153404
9370.	9380.	0.0000500925
9380.	9390.	0.00005098653
9390.	9400.	0.00004970391
9400.	9410.	0.00004455127
9410.	9420.	0.00004546384
9420.	9430.	0.00004180515
9430.	9440.	0.00004257676
9440.	9450.	0.00004600812
9450.	9460.	0.00004394728
9460.	9470.	0.00003814694
9470.	9480.	0.00004640129
9480.	9490.	0.00003664568
9490.	9500.	0.00004220794
9500.	9510.	0.00003912522
9510.	9520.	0.00003932982
9520.	9530.	0.0000377731
9530.	9540.	0.00003717277
9540.	9550.	0.00003537481
9550.	9560.	0.00003187325
9560.	9570.	0.00003275904
9570.	9580.	0.00002995769
9580.	9590.	0.00003124434
9590.	9600.	0.00002952066
9600.	9610.	0.00003234432
9610.	9620.	0.00002921261
9620.	9630.	0.00002982782
9630.	9640.	0.00002585356
9640.	9650.	0.00002749038
9650.	9660.	0.00002558671
9660.	9670.	0.0000234516
9670.	9680.	0.00002632413
9680.	9690.	0.0000260674
9690.	9700.	0.0000246924
9700.	9710.	0.00002149895
9710.	9720.	0.00002297326
9720.	9730.	0.00002225098
9730.	9740.	0.00002128696
9740.	9750.	0.00001792909
9750.	9760.	0.00001903658
9760.	9770.	0.00001739194
9770.	9780.	0.00001883928
9780.	9790.	0.00001862847
9790.	9800.	0.00001747811
9800.	9810.	0.00001668707
9810.	9820.	0.00001335259
9820.	9830.	0.00001525228
9830.	9840.	0.00001344619
9840.	9850.	0.00001383921
9850.	9860.	0.00001387933
9860.	9870.	0.00001131907
9870.	9880.	9.688094e-6
9880.	9890.	9.299401e-6
9890.	9900.	7.581817e-6
9900.	9910.	7.877589e-6
9910.	9920.	7.28573e-6
9920.	9930.	5.710758e-6
9930.	9940.	4.697681e-6
9940.	9950.	4.457842e-6
9950.	9960.	5.732256e-6
9960.	9970.	3.875314e-6
9970.	9980.	2.678325e-6
9980.	9990.	1.17245e-6
9990.	10000.	5.301569e-7
10000.	10010.	0.