-10.	0.	0.
0.	10.	0.
10.	20.	0.
20.	30.	0.
30.	40.	0.
40.	50.	0.
50.	60.	0.
60.	70.	0.
70.	80.	0.
80.	90.	0.
90.	100.	0.
100.	110.	0.
110.	120.	0.
120.	130.	0.
130.	140.	0.
140.	150.	0.
150.	160.	0.
160.	170.	0.
170.	180.	0.
180.	190.	0.
190.	200.	0.
200.	210.	0.
210.	220.	0.
220.	230.	0.
230.	240.	0.
240.	250.	0.
250.	260.	0.
260.	270.	0.
270.	280.	0.
280.	290.	0.
290.	300.	0.
300.	310.	0.
310.	320.	0.
320.	330.	0.
330.	340.	0.
340.	350.	0.
350.	360.	0.
360.	370.	0.
370.	380.	0.
380.	390.	0.
390.	400.	0.
400.	410.	0.
410.	420.	0.
420.	430.	0.
430.	440.	0.
440.	450.	0.
450.	460.	0.
460.	470.	0.
470.	480.	0.
480.	490.	0.
490.	500.	0.
500.	510.	1.056593
510.	520.	1.19072
520.	530.	1.14008
530.	540.	1.268733
540.	550.	1.38233
550.	560.	1.379593
560.	570.	1.426127
570.	580.	1.54383
580.	590.	1.517826
590.	600.	1.617737
600.	610.	1.671114
610.	620.	1.717648
620.	630.	1.728597
630.	640.	1.661534
640.	650.	1.795661
650.	660.	1.727229
660.	670.	1.894203
670.	680.	1.787449
680.	690.	1.859987
690.	700.	1.783343
700.	710.	1.883254
710.	720.	1.868199
720.	730.	1.846301
730.	740.	1.894203
740.	750.	1.791555
750.	760.	1.829877
760.	770.	1.817559
770.	780.	1.851775
780.	790.	1.835351
790.	800.	1.85725
800.	810.	1.849038
810.	820.	1.766919
820.	830.	1.738178
830.	840.	1.783343
840.	850.	1.710805
850.	860.	1.703962
860.	870.	1.745021
870.	880.	1.661534
880.	890.	1.572572
890.	900.	1.634161
900.	910.	1.597207
910.	920.	1.549305
920.	930.	1.51372
930.	940.	1.482241
940.	950.	1.428864
950.	960.	1.419284
960.	970.	1.400123
970.	980.	1.338534
980.	990.	1.386436
990.	1000.	1.339902
1000.	1010.	1.201669
1010.	1020.	1.27147
1020.	1030.	1.305686
1030.	1040.	1.253678
1040.	1050.	1.22083
1050.	1060.	1.194826
1060.	1070.	1.174296
1070.	1080.	1.120919
1080.	1090.	1.090809
1090.	1100.	1.116813
1100.	1110.	1.118182
1110.	1120.	1.055224
1120.	1130.	1.037432
1130.	1140.	1.067542
1140.	1150.	0.9785803
1150.	1160.	0.9525761
1160.	1170.	0.9471015
1170.	1180.	0.9813176
1180.	1190.	0.9388897
1190.	1200.	0.8677202
1200.	1210.	0.8950931
1210.	1220.	0.8499278
1220.	1230.	0.8266609
1230.	1240.	0.8362414
1240.	1250.	0.8280295
1250.	1260.	0.737699
1260.	1270.	0.7664405
1270.	1280.	0.7486482
1280.	1290.	0.7979194
1290.	1300.	0.7664405
1300.	1310.	0.7582287
1310.	1320.	0.7445422
1320.	1330.	0.6952711
1330.	1340.	0.7349617
1340.	1350.	0.6172584
1350.	1360.	0.6843219
1360.	1370.	0.7240126
1370.	1380.	0.6665295
1380.	1390.	0.6008346
1390.	1400.	0.6063092
1400.	1410.	0.5556694
1410.	1420.	0.5775677
1420.	1430.	0.6049406
1430.	1440.	0.5912541
1440.	1450.	0.5118728
1450.	1460.	0.5597753
1460.	1470.	0.5310338
1470.	1480.	0.5734618
1480.	1490.	0.5146101
1490.	1500.	0.5474575
1500.	1510.	0.5235078
1510.	1520.	0.4969627
1520.	1530.	0.4917148
1530.	1540.	0.4532798
1540.	1550.	0.4795018
1550.	1560.	0.4342514
1560.	1570.	0.4718614
1570.	1580.	0.4495976
1580.	1590.	0.4257109
1590.	1600.	0.4700528
1600.	1610.	0.4588483
1610.	1620.	0.4221404
1620.	1630.	0.4335971
1630.	1640.	0.3852991
1640.	1650.	0.4133301
1650.	1660.	0.4111291
1660.	1670.	0.3492437
1670.	1680.	0.37434
1680.	1690.	0.4002506
1690.	1700.	0.3619511
1700.	1710.	0.3449644
1710.	1720.	0.3530155
1720.	1730.	0.3403224
1730.	1740.	0.3319157
1740.	1750.	0.3609755
1750.	1760.	0.3415591
1760.	1770.	0.3052822
1770.	1780.	0.3515097
1780.	1790.	0.3491347
1790.	1800.	0.3211457
1800.	1810.	0.3055199
1810.	1820.	0.3023787
1820.	1830.	0.2947038
1830.	1840.	0.2926885
1840.	1850.	0.2921413
1850.	1860.	0.3066424
1860.	1870.	0.2897733
1870.	1880.	0.2669728
1880.	1890.	0.2554801
1890.	1900.	0.2716925
1900.	1910.	0.2684618
1910.	1920.	0.2464093
1920.	1930.	0.2685002
1930.	1940.	0.2491753
1940.	1950.	0.2336764
1950.	1960.	0.2338851
1960.	1970.	0.2380491
1970.	1980.	0.2265243
1980.	1990.	0.2437808
1990.	2000.	0.2268971
2000.	2010.	0.2219113
2010.	2020.	0.2286942
2020.	2030.	0.2322275
2030.	2040.	0.2111332
2040.	2050.	0.2063747
2050.	2060.	0.2123685
2060.	2070.	0.2050902
2070.	2080.	0.2162298
2080.	2090.	0.1877731
2090.	2100.	0.1907713
2100.	2110.	0.1950504
2110.	2120.	0.1950429
2120.	2130.	0.1868203
2130.	2140.	0.1815602
2140.	2150.	0.1792065
2150.	2160.	0.1866564
2160.	2170.	0.1787507
2170.	2180.	0.1906695
2180.	2190.	0.1746828
2190.	2200.	0.1670887
2200.	2210.	0.1752811
2210.	2220.	0.1600307
2220.	2230.	0.1551632
2230.	2240.	0.1503826
2240.	2250.	0.1591175
2250.	2260.	0.1565053
2260.	2270.	0.1623498
2270.	2280.	0.1521739
2280.	2290.	0.1516456
2290.	2300.	0.1510027
2300.	2310.	0.1490251
2310.	2320.	0.146
2320.	2330.	0.1442776
2330.	2340.	0.136237
2340.	2350.	0.1305762
2350.	2360.	0.1388955
2360.	2370.	0.1284856
2370.	2380.	0.1299728
2380.	2390.	0.1212027
2390.	2400.	0.1242253
2400.	2410.	0.1292866
2410.	2420.	0.1253702
2420.	2430.	0.1215698
2430.	2440.	0.122504
2440.	2450.	0.1128865
2450.	2460.	0.1115082
2460.	2470.	0.1150089
2470.	2480.	0.1132397
2480.	2490.	0.1036356
2490.	2500.	0.1099783
2500.	2510.	0.1076862
2510.	2520.	0.1023346
2520.	2530.	0.1064557
2530.	2540.	0.1022366
2540.	2550.	0.1015346
2550.	2560.	0.09927623
2560.	2570.	0.09810201
2570.	2580.	0.09705014
2580.	2590.	0.09356094
2590.	2600.	0.0972271
2600.	2610.	0.09402065
2610.	2620.	0.0945145
2620.	2630.	0.08823144
2630.	2640.	0.08682851
2640.	2650.	0.0938606
2650.	2660.	0.08823978
2660.	2670.	0.08978086
2670.	2680.	0.0861839
2680.	2690.	0.0892319
2690.	2700.	0.08284333
2700.	2710.	0.08089977
2710.	2720.	0.08679426
2720.	2730.	0.08128138
2730.	2740.	0.07937704
2740.	2750.	0.07973965
2750.	2760.	0.07669434
2760.	2770.	0.07645735
2770.	2780.	0.07641852
2780.	2790.	0.07324905
2790.	2800.	0.07626822
2800.	2810.	0.07306654
2810.	2820.	0.07142477
2820.	2830.	0.07363702
2830.	2840.	0.0691279
2840.	2850.	0.06922749
2850.	2860.	0.06658169
2860.	2870.	0.06828227
2870.	2880.	0.06233719
2880.	2890.	0.06859473
2890.	2900.	0.06526977
2900.	2910.	0.06386552
2910.	2920.	0.06177222
2920.	2930.	0.06319337
2930.	2940.	0.06479757
2940.	2950.	0.06351979
2950.	2960.	0.06106907
2960.	2970.	0.05986872
2970.	2980.	0.06010881
2980.	2990.	0.05654351
2990.	3000.	0.05706664
3000.	3010.	0.05661856
3010.	3020.	0.05411327
3020.	3030.	0.05494809
3030.	3040.	0.05298437
3040.	3050.	0.05367395
3050.	3060.	0.05228372
3060.	3070.	0.0522222
3070.	3080.	0.05095846
3080.	3090.	0.05081022
3090.	3100.	0.0505717
3100.	3110.	0.05052471
3110.	3120.	0.04950289
3120.	3130.	0.04969061
3130.	3140.	0.0445486
3140.	3150.	0.04813632
3150.	3160.	0.0447217
3160.	3170.	0.04492749
3170.	3180.	0.04763452
3180.	3190.	0.04372641
3190.	3200.	0.04454682
3200.	3210.	0.04391854
3210.	3220.	0.04411805
3220.	3230.	0.04251887
3230.	3240.	0.04353408
3240.	3250.	0.04107211
3250.	3260.	0.04175876
3260.	3270.	0.04053083
3270.	3280.	0.03972453
3280.	3290.	0.04002171
3290.	3300.	0.03857223
3300.	3310.	0.03829548
3310.	3320.	0.04050369
3320.	3330.	0.03726188
3330.	3340.	0.03723973
3340.	3350.	0.03623651
3350.	3360.	0.03714288
3360.	3370.	0.03542928
3370.	3380.	0.03674181
3380.	3390.	0.03580547
3390.	3400.	0.03437727
3400.	3410.	0.03508346
3410.	3420.	0.03375001
3420.	3430.	0.03448842
3430.	3440.	0.03281397
3440.	3450.	0.03431023
3450.	3460.	0.0314757
3460.	3470.	0.03109003
3470.	3480.	0.03232562
3480.	3490.	0.03085478
3490.	3500.	0.0306089
3500.	3510.	0.03134387
3510.	3520.	0.02903781
3520.	3530.	0.03095658
3530.	3540.	0.02963585
3540.	3550.	0.02927218
3550.	3560.	0.03051606
3560.	3570.	0.02843095
3570.	3580.	0.02858622
3580.	3590.	0.0280136
3590.	3600.	0.02880678
3600.	3610.	0.02676782
3610.	3620.	0.02683428
3620.	3630.	0.02734266
3630.	3640.	0.02646293
3640.	3650.	0.02492821
3650.	3660.	0.02516006
3660.	3670.	0.02566766
3670.	3680.	0.02488191
3680.	3690.	0.02502572
3690.	3700.	0.02384524
3700.	3710.	0.02478598
3710.	3720.	0.02416252
3720.	3730.	0.02296655
3730.	3740.	0.02298188
3740.	3750.	0.02246061
3750.	3760.	0.0219273
3760.	3770.	0.0226781
3770.	3780.	0.02230194
3780.	3790.	0.02167089
3790.	3800.	0.02206937
3800.	3810.	0.02121276
3810.	3820.	0.02075685
3820.	3830.	0.02170733
3830.	3840.	0.01967079
3840.	3850.	0.02008547
3850.	3860.	0.0207271
3860.	3870.	0.02021875
3870.	3880.	0.0206346
3880.	3890.	0.01970558
3890.	3900.	0.0200215
3900.	3910.	0.01865576
3910.	3920.	0.01882623
3920.	3930.	0.01891407
3930.	3940.	0.01775619
3940.	3950.	0.0186798
3950.	3960.	0.01793682
3960.	3970.	0.01778495
3970.	3980.	0.01719391
3980.	3990.	0.01690824
3990.	4000.	0.01746334
4000.	4010.	0.01732973
4010.	4020.	0.01713319
4020.	4030.	0.01686316
4030.	4040.	0.01612802
4040.	4050.	0.01677495
4050.	4060.	0.01625687
4060.	4070.	0.01661185
4070.	4080.	0.0161477
4080.	4090.	0.01535064
4090.	4100.	0.01502706
4100.	4110.	0.01600543
4110.	4120.	0.01552073
4120.	4130.	0.01527709
4130.	4140.	0.01453708
4140.	4150.	0.01559657
4150.	4160.	0.01499879
4160.	4170.	0.01367295
4170.	4180.	0.01482204
4180.	4190.	0.01377157
4190.	4200.	0.01438412
4200.	4210.	0.0141092
4210.	4220.	0.01341312
4220.	4230.	0.01376376
4230.	4240.	0.01274146
4240.	4250.	0.012944
4250.	4260.	0.01281644
4260.	4270.	0.01274029
4270.	4280.	0.01266663
4280.	4290.	0.01277047
4290.	4300.	0.01213052
4300.	4310.	0.01170308
4310.	4320.	0.0119477
4320.	4330.	0.01240163
4330.	4340.	0.0120222
4340.	4350.	0.01218015
4350.	4360.	0.01166509
4360.	4370.	0.0113889
4370.	4380.	0.01161869
4380.	4390.	0.0112693
4390.	4400.	0.01121138
4400.	4410.	0.01081028
4410.	4420.	0.01070594
4420.	4430.	0.01068914
4430.	4440.	0.0110723
4440.	4450.	0.01077532
4450.	4460.	0.0104235
4460.	4470.	0.01001992
4470.	4480.	0.01007731
4480.	4490.	0.009839254
4490.	4500.	0.01014447
4500.	4510.	0.009941605
4510.	4520.	0.009743482
4520.	4530.	0.009521345
4530.	4540.	0.00964446
4540.	4550.	0.009518352
4550.	4560.	0.009715192
4560.	4570.	0.009277773
4570.	4580.	0.009085653
4580.	4590.	0.009525682
4590.	4600.	0.008848867
4600.	4610.	0.008997494
4610.	4620.	0.00866375
4620.	4630.	0.00872761
4630.	4640.	0.008380513
4640.	4650.	0.008598564
4650.	4660.	0.008030745
4660.	4670.	0.008351003
4670.	4680.	0.00851231
4680.	4690.	0.008012064
4690.	4700.	0.008304801
4700.	4710.	0.007848559
4710.	4720.	0.007591089
4720.	4730.	0.007904701
4730.	4740.	0.00763273
4740.	4750.	0.00773902
4750.	4760.	0.007982306
4760.	4770.	0.007264663
4770.	4780.	0.007373232
4780.	4790.	0.007390337
4790.	4800.	0.007174961
4800.	4810.	0.007226383
4810.	4820.	0.007084312
4820.	4830.	0.006995837
4830.	4840.	0.006914559
4840.	4850.	0.006699771
4850.	4860.	0.00668549
4860.	4870.	0.006973788
4870.	4880.	0.006575918
4880.	4890.	0.006632019
4890.	4900.	0.006600921
4900.	4910.	0.00627046
4910.	4920.	0.006449875
4920.	4930.	0.006363171
4930.	4940.	0.006498543
4940.	4950.	0.006118844
4950.	4960.	0.006033725
4960.	4970.	0.006324845
4970.	4980.	0.005930348
4980.	4990.	0.005992266
4990.	5000.	0.005849255
5000.	5010.	0.005963536
5010.	5020.	0.006002485
5020.	5030.	0.005771238
5030.	5040.	0.00554681
5040.	5050.	0.005396927
5050.	5060.	0.005866807
5060.	5070.	0.005512504
5070.	5080.	0.005637406
5080.	5090.	0.005282822
5090.	5100.	0.005527694
5100.	5110.	0.005284328
5110.	5120.	0.005375918
5120.	5130.	0.004926376
5130.	5140.	0.0049496
5140.	5150.	0.005128972
5150.	5160.	0.004995625
5160.	5170.	0.004837933
5170.	5180.	0.004970232
5180.	5190.	0.004744852
5190.	5200.	0.004809491
5200.	5210.	0.004790933
5210.	5220.	0.004699553
5220.	5230.	0.004812308
5230.	5240.	0.00445446
5240.	5250.	0.004524721
5250.	5260.	0.004611364
5260.	5270.	0.004665505
5270.	5280.	0.004481679
5280.	5290.	0.004164298
5290.	5300.	0.004294881
5300.	5310.	0.004447606
5310.	5320.	0.004196864
5320.	5330.	0.00408283
5330.	5340.	0.004109965
5340.	5350.	0.004102322
5350.	5360.	0.004106541
5360.	5370.	0.003907413
5370.	5380.	0.004054206
5380.	5390.	0.003722881
5390.	5400.	0.003977267
5400.	5410.	0.003805688
5410.	5420.	0.003681179
5420.	5430.	0.003830901
5430.	5440.	0.00379168
5440.	5450.	0.003580648
5450.	5460.	0.003752658
5460.	5470.	0.003645535
5470.	5480.	0.003519725
5480.	5490.	0.003378872
5490.	5500.	0.003559939
5500.	5510.	0.00344108
5510.	5520.	0.003434639
5520.	5530.	0.003494425
5530.	5540.	0.003438867
5540.	5550.	0.00338647
5550.	5560.	0.003324507
5560.	5570.	0.003275021
5570.	5580.	0.003166779
5580.	5590.	0.00315419
5590.	5600.	0.003099527
5600.	5610.	0.003167698
5610.	5620.	0.00308349
5620.	5630.	0.00286798
5630.	5640.	0.002974273
5640.	5650.	0.002944727
5650.	5660.	0.003045782
5660.	5670.	0.002966009
5670.	5680.	0.002883372
5680.	5690.	0.00293159
5690.	5700.	0.002860616
5700.	5710.	0.002796639
5710.	5720.	0.002616883
5720.	5730.	0.002798529
5730.	5740.	0.002702115
5740.	5750.	0.002545731
5750.	5760.	0.002711758
5760.	5770.	0.002720708
5770.	5780.	0.002497918
5780.	5790.	0.002574604
5790.	5800.	0.002617904
5800.	5810.	0.002525637
5810.	5820.	0.002515232
5820.	5830.	0.002502979
5830.	5840.	0.002446209
5840.	5850.	0.002486362
5850.	5860.	0.002302071
5860.	5870.	0.00246652
5870.	5880.	0.002459009
5880.	5890.	0.002361616
5890.	5900.	0.002287685
5900.	5910.	0.002275497
5910.	5920.	0.002263675
5920.	5930.	0.002266037
5930.	5940.	0.00222151
5940.	5950.	0.002211221
5950.	5960.	0.002223286
5960.	5970.	0.002024577
5970.	5980.	0.002160513
5980.	5990.	0.002078769
5990.	6000.	0.002124614
6000.	6010.	0.002130657
6010.	6020.	0.00210023
6020.	6030.	0.00199777
6030.	6040.	0.002121187
6040.	6050.	0.002007399
6050.	6060.	0.001887509
6060.	6070.	0.00190213
6070.	6080.	0.001986124
6080.	6090.	0.00193209
6090.	6100.	0.001837566
6100.	6110.	0.001821101
6110.	6120.	0.001836663
6120.	6130.	0.001840968
6130.	6140.	0.001769935
6140.	6150.	0.001789951
6150.	6160.	0.001831877
6160.	6170.	0.001771568
6170.	6180.	0.001729495
6180.	6190.	0.001702852
6190.	6200.	0.001700569
6200.	6210.	0.001636194
6210.	6220.	0.001657837
6220.	6230.	0.001666687
6230.	6240.	0.001653458
6240.	6250.	0.001569135
6250.	6260.	0.001539137
6260.	6270.	0.001548277
6270.	6280.	0.001475313
6280.	6290.	0.001448678
6290.	6300.	0.001499332
6300.	6310.	0.001516713
6310.	6320.	0.001529544
6320.	6330.	0.001484779
6330.	6340.	0.001474952
6340.	6350.	0.001452256
6350.	6360.	0.001448008
6360.	6370.	0.001426637
6370.	6380.	0.001462769
6380.	6390.	0.001340702
6390.	6400.	0.001374009
6400.	6410.	0.001356623
6410.	6420.	0.001334661
6420.	6430.	0.001359198
6430.	6440.	0.001288469
6440.	6450.	0.001315958
6450.	6460.	0.001293856
6460.	6470.	0.001213625
6470.	6480.	0.001252874
6480.	6490.	0.001253183
6490.	6500.	0.001255251
6500.	6510.	0.001251785
6510.	6520.	0.001251165
6520.	6530.	0.001193313
6530.	6540.	0.001137984
6540.	6550.	0.001164897
6550.	6560.	0.001119086
6560.	6570.	0.001147225
6570.	6580.	0.001119872
6580.	6590.	0.001153327
6590.	6600.	0.001088006
6600.	6610.	0.001083053
6610.	6620.	0.001087299
6620.	6630.	0.001078208
6630.	6640.	0.001037731
6640.	6650.	0.001066963
6650.	6660.	0.00100636
6660.	6670.	0.001001195
6670.	6680.	0.0009991068
6680.	6690.	0.0009973307
6690.	6700.	0.001011395
6700.	6710.	0.001062172
6710.	6720.	0.0009614267
6720.	6730.	0.0009678837
6730.	6740.	0.0009968305
6740.	6750.	0.0008619798
6750.	6760.	0.0009688419
6760.	6770.	0.0009455998
6770.	6780.	0.001006909
6780.	6790.	0.000892659
6790.	6800.	0.0008874629
6800.	6810.	0.000903102
6810.	6820.	0.0009127888
6820.	6830.	0.000846516
6830.	6840.	0.0008498904
6840.	6850.	0.0008486334
6850.	6860.	0.0008596658
6860.	6870.	0.0007764637
6870.	6880.	0.0008195123
6880.	6890.	0.0008155813
6890.	6900.	0.0008242331
6900.	6910.	0.0007866025
6910.	6920.	0.0007868541
6920.	6930.	0.0007903211
6930.	6940.	0.0007437907
6940.	6950.	0.0007622246
6950.	6960.	0.0007523106
6960.	6970.	0.0007209582
6970.	6980.	0.0007239622
6980.	6990.	0.0007794187
6990.	7000.	0.0007330258
7000.	7010.	0.0007430857
7010.	7020.	0.0007133013
7020.	7030.	0.0007125299
7030.	7040.	0.000664109
7040.	7050.	0.0006898822
7050.	7060.	0.0006535878
7060.	7070.	0.0006513063
7070.	7080.	0.0006314954
7080.	7090.	0.0006339435
7090.	7100.	0.0006364895
7100.	7110.	0.0006480179
7110.	7120.	0.0006156353
7120.	7130.	0.000612969
7130.	7140.	0.0006328675
7140.	7150.	0.0006033881
7150.	7160.	0.0005941551
7160.	7170.	0.000572865
7170.	7180.	0.00061437
7180.	7190.	0.0005823419
7190.	7200.	0.0005670424
7200.	7210.	0.0005620198
7210.	7220.	0.0005395021
7220.	7230.	0.000544795
7230.	7240.	0.0005100854
7240.	7250.	0.0005414914
7250.	7260.	0.0005150872
7260.	7270.	0.000524275
7270.	7280.	0.0005411938
7280.	7290.	0.0005359003
7290.	7300.	0.0005050377
7300.	7310.	0.0004976562
7310.	7320.	0.0005012213
7320.	7330.	0.0004687
7330.	7340.	0.000492894
7340.	7350.	0.0005017278
7350.	7360.	0.00049539
7360.	7370.	0.000459472
7370.	7380.	0.000465872
7380.	7390.	0.0004764353
7390.	7400.	0.0004647787
7400.	7410.	0.0004429255
7410.	7420.	0.0004413333
7420.	7430.	0.0004398443
7430.	7440.	0.000441008
7440.	7450.	0.000421208
7450.	7460.	0.0004220244
7460.	7470.	0.0004169691
7470.	7480.	0.0004181828
7480.	7490.	0.000404352
7490.	7500.	0.0003924345
7500.	7510.	0.0003640527
7510.	7520.	0.0003998198
7520.	7530.	0.0003876414
7530.	7540.	0.0003701708
7540.	7550.	0.0003642365
7550.	7560.	0.0003888843
7560.	7570.	0.0003754084
7570.	7580.	0.000374987
7580.	7590.	0.0003571991
7590.	7600.	0.0003425942
7600.	7610.	0.0003591254
7610.	7620.	0.0003571681
7620.	7630.	0.0003504119
7630.	7640.	0.0003216651
7640.	7650.	0.0003378798
7650.	7660.	0.0003368673
7660.	7670.	0.0003267848
7670.	7680.	0.0003251002
7680.	7690.	0.0003474187
7690.	7700.	0.0003181933
7700.	7710.	0.000310779
7710.	7720.	0.0003087375
7720.	7730.	0.0003052549
7730.	7740.	0.0002849093
7740.	7750.	0.0002979637
7750.	7760.	0.0002971536
7760.	7770.	0.0002959923
7770.	7780.	0.000274719
7780.	7790.	0.0002940126
7790.	7800.	0.0002871002
7800.	7810.	0.0002698369
7810.	7820.	0.0002706279
7820.	7830.	0.0002780788
7830.	7840.	0.0002689549
7840.	7850.	0.0002651181
7850.	7860.	0.0002599938
7860.	7870.	0.000257954
7870.	7880.	0.0002467396
7880.	7890.	0.0002420679
7890.	7900.	0.0002351743
7900.	7910.	0.0002555538
7910.	7920.	0.0002381906
7920.	7930.	0.0002280881
7930.	7940.	0.0002269834
7940.	7950.	0.0002284793
7950.	7960.	0.0002185895
7960.	7970.	0.0002113587
7970.	7980.	0.0002426185
7980.	7990.	0.0002138669
7990.	8000.	0.0002058583
8000.	8010.	0.0002130876
8010.	8020.	0.0002124007
8020.	8030.	0.0002038988
8030.	8040.	0.0002159631
8040.	8050.	0.0001939946
8050.	8060.	0.0001912358
8060.	8070.	0.0002095602
8070.	8080.	0.000188921
8080.	8090.	0.0002006668
8090.	8100.	0.0001919549
8100.	8110.	0.0001812375
8110.	8120.	0.0001842852
8120.	8130.	0.0001766913
8130.	8140.	0.0001741514
8140.	8150.	0.0001646898
8150.	8160.	0.00017981
8160.	8170.	0.0001681163
8170.	8180.	0.0001631093
8180.	8190.	0.0001782339
8190.	8200.	0.000168726
8200.	8210.	0.0001581766
8210.	8220.	0.0001686414
8220.	8230.	0.0001722892
8230.	8240.	0.0001547801
8240.	8250.	0.0001631215
8250.	8260.	0.0001537291
8260.	8270.	0.0001541401
8270.	8280.	0.0001430341
8280.	8290.	0.0001453698
8290.	8300.	0.0001437005
8300.	8310.	0.0001367875
8310.	8320.	0.000147472
8320.	8330.	0.0001374694
8330.	8340.	0.0001353857
8340.	8350.	0.0001340741
8350.	8360.	0.0001335128
8360.	8370.	0.0001258582
8370.	8380.	0.0001235951
8380.	8390.	0.0001351444
8390.	8400.	0.0001141606
8400.	8410.	0.0001110113
8410.	8420.	0.0001256187
8420.	8430.	0.0001123953
8430.	8440.	0.0001139152
8440.	8450.	0.0001178342
8450.	8460.	0.0001120903
8460.	8470.	0.0001088116
8470.	8480.	0.0001038724
8480.	8490.	0.0001084783
8490.	8500.	0.0001033706
8500.	8510.	0.0001060206
8510.	8520.	0.000107742
8520.	8530.	0.0000990197
8530.	8540.	0.00009546614
8540.	8550.	0.00009969228
8550.	8560.	0.00009390353
8560.	8570.	0.0000983125
8570.	8580.	0.00009303778
8580.	8590.	0.00009070255
8590.	8600.	0.00008995273
8600.	8610.	0.00008834349
8610.	8620.	0.00008038683
8620.	8630.	0.0000753413
8630.	8640.	0.00008616805
8640.	8650.	0.00007835403
8650.	8660.	0.0000840907
8660.	8670.	0.00008745177
8670.	8680.	0.00008841689
8680.	8690.	0.00007929264
8690.	8700.	0.00007299205
8700.	8710.	0.00007712803
8710.	8720.	0.0000750393
8720.	8730.	0.00007276036
8730.	8740.	0.00007317205
8740.	8750.	0.00007397927
8750.	8760.	0.00007576757
8760.	8770.	0.00006771373
8770.	8780.	0.00006532152
8780.	8790.	0.00006535441
8790.	8800.	0.0000543092
8800.	8810.	0.00005930192
8810.	8820.	0.00005916724
8820.	8830.	0.00005863297
8830.	8840.	0.00006043394
8840.	8850.	0.00005913763
8850.	8860.	0.00005917688
8860.	8870.	0.00005674987
8870.	8880.	0.00005455109
8880.	8890.	0.00005892939
8890.	8900.	0.00005039768
8900.	8910.	0.00004659364
8910.	8920.	0.0000572131
8920.	8930.	0.00004900622
8930.	8940.	0.00005256322
8940.	8950.	0.00005135369
8950.	8960.	0.00004691595
8960.	8970.	0.00005079369
8970.	8980.	0.00004998185
8980.	8990.	0.00004472382
8990.	9000.	0.00003672102
9000.	9010.	0.00004406364
9010.	9020.	0.00004066954
9020.	9030.	0.00004374247
9030.	9040.	0.00003884202
9040.	9050.	0.00004240149
9050.	9060.	0.00003960849
9060.	9070.	0.00004363723
9070.	9080.	0.00004524579
9080.	9090.	0.00003762022
9090.	9100.	0.00003674272
9100.	9110.	0.00003437813
9110.	9120.	0.00003617115
9120.	9130.	0.00003154518
9130.	9140.	0.00003202847
9140.	9150.	0.00003087228
9150.	9160.	0.00002860566
9160.	9170.	0.00002844538
9170.	9180.	0.00003100811
9180.	9190.	0.00002638946
9190.	9200.	0.00003083544
9200.	9210.	0.00002847212
9210.	9220.	0.00002658882
9220.	9230.	0.00002769312
9230.	9240.	0.00002970551
9240.	9250.	0.0000232344
9250.	9260.	0.00002188669
9260.	9270.	0.00001978525
9270.	9280.	0.0000228632
9280.	9290.	0.00002108854
9290.	9300.	0.00002321489
9300.	9310.	0.00002219927
9310.	9320.	0.00001926385
9320.	9330.	0.00001857763
9330.	9340.	0.00001861788
9340.	9350.	0.00001997618
9350.	9360.	0.00002015743
9360.	9370.	0.00001803268
9370.	9380.	0.00001636163
9380.	9390.	0.00001756496
9390.	9400.	0.00001533402
9400.	9410.	0.00001398366
9410.	9420.	0.00001559601
9420.	9430.	0.00001397799
9430.	9440.	0.00001264848
9440.	9450.	0.00001424053
9450.	9460.	0.00001595289
9460.	9470.	0.00001436594
9470.	9480.	0.00001320451
9480.	9490.	0.00001258991
9490.	9500.	0.00001279328
9500.	9510.	0.00001379929
9510.	9520.	0.00001172571
9520.	9530.	0.00001086819
9530.	9540.	0.00001054813
9540.	9550.	0.00001009953
9550.	9560.	9.397415e-6
9560.	9570.	0.00001090358
9570.	9580.	8.139743e-6
9580.	9590.	0.00001014948
9590.	9600.	8.052637e-6
9600.	9610.	8.264997e-6
9610.	9620.	6.703428e-6
9620.	9630.	7.298348e-6
9630.	9640.	5.631841e-6
9640.	9650.	4.983358e-6
9650.	9660.	5.946394e-6
9660.	9670.	7.146965e-6
9670.	9680.	6.61853e-6
9680.	9690.	5.610586e-6
9690.	9700.	4.975577e-6
9700.	9710.	4.706688e-6
9710.	9720.	3.724395e-6
9720.	9730.	4.06504e-6
9730.	9740.	4.279063e-6
9740.	9750.	4.138948e-6
9750.	9760.	3.293385e-6
9760.	9770.	3.276384e-6
9770.	9780.	4.425791e-6
9780.	9790.	2.43253e-6
9790.	9800.	2.650425e-6
9800.	9810.	2.753057e-6
9810.	9820.	1.484048e-6
9820.	9830.	1.816993e-6
9830.	9840.	1.01642e-6
9840.	9850.	1.687081e-6
9850.	9860.	1.454257e-6
9860.	9870.	2.00186e-6
9870.	9880.	8.857266e-7
9880.	9890.	9.909158e-7
9890.	9900.	6.576871e-7
9900.	9910.	1.089807e-6
9910.	9920.	5.422703e-7
9920.	9930.	4.321459e-7
9930.	9940.	5.37341e-7
9940.	9950.	2.135351e-7
9950.	9960.	3.188439e-7
9960.	9970.	1.058865e-7
9970.	9980.	2.10619e-7
9980.	9990.	0.
9990.	10000.	0.
10000.	10010.	0.