-10.	0.	0.
0.	10.	0.
10.	20.	0.
20.	30.	0.
30.	40.	0.
40.	50.	0.
50.	60.	0.
60.	70.	0.
70.	80.	0.
80.	90.	0.
90.	100.	0.
100.	110.	0.
110.	120.	0.
120.	130.	0.
130.	140.	0.
140.	150.	0.
150.	160.	6.656915
160.	170.	6.528273
170.	180.	6.671262
180.	190.	6.256557
190.	200.	6.008125
200.	210.	5.613028
210.	220.	5.123229
220.	230.	4.857483
230.	240.	4.638774
240.	250.	4.256941
250.	260.	3.882937
260.	270.	3.771512
270.	280.	3.419554
280.	290.	3.194483
290.	300.	3.095523
300.	310.	2.832803
310.	320.	2.706065
320.	330.	2.544118
330.	340.	2.322223
340.	350.	2.23091
350.	360.	2.070686
360.	370.	1.961497
370.	380.	1.708554
380.	390.	1.669181
390.	400.	1.663852
400.	410.	1.535748
410.	420.	1.414348
420.	430.	1.376609
430.	440.	1.286493
440.	450.	1.104436
450.	460.	1.159521
460.	470.	1.129167
470.	480.	0.9978114
480.	490.	0.9254464
490.	500.	0.9230323
500.	510.	0.8967693
510.	520.	0.8289566
520.	530.	0.8067461
530.	540.	0.7323778
540.	550.	0.7047271
550.	560.	0.6664311
560.	570.	0.6289375
570.	580.	0.6103155
580.	590.	0.5794436
590.	600.	0.5673779
600.	610.	0.517689
610.	620.	0.485169
620.	630.	0.4813904
630.	640.	0.4777451
640.	650.	0.4091905
650.	660.	0.4095847
660.	670.	0.3903042
670.	680.	0.378689
680.	690.	0.3757572
690.	700.	0.3307465
700.	710.	0.3264619
710.	720.	0.3123422
720.	730.	0.3248597
730.	740.	0.2906707
740.	750.	0.273093
750.	760.	0.2635564
760.	770.	0.2686749
770.	780.	0.2512177
780.	790.	0.2234797
790.	800.	0.2206973
800.	810.	0.2110275
810.	820.	0.2082961
820.	830.	0.1997226
830.	840.	0.1774136
840.	850.	0.1856836
850.	860.	0.1683566
860.	870.	0.171718
870.	880.	0.1583881
880.	890.	0.151884
890.	900.	0.1440274
900.	910.	0.1404549
910.	920.	0.1346857
920.	930.	0.1291548
930.	940.	0.1282988
940.	950.	0.126516
950.	960.	0.1182324
960.	970.	0.1102226
970.	980.	0.109884
980.	990.	0.09989638
990.	1000.	0.1047316
1000.	1010.	0.09897483
1010.	1020.	0.0946383
1020.	1030.	0.08970082
1030.	1040.	0.08517933
1040.	1050.	0.08678753
1050.	1060.	0.08218459
1060.	1070.	0.07477593
1070.	1080.	0.07821557
1080.	1090.	0.07393054
1090.	1100.	0.07101259
1100.	1110.	0.06701035
1110.	1120.	0.06343175
1120.	1130.	0.0658783
1130.	1140.	0.06243967
1140.	1150.	0.0641363
1150.	1160.	0.05998016
1160.	1170.	0.05806165
1170.	1180.	0.05419659
1180.	1190.	0.05139365
1190.	1200.	0.05232272
1200.	1210.	0.04946052
1210.	1220.	0.05065262
1220.	1230.	0.04521202
1230.	1240.	0.04766423
1240.	1250.	0.04424497
1250.	1260.	0.03967411
1260.	1270.	0.04075887
1270.	1280.	0.04096792
1280.	1290.	0.03557342
1290.	1300.	0.038992
1300.	1310.	0.03806196
1310.	1320.	0.03488468
1320.	1330.	0.03168689
1330.	1340.	0.03250389
1340.	1350.	0.03228243
1350.	1360.	0.03208824
1360.	1370.	0.03026971
1370.	1380.	0.02867822
1380.	1390.	0.02819468
1390.	1400.	0.03022372
1400.	1410.	0.02728883
1410.	1420.	0.02594604
1420.	1430.	0.02498434
1430.	1440.	0.02427187
1440.	1450.	0.02433928
1450.	1460.	0.02382666
1460.	1470.	0.02314251
1470.	1480.	0.02326884
1480.	1490.	0.02064584
1490.	1500.	0.02168079
1500.	1510.	0.01935702
1510.	1520.	0.01953061
1520.	1530.	0.01826505
1530.	1540.	0.01851147
1540.	1550.	0.01821829
1550.	1560.	0.01845407
1560.	1570.	0.01652066
1570.	1580.	0.01732938
1580.	1590.	0.01590271
1590.	1600.	0.01690018
1600.	1610.	0.01521009
1610.	1620.	0.01553255
1620.	1630.	0.01441526
1630.	1640.	0.01470212
1640.	1650.	0.01346437
1650.	1660.	0.01350889
1660.	1670.	0.01352951
1670.	1680.	0.01331906
1680.	1690.	0.0127607
1690.	1700.	0.01199553
1700.	1710.	0.01266762
1710.	1720.	0.01179984
1720.	1730.	0.01117424
1730.	1740.	0.01114154
1740.	1750.	0.01116419
1750.	1760.	0.01060377
1760.	1770.	0.01029906
1770.	1780.	0.01011595
1780.	1790.	0.009339358
1790.	1800.	0.00905793
1800.	1810.	0.009218607
1810.	1820.	0.008859145
1820.	1830.	0.008933357
1830.	1840.	0.00836921
1840.	1850.	0.008720733
1850.	1860.	0.008370346
1860.	1870.	0.008426759
1870.	1880.	0.00787048
1880.	1890.	0.007708323
1890.	1900.	0.007453239
1900.	1910.	0.007464027
1910.	1920.	0.007062484
1920.	1930.	0.006718253
1930.	1940.	0.007030385
1940.	1950.	0.006662689
1950.	1960.	0.006597208
1960.	1970.	0.006460877
1970.	1980.	0.006455898
1980.	1990.	0.006028851
1990.	2000.	0.005903433
2000.	2010.	0.00580127
2010.	2020.	0.005769108
2020.	2030.	0.005369137
2030.	2040.	0.005474437
2040.	2050.	0.005093569
2050.	2060.	0.005168159
2060.	2070.	0.00497688
2070.	2080.	0.004858901
2080.	2090.	0.004919271
2090.	2100.	0.0047555
2100.	2110.	0.004464203
2110.	2120.	0.004513204
2120.	2130.	0.004141868
2130.	2140.	0.004335174
2140.	2150.	0.004056713
2150.	2160.	0.003987211
2160.	2170.	0.004238234
2170.	2180.	0.00389528
2180.	2190.	0.003968998
2190.	2200.	0.003741853
2200.	2210.	0.003723181
2210.	2220.	0.00341566
2220.	2230.	0.003475756
2230.	2240.	0.003374228
2240.	2250.	0.003314453
2250.	2260.	0.003256579
2260.	2270.	0.003206843
2270.	2280.	0.003099724
2280.	2290.	0.003113766
2290.	2300.	0.003078053
2300.	2310.	0.002843255
2310.	2320.	0.002872169
2320.	2330.	0.002977944
2330.	2340.	0.00263597
2340.	2350.	0.002723547
2350.	2360.	0.002667448
2360.	2370.	0.002616415
2370.	2380.	0.002471047
2380.	2390.	0.002360798
2390.	2400.	0.002461988
2400.	2410.	0.002403414
2410.	2420.	0.002246491
2420.	2430.	0.002180069
2430.	2440.	0.002164185
2440.	2450.	0.002107643
2450.	2460.	0.002055437
2460.	2470.	0.002072287
2470.	2480.	0.001933077
2480.	2490.	0.00204429
2490.	2500.	0.001971022
2500.	2510.	0.001907212
2510.	2520.	0.001791029
2520.	2530.	0.001823489
2530.	2540.	0.001806113
2540.	2550.	0.00170782
2550.	2560.	0.001644691
2560.	2570.	0.00163581
2570.	2580.	0.001574595
2580.	2590.	0.001646285
2590.	2600.	0.001531241
2600.	2610.	0.001422568
2610.	2620.	0.001371524
2620.	2630.	0.001554761
2630.	2640.	0.001438416
2640.	2650.	0.001402459
2650.	2660.	0.00134207
2660.	2670.	0.001333223
2670.	2680.	0.001265422
2680.	2690.	0.001303448
2690.	2700.	0.001186034
2700.	2710.	0.001187252
2710.	2720.	0.001185876
2720.	2730.	0.00121159
2730.	2740.	0.001095941
2740.	2750.	0.001096535
2750.	2760.	0.001107038
2760.	2770.	0.00107375
2770.	2780.	0.001006916
2780.	2790.	0.001022321
2790.	2800.	0.000991629
2800.	2810.	0.0009267569
2810.	2820.	0.0009369406
2820.	2830.	0.0009711805
2830.	2840.	0.000957073
2840.	2850.	0.0008550332
2850.	2860.	0.000910369
2860.	2870.	0.0008614483
2870.	2880.	0.0008264337
2880.	2890.	0.0008478402
2890.	2900.	0.0008106934
2900.	2910.	0.0008062738
2910.	2920.	0.000787088
2920.	2930.	0.0007560035
2930.	2940.	0.0007313443
2940.	2950.	0.0007666279
2950.	2960.	0.0006872051
2960.	2970.	0.0007293158
2970.	2980.	0.0006837926
2980.	2990.	0.0006546642
2990.	3000.	0.0006252275
3000.	3010.	0.0006400894
3010.	3020.	0.0006211354
3020.	3030.	0.0006357747
3030.	3040.	0.0005954138
3040.	3050.	0.000566622
3050.	3060.	0.0005352896
3060.	3070.	0.0005479075
3070.	3080.	0.0005219369
3080.	3090.	0.000537262
3090.	3100.	0.0005130131
3100.	3110.	0.0005310634
3110.	3120.	0.0004770429
3120.	3130.	0.0004816155
3130.	3140.	0.0005025971
3140.	3150.	0.000477454
3150.	3160.	0.0004376793
3160.	3170.	0.0004563178
3170.	3180.	0.0004362652
3180.	3190.	0.0004294888
3190.	3200.	0.0004305051
3200.	3210.	0.000406285
3210.	3220.	0.0004003648
3220.	3230.	0.0004077503
3230.	3240.	0.000367806
3240.	3250.	0.0003918685
3250.	3260.	0.0003737605
3260.	3270.	0.0003634962
3270.	3280.	0.0003558705
3280.	3290.	0.0003524944
3290.	3300.	0.0003468177
3300.	3310.	0.0003539267
3310.	3320.	0.0003306073
3320.	3330.	0.0003232073
3330.	3340.	0.0003337748
3340.	3350.	0.0003084334
3350.	3360.	0.0002807979
3360.	3370.	0.0002824988
3370.	3380.	0.0002904415
3380.	3390.	0.0002824625
3390.	3400.	0.0002664832
3400.	3410.	0.0002577284
3410.	3420.	0.0002622954
3420.	3430.	0.0002374767
3430.	3440.	0.0002449392
3440.	3450.	0.00023937
3450.	3460.	0.0002423208
3460.	3470.	0.0002349969
3470.	3480.	0.0002215606
3480.	3490.	0.0002162785
3490.	3500.	0.0002062041
3500.	3510.	0.0002004616
3510.	3520.	0.0002010068
3520.	3530.	0.0001825288
3530.	3540.	0.000196867
3540.	3550.	0.0001893158
3550.	3560.	0.0001805228
3560.	3570.	0.0001865288
3570.	3580.	0.0001694884
3580.	3590.	0.0001713292
3590.	3600.	0.0001708842
3600.	3610.	0.0001683705
3610.	3620.	0.0001564339
3620.	3630.	0.0001506401
3630.	3640.	0.0001452618
3640.	3650.	0.0001462768
3650.	3660.	0.000138597
3660.	3670.	0.0001484947
3670.	3680.	0.0001361846
3680.	3690.	0.0001238324
3690.	3700.	0.0001319019
3700.	3710.	0.0001289281
3710.	3720.	0.0001234531
3720.	3730.	0.000116998
3730.	3740.	0.0001194346
3740.	3750.	0.0001160662
3750.	3760.	0.0001084748
3760.	3770.	0.0001113233
3770.	3780.	0.0001210561
3780.	3790.	0.0001139313
3790.	3800.	0.0001054155
3800.	3810.	0.00009883131
3810.	3820.	0.00009754387
3820.	3830.	0.00008954892
3830.	3840.	0.00009774198
3840.	3850.	0.00009529757
3850.	3860.	0.00008469078
3860.	3870.	0.00008915324
3870.	3880.	0.0000810585
3880.	3890.	0.00009551139
3890.	3900.	0.00007552903
3900.	3910.	0.00008020575
3910.	3920.	0.00007295558
3920.	3930.	0.00006772348
3930.	3940.	0.00007692446
3940.	3950.	0.00007609861
3950.	3960.	0.00006685499
3960.	3970.	0.00006318759
3970.	3980.	0.00006957887
3980.	3990.	0.00006617265
3990.	4000.	0.00006248133
4000.	4010.	0.00006099973
4010.	4020.	0.00006041149
4020.	4030.	0.00005914521
4030.	4040.	0.000055027
4040.	4050.	0.00005607653
4050.	4060.	0.00004883854
4060.	4070.	0.00005425678
4070.	4080.	0.00004912761
4080.	4090.	0.00004804758
4090.	4100.	0.00004855318
4100.	4110.	0.00004727911
4110.	4120.	0.00004092043
4120.	4130.	0.00004397798
4130.	4140.	0.00004073013
4140.	4150.	0.00004155279
4150.	4160.	0.00003663439
4160.	4170.	0.00004019024
4170.	4180.	0.00003896956
4180.	4190.	0.00003779954
4190.	4200.	0.00003677372
4200.	4210.	0.00003168858
4210.	4220.	0.0000268915
4220.	4230.	0.00003304325
4230.	4240.	0.00003068459
4240.	4250.	0.00003449959
4250.	4260.	0.00003161
4260.	4270.	0.00002430585
4270.	4280.	0.0000301603
4280.	4290.	0.00002718983
4290.	4300.	0.00002685474
4300.	4310.	0.00002426095
4310.	4320.	0.00002663508
4320.	4330.	0.00002433151
4330.	4340.	0.00002191003
4340.	4350.	0.00002256204
4350.	4360.	0.00002071279
4360.	4370.	0.00002057416
4370.	4380.	0.00002183369
4380.	4390.	0.00001880945
4390.	4400.	0.00001901328
4400.	4410.	0.00001882041
4410.	4420.	0.00001806602
4420.	4430.	0.00001637348
4430.	4440.	0.00001776776
4440.	4450.	0.00001520264
4450.	4460.	0.00001829905
4460.	4470.	0.00001352006
4470.	4480.	0.00001399194
4480.	4490.	0.00001514443
4490.	4500.	0.00001225659
4500.	4510.	9.741509e-6
4510.	4520.	0.00001420675
4520.	4530.	0.00001522747
4530.	4540.	0.00001118914
4540.	4550.	0.00001053359
4550.	4560.	0.00001016597
4560.	4570.	9.570468e-6
4570.	4580.	8.467075e-6
4580.	4590.	9.499449e-6
4590.	4600.	8.08183e-6
4600.	4610.	8.291179e-6
4610.	4620.	7.516594e-6
4620.	4630.	9.754172e-6
4630.	4640.	8.719587e-6
4640.	4650.	8.656768e-6
4650.	4660.	7.166134e-6
4660.	4670.	8.718813e-6
4670.	4680.	8.851336e-6
4680.	4690.	5.778229e-6
4690.	4700.	5.95237e-6
4700.	4710.	5.27945e-6
4710.	4720.	5.579731e-6
4720.	4730.	3.265622e-6
4730.	4740.	3.479259e-6
4740.	4750.	3.144469e-6
4750.	4760.	4.125386e-6
4760.	4770.	4.553942e-6
4770.	4780.	3.356019e-6
4780.	4790.	2.906722e-6
4790.	4800.	3.850941e-6
4800.	4810.	2.118355e-6
4810.	4820.	2.30794e-6
4820.	4830.	2.673235e-6
4830.	4840.	2.514139e-6
4840.	4850.	1.562849e-6
4850.	4860.	1.780898e-6
4860.	4870.	1.972248e-6
4870.	4880.	1.987317e-6
4880.	4890.	1.389821e-6
4890.	4900.	1.265881e-6
4900.	4910.	1.019754e-6
4910.	4920.	5.707674e-7
4920.	4930.	4.505727e-7
4930.	4940.	5.600548e-7
4940.	4950.	1.21403e-6
4950.	4960.	3.270303e-7
4960.	4970.	1.079252e-7
4970.	4980.	1.086212e-7
4980.	4990.	1.067479e-7
4990.	5000.	0.
5000.	5010.	0.
5010.	5020.	0.
5020.	5030.	0.
5030.	5040.	0.
5040.	5050.	0.
5050.	5060.	0.
5060.	5070.	0.
5070.	5080.	0.
5080.	5090.	0.
5090.	5100.	0.
5100.	5110.	0.
5110.	5120.	0.
5120.	5130.	0.
5130.	5140.	0.
5140.	5150.	0.
5150.	5160.	0.
5160.	5170.	0.
5170.	5180.	0.
5180.	5190.	0.
5190.	5200.	0.
5200.	5210.	0.
5210.	5220.	0.
5220.	5230.	0.
5230.	5240.	0.
5240.	5250.	0.
5250.	5260.	0.
5260.	5270.	0.
5270.	5280.	0.
5280.	5290.	0.
5290.	5300.	0.
5300.	5310.	0.
5310.	5320.	0.
5320.	5330.	0.
5330.	5340.	0.
5340.	5350.	0.
5350.	5360.	0.
5360.	5370.	0.
5370.	5380.	0.
5380.	5390.	0.
5390.	5400.	0.
5400.	5410.	0.
5410.	5420.	0.
5420.	5430.	0.
5430.	5440.	0.
5440.	5450.	0.
5450.	5460.	0.
5460.	5470.	0.
5470.	5480.	0.
5480.	5490.	0.
5490.	5500.	0.
5500.	5510.	0.
5510.	5520.	0.
5520.	5530.	0.
5530.	5540.	0.
5540.	5550.	0.
5550.	5560.	0.
5560.	5570.	0.
5570.	5580.	0.
5580.	5590.	0.
5590.	5600.	0.
5600.	5610.	0.
5610.	5620.	0.
5620.	5630.	0.
5630.	5640.	0.
5640.	5650.	0.
5650.	5660.	0.
5660.	5670.	0.
5670.	5680.	0.
5680.	5690.	0.
5690.	5700.	0.
5700.	5710.	0.
5710.	5720.	0.
5720.	5730.	0.
5730.	5740.	0.
5740.	5750.	0.
5750.	5760.	0.
5760.	5770.	0.
5770.	5780.	0.
5780.	5790.	0.
5790.	5800.	0.
5800.	5810.	0.
5810.	5820.	0.
5820.	5830.	0.
5830.	5840.	0.
5840.	5850.	0.
5850.	5860.	0.
5860.	5870.	0.
5870.	5880.	0.
5880.	5890.	0.
5890.	5900.	0.
5900.	5910.	0.
5910.	5920.	0.
5920.	5930.	0.
5930.	5940.	0.
5940.	5950.	0.
5950.	5960.	0.
5960.	5970.	0.
5970.	5980.	0.
5980.	5990.	0.
5990.	6000.	0.
6000.	6010.	0.
6010.	6020.	0.
6020.	6030.	0.
6030.	6040.	0.
6040.	6050.	0.
6050.	6060.	0.
6060.	6070.	0.
6070.	6080.	0.
6080.	6090.	0.
6090.	6100.	0.
6100.	6110.	0.
6110.	6120.	0.
6120.	6130.	0.
6130.	6140.	0.
6140.	6150.	0.
6150.	6160.	0.
6160.	6170.	0.
6170.	6180.	0.
6180.	6190.	0.
6190.	6200.	0.
6200.	6210.	0.
6210.	6220.	0.
6220.	6230.	0.
6230.	6240.	0.
6240.	6250.	0.
6250.	6260.	0.
6260.	6270.	0.
6270.	6280.	0.
6280.	6290.	0.
6290.	6300.	0.
6300.	6310.	0.
6310.	6320.	0.
6320.	6330.	0.
6330.	6340.	0.
6340.	6350.	0.
6350.	6360.	0.
6360.	6370.	0.
6370.	6380.	0.
6380.	6390.	0.
6390.	6400.	0.
6400.	6410.	0.
6410.	6420.	0.
6420.	6430.	0.
6430.	6440.	0.
6440.	6450.	0.
6450.	6460.	0.
6460.	6470.	0.
6470.	6480.	0.
6480.	6490.	0.
6490.	6500.	0.
6500.	6510.	0.
6510.	6520.	0.
6520.	6530.	0.
6530.	6540.	0.
6540.	6550.	0.
6550.	6560.	0.
6560.	6570.	0.
6570.	6580.	0.
6580.	6590.	0.
6590.	6600.	0.
6600.	6610.	0.
6610.	6620.	0.
6620.	6630.	0.
6630.	6640.	0.
6640.	6650.	0.
6650.	6660.	0.
6660.	6670.	0.
6670.	6680.	0.
6680.	6690.	0.
6690.	6700.	0.
6700.	6710.	0.
6710.	6720.	0.
6720.	6730.	0.
6730.	6740.	0.
6740.	6750.	0.
6750.	6760.	0.
6760.	6770.	0.
6770.	6780.	0.
6780.	6790.	0.
6790.	6800.	0.
6800.	6810.	0.
6810.	6820.	0.
6820.	6830.	0.
6830.	6840.	0.
6840.	6850.	0.
6850.	6860.	0.
6860.	6870.	0.
6870.	6880.	0.
6880.	6890.	0.
6890.	6900.	0.
6900.	6910.	0.
6910.	6920.	0.
6920.	6930.	0.
6930.	6940.	0.
6940.	6950.	0.
6950.	6960.	0.
6960.	6970.	0.
6970.	6980.	0.
6980.	6990.	0.
6990.	7000.	0.
7000.	7010.	0.
7010.	7020.	0.
7020.	7030.	0.
7030.	7040.	0.
7040.	7050.	0.
7050.	7060.	0.
7060.	7070.	0.
7070.	7080.	0.
7080.	7090.	0.
7090.	7100.	0.
7100.	7110.	0.
7110.	7120.	0.
7120.	7130.	0.
7130.	7140.	0.
7140.	7150.	0.
7150.	7160.	0.
7160.	7170.	0.
7170.	7180.	0.
7180.	7190.	0.
7190.	7200.	0.
7200.	7210.	0.
7210.	7220.	0.
7220.	7230.	0.
7230.	7240.	0.
7240.	7250.	0.
7250.	7260.	0.
7260.	7270.	0.
7270.	7280.	0.
7280.	7290.	0.
7290.	7300.	0.
7300.	7310.	0.
7310.	7320.	0.
7320.	7330.	0.
7330.	7340.	0.
7340.	7350.	0.
7350.	7360.	0.
7360.	7370.	0.
7370.	7380.	0.
7380.	7390.	0.
7390.	7400.	0.
7400.	7410.	0.
7410.	7420.	0.
7420.	7430.	0.
7430.	7440.	0.
7440.	7450.	0.
7450.	7460.	0.
7460.	7470.	0.
7470.	7480.	0.
7480.	7490.	0.
7490.	7500.	0.
7500.	7510.	0.
7510.	7520.	0.
7520.	7530.	0.
7530.	7540.	0.
7540.	7550.	0.
7550.	7560.	0.
7560.	7570.	0.
7570.	7580.	0.
7580.	7590.	0.
7590.	7600.	0.
7600.	7610.	0.
7610.	7620.	0.
7620.	7630.	0.
7630.	7640.	0.
7640.	7650.	0.
7650.	7660.	0.
7660.	7670.	0.
7670.	7680.	0.
7680.	7690.	0.
7690.	7700.	0.
7700.	7710.	0.
7710.	7720.	0.
7720.	7730.	0.
7730.	7740.	0.
7740.	7750.	0.
7750.	7760.	0.
7760.	7770.	0.
7770.	7780.	0.
7780.	7790.	0.
7790.	7800.	0.
7800.	7810.	0.
7810.	7820.	0.
7820.	7830.	0.
7830.	7840.	0.
7840.	7850.	0.
7850.	7860.	0.
7860.	7870.	0.
7870.	7880.	0.
7880.	7890.	0.
7890.	7900.	0.
7900.	7910.	0.
7910.	7920.	0.
7920.	7930.	0.
7930.	7940.	0.
7940.	7950.	0.
7950.	7960.	0.
7960.	7970.	0.
7970.	7980.	0.
7980.	7990.	0.
7990.	8000.	0.
8000.	8010.	0.
8010.	8020.	0.
8020.	8030.	0.
8030.	8040.	0.
8040.	8050.	0.
8050.	8060.	0.
8060.	8070.	0.
8070.	8080.	0.
8080.	8090.	0.
8090.	8100.	0.
8100.	8110.	0.
8110.	8120.	0.
8120.	8130.	0.
8130.	8140.	0.
8140.	8150.	0.
8150.	8160.	0.
8160.	8170.	0.
8170.	8180.	0.
8180.	8190.	0.
8190.	8200.	0.
8200.	8210.	0.
8210.	8220.	0.
8220.	8230.	0.
8230.	8240.	0.
8240.	8250.	0.
8250.	8260.	0.
8260.	8270.	0.
8270.	8280.	0.
8280.	8290.	0.
8290.	8300.	0.
8300.	8310.	0.
8310.	8320.	0.
8320.	8330.	0.
8330.	8340.	0.
8340.	8350.	0.
8350.	8360.	0.
8360.	8370.	0.
8370.	8380.	0.
8380.	8390.	0.
8390.	8400.	0.
8400.	8410.	0.
8410.	8420.	0.
8420.	8430.	0.
8430.	8440.	0.
8440.	8450.	0.
8450.	8460.	0.
8460.	8470.	0.
8470.	8480.	0.
8480.	8490.	0.
8490.	8500.	0.
8500.	8510.	0.
8510.	8520.	0.
8520.	8530.	0.
8530.	8540.	0.
8540.	8550.	0.
8550.	8560.	0.
8560.	8570.	0.
8570.	8580.	0.
8580.	8590.	0.
8590.	8600.	0.
8600.	8610.	0.
8610.	8620.	0.
8620.	8630.	0.
8630.	8640.	0.
8640.	8650.	0.
8650.	8660.	0.
8660.	8670.	0.
8670.	8680.	0.
8680.	8690.	0.
8690.	8700.	0.
8700.	8710.	0.
8710.	8720.	0.
8720.	8730.	0.
8730.	8740.	0.
8740.	8750.	0.
8750.	8760.	0.
8760.	8770.	0.
8770.	8780.	0.
8780.	8790.	0.
8790.	8800.	0.
8800.	8810.	0.
8810.	8820.	0.
8820.	8830.	0.
8830.	8840.	0.
8840.	8850.	0.
8850.	8860.	0.
8860.	8870.	0.
8870.	8880.	0.
8880.	8890.	0.
8890.	8900.	0.
8900.	8910.	0.
8910.	8920.	0.
8920.	8930.	0.
8930.	8940.	0.
8940.	8950.	0.
8950.	8960.	0.
8960.	8970.	0.
8970.	8980.	0.
8980.	8990.	0.
8990.	9000.	0.
9000.	9010.	0.
9010.	9020.	0.
9020.	9030.	0.
9030.	9040.	0.
9040.	9050.	0.
9050.	9060.	0.
9060.	9070.	0.
9070.	9080.	0.
9080.	9090.	0.
9090.	9100.	0.
9100.	9110.	0.
9110.	9120.	0.
9120.	9130.	0.
9130.	9140.	0.
9140.	9150.	0.
9150.	9160.	0.
9160.	9170.	0.
9170.	9180.	0.
9180.	9190.	0.
9190.	9200.	0.
9200.	9210.	0.
9210.	9220.	0.
9220.	9230.	0.
9230.	9240.	0.
9240.	9250.	0.
9250.	9260.	0.
9260.	9270.	0.
9270.	9280.	0.
9280.	9290.	0.
9290.	9300.	0.
9300.	9310.	0.
9310.	9320.	0.
9320.	9330.	0.
9330.	9340.	0.
9340.	9350.	0.
9350.	9360.	0.
9360.	9370.	0.
9370.	9380.	0.
9380.	9390.	0.
9390.	9400.	0.
9400.	9410.	0.
9410.	9420.	0.
9420.	9430.	0.
9430.	9440.	0.
9440.	9450.	0.
9450.	9460.	0.
9460.	9470.	0.
9470.	9480.	0.
9480.	9490.	0.
9490.	9500.	0.
9500.	9510.	0.
9510.	9520.	0.
9520.	9530.	0.
9530.	9540.	0.
9540.	9550.	0.
9550.	9560.	0.
9560.	9570.	0.
9570.	9580.	0.
9580.	9590.	0.
9590.	9600.	0.
9600.	9610.	0.
9610.	9620.	0.
9620.	9630.	0.
9630.	9640.	0.
9640.	9650.	0.
9650.	9660.	0.
9660.	9670.	0.
9670.	9680.	0.
9680.	9690.	0.
9690.	9700.	0.
9700.	9710.	0.
9710.	9720.	0.
9720.	9730.	0.
9730.	9740.	0.
9740.	9750.	0.
9750.	9760.	0.
9760.	9770.	0.
9770.	9780.	0.
9780.	9790.	0.
9790.	9800.	0.
9800.	9810.	0.
9810.	9820.	0.
9820.	9830.	0.
9830.	9840.	0.
9840.	9850.	0.
9850.	9860.	0.
9860.	9870.	0.
9870.	9880.	0.
9880.	9890.	0.
9890.	9900.	0.
9900.	9910.	0.
9910.	9920.	0.
9920.	9930.	0.
9930.	9940.	0.
9940.	9950.	0.
9950.	9960.	0.
9960.	9970.	0.
9970.	9980.	0.
9980.	9990.	0.
9990.	10000.	0.
10000.	10010.	0.