-10.	0.	0.
0.	10.	0.
10.	20.	0.
20.	30.	0.
30.	40.	0.
40.	50.	0.
50.	60.	0.
60.	70.	0.
70.	80.	0.
80.	90.	0.
90.	100.	0.
100.	110.	0.
110.	120.	0.
120.	130.	0.
130.	140.	0.
140.	150.	0.
150.	160.	0.
160.	170.	0.
170.	180.	0.
180.	190.	0.
190.	200.	0.
200.	210.	0.
210.	220.	0.
220.	230.	0.
230.	240.	0.
240.	250.	0.
250.	260.	0.
260.	270.	0.
270.	280.	0.
280.	290.	0.
290.	300.	0.
300.	310.	0.
310.	320.	0.
320.	330.	0.
330.	340.	0.
340.	350.	213.5187
350.	360.	445.6043
360.	370.	568.307
370.	380.	661.1412
380.	390.	753.9754
390.	400.	857.7076
400.	410.	882.3288
410.	420.	951.7527
420.	430.	1042.165
430.	440.	1105.938
440.	450.	1090.197
450.	460.	1170.519
460.	470.	1257.298
470.	480.	1250.84
480.	490.	1282.727
490.	500.	1367.085
500.	510.	1361.838
510.	520.	1425.611
520.	530.	1399.779
530.	540.	1433.683
540.	550.	1482.522
550.	560.	1497.86
560.	570.	1476.064
570.	580.	1513.198
580.	590.	1523.289
590.	600.	1589.484
600.	610.	1548.314
610.	620.	1596.749
620.	630.	1569.706
630.	640.	1584.236
640.	650.	1612.894
650.	660.	1597.96
660.	670.	1581.411
670.	680.	1651.238
680.	690.	1633.075
690.	700.	1619.756
700.	710.	1660.118
710.	720.	1654.467
720.	730.	1641.551
730.	740.	1618.141
740.	750.	1662.944
750.	760.	1630.25
760.	770.	1668.998
770.	780.	1627.021
780.	790.	1656.889
790.	800.	1633.479
800.	810.	1606.436
810.	820.	1658.907
820.	830.	1661.329
830.	840.	1627.021
840.	850.	1639.13
850.	860.	1613.701
860.	870.	1615.719
870.	880.	1626.617
880.	890.	1646.395
890.	900.	1625.406
900.	910.	1644.78
910.	920.	1569.706
920.	930.	1577.778
930.	940.	1645.184
940.	950.	1608.858
950.	960.	1695.637
960.	970.	1570.513
970.	980.	1558.808
980.	990.	1581.411
990.	1000.	1542.663
1000.	1010.	1575.357
1010.	1020.	1604.014
1020.	1030.	1541.856
1030.	1040.	1527.325
1040.	1050.	1551.946
1050.	1060.	1505.125
1060.	1070.	1585.447
1070.	1080.	1551.139
1080.	1090.	1503.915
1090.	1100.	1520.06
1100.	1110.	1504.722
1110.	1120.	1467.184
1120.	1130.	1493.017
1130.	1140.	1483.33
1140.	1150.	1435.702
1150.	1160.	1493.824
1160.	1170.	1436.912
1170.	1180.	1448.618
1180.	1190.	1453.058
1190.	1200.	1457.497
1200.	1210.	1444.581
1210.	1220.	1501.896
1220.	1230.	1439.738
1230.	1240.	1390.495
1240.	1250.	1419.557
1250.	1260.	1462.745
1260.	1270.	1405.43
1270.	1280.	1384.037
1280.	1290.	1381.616
1290.	1300.	1371.929
1300.	1310.	1369.91
1310.	1320.	1388.477
1320.	1330.	1376.772
1330.	1340.	1311.788
1340.	1350.	1316.228
1350.	1360.	1331.162
1360.	1370.	1371.121
1370.	1380.	1340.446
1380.	1390.	1308.963
1390.	1400.	1305.734
1400.	1410.	1299.679
1410.	1420.	1321.879
1420.	1430.	1298.065
1430.	1440.	1306.541
1440.	1450.	1292.818
1450.	1460.	1275.462
1460.	1470.	1247.208
1470.	1480.	1265.775
1480.	1490.	1222.183
1490.	1500.	1244.382
1500.	1510.	1245.19
1510.	1520.	1214.514
1520.	1530.	1215.725
1530.	1540.	1238.328
1540.	1550.	1229.448
1550.	1560.	1185.049
1560.	1570.	1225.815
1570.	1580.	1207.652
1580.	1590.	1204.423
1590.	1600.	1176.169
1600.	1610.	1174.958
1610.	1620.	1158.813
1620.	1630.	1122.487
1630.	1640.	1160.024
1640.	1650.	1193.525
1650.	1660.	1162.446
1660.	1670.	1105.131
1670.	1680.	1139.843
1680.	1690.	1105.131
1690.	1700.	1076.473
1700.	1710.	1101.095
1710.	1720.	1149.934
1720.	1730.	1103.113
1730.	1740.	1085.757
1740.	1750.	1103.92
1750.	1760.	1058.714
1760.	1770.	1038.936
1770.	1780.	1027.635
1780.	1790.	1080.51
1790.	1800.	1058.714
1800.	1810.	1067.594
1810.	1820.	1075.666
1820.	1830.	1042.972
1830.	1840.	1075.263
1840.	1850.	982.4284
1850.	1860.	1032.074
1860.	1870.	995.3444
1870.	1880.	1015.122
1880.	1890.	995.748
1890.	1900.	1021.58
1900.	1910.	984.8501
1910.	1920.	964.2651
1920.	1930.	982.0247
1930.	1940.	1001.399
1940.	1950.	979.1993
1950.	1960.	965.476
1960.	1970.	984.0429
1970.	1980.	993.7299
1980.	1990.	960.2289
1990.	2000.	941.2584
2000.	2010.	948.1201
2010.	2020.	962.247
2020.	2030.	936.8185
2030.	2040.	940.4511
2040.	2050.	969.9159
2050.	2060.	927.9387
2060.	2070.	911.7936
2070.	2080.	900.8957
2080.	2090.	949.7346
2090.	2100.	892.4195
2100.	2110.	915.0226
2110.	2120.	877.4853
2120.	2130.	895.6485
2130.	2140.	916.6371
2140.	2150.	846.406
2150.	2160.	879.9071
2160.	2170.	859.7257
2170.	2180.	866.5874
2180.	2190.	904.5283
2190.	2200.	843.9843
2200.	2210.	869.4128
2210.	2220.	860.1293
2220.	2230.	868.6055
2230.	2240.	799.9889
2240.	2250.	855.6894
2250.	2260.	841.1589
2260.	2270.	860.9366
2270.	2280.	839.1407
2280.	2290.	795.1454
2290.	2300.	811.6941
2300.	2310.	835.9117
2310.	2320.	820.9775
2320.	2330.	780.2112
2330.	2340.	791.5127
2340.	2350.	786.6692
2350.	2360.	766.0842
2360.	2370.	789.091
2370.	2380.	811.2905
2380.	2390.	792.32
2390.	2400.	800.7962
2400.	2410.	779.8076
2410.	2420.	709.9801
2420.	2430.	730.1614
2430.	2440.	748.7283
2440.	2450.	769.3132
2450.	2460.	749.9391
2460.	2470.	758.0117
2470.	2480.	725.3179
2480.	2490.	751.15
2490.	2500.	716.0345
2500.	2510.	728.1433
2510.	2520.	713.2091
2520.	2530.	724.9143
2530.	2540.	698.6785
2540.	2550.	731.7759
2550.	2560.	708.3656
2560.	2570.	728.5469
2570.	2580.	687.3769
2580.	2590.	691.8168
2590.	2600.	670.8282
2600.	2610.	687.3769
2610.	2620.	702.7148
2620.	2630.	660.7376
2630.	2640.	699.4858
2640.	2650.	683.7443
2650.	2660.	683.3407
2660.	2670.	689.3951
2670.	2680.	689.7987
2680.	2690.	692.6241
2690.	2700.	633.6945
2700.	2710.	661.5448
2710.	2720.	662.3521
2720.	2730.	657.1049
2730.	2740.	636.5199
2740.	2750.	632.8873
2750.	2760.	653.8759
2760.	2770.	602.6153
2770.	2780.	648.6287
2780.	2790.	632.4837
2790.	2800.	613.1096
2800.	2810.	632.4837
2810.	2820.	623.2002
2820.	2830.	646.207
2830.	2840.	600.1935
2840.	2850.	611.4951
2850.	2860.	617.9531
2860.	2870.	594.1391
2870.	2880.	622.393
2880.	2890.	589.2956
2890.	2900.	587.2774
2900.	2910.	578.8013
2910.	2920.	598.579
2920.	2930.	596.1572
2930.	2940.	588.4883
2940.	2950.	587.2774
2950.	2960.	574.765
2960.	2970.	566.2888
2970.	2980.	582.0303
2980.	2990.	596.9645
2990.	3000.	572.3432
3000.	3010.	562.2525
3010.	3020.	565.0779
3020.	3030.	544.493
3030.	3040.	547.722
3040.	3050.	547.722
3050.	3060.	548.5292
3060.	3070.	537.6313
3070.	3080.	540.4567
3080.	3090.	557.8126
3090.	3100.	556.1981
3100.	3110.	549.7401
3110.	3120.	524.3116
3120.	3130.	534.8059
3130.	3140.	550.5474
3140.	3150.	507.7629
3150.	3160.	515.8354
3160.	3170.	517.4499
3170.	3180.	504.5339
3180.	3190.	526.7334
3190.	3200.	488.3888
3200.	3210.	503.7266
3210.	3220.	533.9987
3220.	3230.	489.196
3230.	3240.	514.6245
3240.	3250.	513.8173
3250.	3260.	506.9556
3260.	3270.	489.5997
3270.	3280.	492.8287
3280.	3290.	490.0033
3290.	3300.	475.0691
3300.	3310.	466.9966
3310.	3320.	482.3344
3320.	3330.	461.7494
3330.	3340.	462.9603
3340.	3350.	435.9173
3350.	3360.	486.7743
3360.	3370.	475.4727
3370.	3380.	481.9308
3380.	3390.	450.8515
3390.	3400.	454.4841
3400.	3410.	468.6111
3410.	3420.	469.4183
3420.	3430.	442.7789
3430.	3440.	452.8696
3440.	3450.	473.4546
3450.	3460.	448.8333
3460.	3470.	418.1577
3470.	3480.	452.8696
3480.	3490.	428.652
3490.	3500.	452.0623
3500.	3510.	451.6587
3510.	3520.	436.3209
3520.	3530.	455.2914
3530.	3540.	429.8629
3540.	3550.	428.652
3550.	3560.	431.881
3560.	3570.	449.6406
3570.	3580.	424.6157
3580.	3590.	419.7722
3590.	3600.	417.3504
3600.	3610.	428.652
3610.	3620.	411.296
3620.	3630.	385.0603
3630.	3640.	402.4162
3640.	3650.	385.0603
3650.	3660.	425.423
3660.	3670.	384.253
3670.	3680.	407.6634
3680.	3690.	402.8198
3690.	3700.	382.6385
3700.	3710.	392.7292
3710.	3720.	413.7178
3720.	3730.	408.8742
3730.	3740.	398.3799
3740.	3750.	389.0965
3750.	3760.	392.7292
3760.	3770.	371.7406
3770.	3780.	385.0603
3780.	3790.	387.0784
3790.	3800.	383.8494
3800.	3810.	379.8131
3810.	3820.	388.2893
3820.	3830.	382.6385
3830.	3840.	375.7768
3840.	3850.	375.3732
3850.	3860.	372.9514
3860.	3870.	370.9333
3870.	3880.	359.6317
3880.	3890.	391.1147
3890.	3900.	349.5411
3900.	3910.	364.8789
3910.	3920.	351.5592
3920.	3930.	360.8426
3930.	3940.	364.4753
3940.	3950.	358.4209
3950.	3960.	351.9628
3960.	3970.	357.21
3970.	3980.	358.8245
3980.	3990.	337.8359
3990.	4000.	328.1488
4000.	4010.	357.6136
4010.	4020.	352.3665
4020.	4030.	337.4323
4030.	4040.	353.1737
4040.	4050.	325.7271
4050.	4060.	324.5162
4060.	4070.	336.625
4070.	4080.	330.167
4080.	4090.	324.1126
4090.	4100.	340.6613
4100.	4110.	328.5525
4110.	4120.	329.7633
4120.	4130.	326.5343
4130.	4140.	332.5887
4140.	4150.	320.4799
4150.	4160.	317.2509
4160.	4170.	305.9493
4170.	4180.	315.6364
4180.	4190.	312.811
4190.	4200.	324.1126
4200.	4210.	306.7566
4210.	4220.	304.7385
4220.	4230.	301.9131
4230.	4240.	312.811
4240.	4250.	299.4913
4250.	4260.	313.6183
4260.	4270.	302.3167
4270.	4280.	309.582
4280.	4290.	288.1897
4290.	4300.	297.4732
4300.	4310.	299.4913
4310.	4320.	296.6659
4320.	4330.	301.5094
4330.	4340.	289.4006
4340.	4350.	322.9017
4350.	4360.	302.7203
4360.	4370.	280.1172
4370.	4380.	297.0695
4380.	4390.	287.7861
4390.	4400.	284.9607
4400.	4410.	290.2079
4410.	4420.	274.0628
4420.	4430.	275.2737
4430.	4440.	275.2737
4440.	4450.	287.7861
4450.	4460.	293.0333
4460.	4470.	286.9789
4470.	4480.	263.1649
4480.	4490.	265.9903
4490.	4500.	268.0084
4500.	4510.	258.725
4510.	4520.	263.9721
4520.	4530.	254.6887
4530.	4540.	265.9903
4540.	4550.	294.2442
4550.	4560.	255.8996
4560.	4570.	267.6048
4570.	4580.	262.7612
4580.	4590.	255.8996
4590.	4600.	268.8156
4600.	4610.	241.7726
4610.	4620.	285.3644
4620.	4630.	259.1286
4630.	4640.	250.2488
4640.	4650.	266.7975
4650.	4660.	242.1763
4660.	4670.	239.3509
4670.	4680.	246.6162
4680.	4690.	245.8089
4690.	4700.	232.4892
4700.	4710.	261.1467
4710.	4720.	241.369
4720.	4730.	247.827
4730.	4740.	245.8089
4740.	4750.	254.2851
4750.	4760.	245.8089
4760.	4770.	249.4415
4770.	4780.	226.4348
4780.	4790.	248.6343
4790.	4800.	219.9768
4800.	4810.	239.7545
4810.	4820.	228.4529
4820.	4830.	238.14
4830.	4840.	238.5436
4840.	4850.	219.9768
4850.	4860.	228.8566
4860.	4870.	240.1581
4870.	4880.	208.6752
4880.	4890.	213.9224
4890.	4900.	230.8747
4900.	4910.	217.555
4910.	4920.	218.7659
4920.	4930.	217.9586
4930.	4940.	220.3804
4940.	4950.	211.5006
4950.	4960.	236.5255
4960.	4970.	213.1151
4970.	4980.	196.97
4980.	4990.	209.8861
4990.	5000.	221.5913
5000.	5010.	207.0607
5010.	5020.	224.8203
5020.	5030.	214.7296
5030.	5040.	199.3918
5040.	5050.	212.7115
5050.	5060.	203.4281
5060.	5070.	218.3623
5070.	5080.	208.2716
5080.	5090.	199.3918
5090.	5100.	221.5913
5100.	5110.	212.3079
5110.	5120.	210.6933
5120.	5130.	207.4643
5130.	5140.	199.3918
5140.	5150.	213.1151
5150.	5160.	198.5845
5160.	5170.	210.2897
5170.	5180.	189.3011
5180.	5190.	199.7954
5190.	5200.	217.1514
5200.	5210.	192.1265
5210.	5220.	190.1084
5220.	5230.	203.8317
5230.	5240.	195.3555
5240.	5250.	196.97
5250.	5260.	185.6685
5260.	5270.	200.199
5270.	5280.	181.2286
5280.	5290.	191.7229
5290.	5300.	189.7047
5300.	5310.	198.1809
5310.	5320.	207.868
5320.	5330.	173.5597
5330.	5340.	176.7887
5340.	5350.	185.2648
5350.	5360.	188.8975
5360.	5370.	166.2944
5370.	5380.	179.6141
5380.	5390.	157.8182
5390.	5400.	172.7524
5400.	5410.	186.8793
5410.	5420.	170.3306
5420.	5430.	178.4032
5430.	5440.	176.7887
5440.	5450.	168.3125
5450.	5460.	169.5234
5460.	5470.	172.7524
5470.	5480.	173.156
5480.	5490.	153.3783
5490.	5500.	178.4032
5500.	5510.	171.5415
5510.	5520.	172.7524
5520.	5530.	165.4871
5530.	5540.	156.2037
5540.	5550.	164.2762
5550.	5560.	161.4508
5560.	5570.	175.5778
5570.	5580.	166.2944
5580.	5590.	153.7819
5590.	5600.	166.698
5600.	5610.	165.0835
5610.	5620.	137.2332
5620.	5630.	162.6617
5630.	5640.	156.2037
5640.	5650.	161.0472
5650.	5660.	159.4327
5660.	5670.	156.6073
5670.	5680.	162.2581
5680.	5690.	155.3964
5690.	5700.	155.3964
5700.	5710.	161.8545
5710.	5720.	156.6073
5720.	5730.	159.0291
5730.	5740.	158.2218
5740.	5750.	157.0109
5750.	5760.	136.426
5760.	5770.	157.8182
5770.	5780.	140.0586
5780.	5790.	144.0949
5790.	5800.	138.4441
5800.	5810.	149.7457
5810.	5820.	139.655
5820.	5830.	146.5166
5830.	5840.	145.7094
5840.	5850.	137.6368
5850.	5860.	132.7933
5860.	5870.	148.1311
5870.	5880.	156.6073
5880.	5890.	139.2513
5890.	5900.	144.4985
5900.	5910.	147.3239
5910.	5920.	144.4985
5920.	5930.	130.3716
5930.	5940.	134.8115
5940.	5950.	152.9747
5950.	5960.	121.8954
5960.	5970.	131.1788
5970.	5980.	135.6187
5980.	5990.	129.1607
5990.	6000.	139.655
6000.	6010.	132.7933
6010.	6020.	135.6187
6020.	6030.	134.0042
6030.	6040.	143.2876
6040.	6050.	131.1788
6050.	6060.	125.528
6060.	6070.	131.1788
6070.	6080.	132.3897
6080.	6090.	119.07
6090.	6100.	124.3171
6100.	6110.	131.5824
6110.	6120.	115.0337
6120.	6130.	123.5099
6130.	6140.	132.7933
6140.	6150.	134.0042
6150.	6160.	124.3171
6160.	6170.	121.4918
6170.	6180.	113.0156
6180.	6190.	121.4918
6190.	6200.	115.841
6200.	6210.	110.5938
6210.	6220.	128.3534
6220.	6230.	113.0156
6230.	6240.	112.2083
6240.	6250.	117.8591
6250.	6260.	106.1539
6260.	6270.	118.2627
6270.	6280.	123.9135
6280.	6290.	127.9498
6290.	6300.	121.4918
6300.	6310.	115.4373
6310.	6320.	113.4192
6320.	6330.	113.4192
6330.	6340.	101.3104
6340.	6350.	107.3648
6350.	6360.	113.4192
6360.	6370.	113.8228
6370.	6380.	115.841
6380.	6390.	109.7866
6390.	6400.	120.2809
6400.	6410.	94.85237
6410.	6420.	112.2083
6420.	6430.	92.83423
6430.	6440.	102.1177
6440.	6450.	103.3285
6450.	6460.	109.7866
6460.	6470.	102.1177
6470.	6480.	101.714
6480.	6490.	102.5213
6490.	6500.	110.5938
6500.	6510.	110.1902
6510.	6520.	96.46688
6520.	6530.	102.5213
6530.	6540.	106.9612
6540.	6550.	105.3467
6550.	6560.	96.8705
6560.	6570.	94.44874
6570.	6580.	110.5938
6580.	6590.	93.64149
6590.	6600.	95.65962
6600.	6610.	98.08138
6610.	6620.	100.5031
6620.	6630.	104.1358
6630.	6640.	106.5576
6640.	6650.	111.4011
6650.	6660.	92.83423
6660.	6670.	104.943
6670.	6680.	100.9068
6680.	6690.	96.06325
6690.	6700.	92.02698
6700.	6710.	86.3762
6710.	6720.	87.18345
6720.	6730.	91.21972
6730.	6740.	87.18345
6740.	6750.	91.62335
6750.	6760.	96.06325
6760.	6770.	85.16532
6770.	6780.	97.67776
6780.	6790.	92.43061
6790.	6800.	75.88189
6800.	6810.	85.97257
6810.	6820.	92.83423
6820.	6830.	81.12905
6830.	6840.	92.83423
6840.	6850.	81.9363
6850.	6860.	93.64149
6860.	6870.	85.56894
6870.	6880.	92.83423
6880.	6890.	85.16532
6890.	6900.	81.9363
6900.	6910.	83.55081
6910.	6920.	79.51454
6920.	6930.	76.28552
6930.	6940.	85.97257
6940.	6950.	77.4964
6950.	6960.	71.84562
6960.	6970.	76.28552
6970.	6980.	86.77983
6980.	6990.	73.0565
6990.	7000.	75.07464
7000.	7010.	77.09278
7010.	7020.	76.68915
7020.	7030.	81.9363
7030.	7040.	82.33993
7040.	7050.	85.16532
7050.	7060.	71.442
7060.	7070.	81.53267
7070.	7080.	77.90003
7080.	7090.	75.07464
7090.	7100.	72.24925
7100.	7110.	85.56894
7110.	7120.	69.42386
7120.	7130.	77.09278
7130.	7140.	77.90003
7140.	7150.	78.30366
7150.	7160.	76.28552
7160.	7170.	76.28552
7170.	7180.	76.28552
7180.	7190.	78.30366
7190.	7200.	70.23111
7200.	7210.	73.0565
7210.	7220.	70.23111
7220.	7230.	71.03837
7230.	7240.	73.46013
7240.	7250.	81.53267
7250.	7260.	62.96583
7260.	7270.	70.63474
7270.	7280.	71.03837
7280.	7290.	71.442
7290.	7300.	68.61661
7300.	7310.	72.65288
7310.	7320.	66.59847
7320.	7330.	74.67101
7330.	7340.	67.80935
7340.	7350.	64.58034
7350.	7360.	65.38759
7360.	7370.	65.79122
7370.	7380.	73.86376
7380.	7390.	70.23111
7390.	7400.	73.86376
7400.	7410.	64.17671
7410.	7420.	62.15857
7420.	7430.	65.38759
7430.	7440.	66.19484
7440.	7450.	56.91142
7450.	7460.	61.35132
7460.	7470.	62.96583
7470.	7480.	62.15857
7480.	7490.	54.08603
7490.	7500.	55.70054
7500.	7510.	57.31505
7510.	7520.	58.1223
7520.	7530.	54.48966
7530.	7540.	61.75495
7540.	7550.	53.6824
7550.	7560.	57.71867
7560.	7570.	56.50779
7570.	7580.	50.04976
7580.	7590.	55.29691
7590.	7600.	58.52593
7600.	7610.	59.73681
7610.	7620.	59.73681
7620.	7630.	54.89329
7630.	7640.	51.66427
7640.	7650.	55.29691
7650.	7660.	60.54406
7660.	7670.	66.19484
7670.	7680.	57.71867
7680.	7690.	60.94769
7690.	7700.	50.45339
7700.	7710.	56.50779
7710.	7720.	54.08603
7720.	7730.	54.89329
7730.	7740.	49.24251
7740.	7750.	61.35132
7750.	7760.	48.83888
7760.	7770.	56.50779
7770.	7780.	50.85701
7780.	7790.	54.89329
7790.	7800.	52.0679
7800.	7810.	55.29691
7810.	7820.	49.24251
7820.	7830.	46.82074
7830.	7840.	52.47152
7840.	7850.	46.82074
7850.	7860.	49.64613
7860.	7870.	49.64613
7870.	7880.	48.43525
7880.	7890.	45.60986
7890.	7900.	55.29691
7900.	7910.	47.22437
7910.	7920.	43.99535
7920.	7930.	44.39898
7930.	7940.	50.04976
7940.	7950.	46.82074
7950.	7960.	47.22437
7960.	7970.	46.41712
7970.	7980.	41.57359
7980.	7990.	50.04976
7990.	8000.	45.20623
8000.	8010.	43.99535
8010.	8020.	42.78447
8020.	8030.	52.87515
8030.	8040.	39.95908
8040.	8050.	44.39898
8050.	8060.	41.16996
8060.	8070.	44.80261
8070.	8080.	43.1881
8080.	8090.	42.78447
8090.	8100.	44.80261
8100.	8110.	41.16996
8110.	8120.	41.16996
8120.	8130.	40.76634
8130.	8140.	38.34457
8140.	8150.	39.55546
8150.	8160.	43.99535
8160.	8170.	40.36271
8170.	8180.	39.55546
8180.	8190.	46.01349
8190.	8200.	43.59173
8200.	8210.	38.34457
8210.	8220.	33.90468
8220.	8230.	38.34457
8230.	8240.	43.59173
8240.	8250.	36.73007
8250.	8260.	33.90468
8260.	8270.	40.76634
8270.	8280.	38.34457
8280.	8290.	37.13369
8290.	8300.	37.13369
8300.	8310.	34.71193
8310.	8320.	37.53732
8320.	8330.	41.16996
8330.	8340.	37.13369
8340.	8350.	34.71193
8350.	8360.	33.09742
8360.	8370.	33.90468
8370.	8380.	37.94095
8380.	8390.	33.90468
8390.	8400.	30.27203
8400.	8410.	34.3083
8410.	8420.	33.09742
8420.	8430.	35.51918
8430.	8440.	35.92281
8440.	8450.	38.34457
8450.	8460.	35.11556
8460.	8470.	34.3083
8470.	8480.	35.11556
8480.	8490.	35.92281
8490.	8500.	27.04302
8500.	8510.	35.92281
8510.	8520.	27.85027
8520.	8530.	31.48291
8530.	8540.	37.13369
8540.	8550.	29.86841
8550.	8560.	40.36271
8560.	8570.	34.3083
8570.	8580.	33.50105
8580.	8590.	27.44664
8590.	8600.	28.65752
8600.	8610.	36.32644
8610.	8620.	26.23576
8620.	8630.	29.46478
8630.	8640.	31.07929
8640.	8650.	25.42851
8650.	8660.	32.29017
8660.	8670.	33.50105
8670.	8680.	33.09742
8680.	8690.	33.50105
8690.	8700.	23.00674
8700.	8710.	23.00674
8710.	8720.	25.42851
8720.	8730.	23.00674
8730.	8740.	24.62125
8740.	8750.	28.65752
8750.	8760.	27.44664
8760.	8770.	24.62125
8770.	8780.	21.39224
8780.	8790.	25.83213
8790.	8800.	20.58498
8800.	8810.	18.97047
8810.	8820.	23.41037
8820.	8830.	24.21763
8830.	8840.	23.41037
8840.	8850.	20.58498
8850.	8860.	28.2539
8860.	8870.	25.42851
8870.	8880.	23.814
8880.	8890.	22.19949
8890.	8900.	25.42851
8900.	8910.	23.814
8910.	8920.	26.23576
8920.	8930.	23.41037
8930.	8940.	21.79586
8940.	8950.	23.41037
8950.	8960.	26.63939
8960.	8970.	23.814
8970.	8980.	25.02488
8980.	8990.	26.23576
8990.	9000.	20.58498
9000.	9010.	22.60312
9010.	9020.	21.39224
9020.	9030.	19.3741
9030.	9040.	18.56685
9040.	9050.	18.97047
9050.	9060.	17.75959
9060.	9070.	21.39224
9070.	9080.	19.3741
9080.	9090.	18.16322
9090.	9100.	16.95234
9100.	9110.	14.53058
9110.	9120.	18.16322
9120.	9130.	14.53058
9130.	9140.	18.16322
9140.	9150.	20.58498
9150.	9160.	15.33783
9160.	9170.	16.14508
9170.	9180.	17.75959
9180.	9190.	18.16322
9190.	9200.	18.97047
9200.	9210.	15.33783
9210.	9220.	15.74146
9220.	9230.	19.3741
9230.	9240.	14.9342
9240.	9250.	14.53058
9250.	9260.	12.10881
9260.	9270.	11.70519
9270.	9280.	16.54871
9280.	9290.	13.31969
9290.	9300.	17.35597
9300.	9310.	13.31969
9310.	9320.	17.35597
9320.	9330.	11.30156
9330.	9340.	12.10881
9340.	9350.	11.70519
9350.	9360.	9.68705
9360.	9370.	15.74146
9370.	9380.	13.31969
9380.	9390.	11.70519
9390.	9400.	11.30156
9400.	9410.	10.89793
9410.	9420.	12.91607
9420.	9430.	15.74146
9430.	9440.	9.283423
9440.	9450.	10.89793
9450.	9460.	16.95234
9460.	9470.	12.10881
9470.	9480.	11.30156
9480.	9490.	12.91607
9490.	9500.	9.68705
9500.	9510.	12.51244
9510.	9520.	14.53058
9520.	9530.	10.09068
9530.	9540.	8.476169
9540.	9550.	11.70519
9550.	9560.	13.31969
9560.	9570.	10.89793
9570.	9580.	9.283423
9580.	9590.	10.09068
9590.	9600.	11.30156
9600.	9610.	6.054406
9610.	9620.	8.072542
9620.	9630.	9.68705
9630.	9640.	7.265288
9640.	9650.	6.458034
9650.	9660.	8.879796
9660.	9670.	7.265288
9670.	9680.	6.861661
9680.	9690.	9.283423
9690.	9700.	8.879796
9700.	9710.	7.265288
9710.	9720.	5.650779
9720.	9730.	4.036271
9730.	9740.	6.054406
9740.	9750.	6.054406
9750.	9760.	5.247152
9760.	9770.	4.439898
9770.	9780.	5.650779
9780.	9790.	4.843525
9790.	9800.	6.458034
9800.	9810.	3.229017
9810.	9820.	2.421763
9820.	9830.	6.458034
9830.	9840.	3.632644
9840.	9850.	2.421763
9850.	9860.	3.632644
9860.	9870.	4.036271
9870.	9880.	4.843525
9880.	9890.	2.018135
9890.	9900.	3.229017
9900.	9910.	2.018135
9910.	9920.	1.614508
9920.	9930.	1.614508
9930.	9940.	1.614508
9940.	9950.	2.421763
9950.	9960.	1.614508
9960.	9970.	0.4036271
9970.	9980.	2.018135
9980.	9990.	0.4036271
9990.	10000.	0.4036271
10000.	10010.	0.