-10.	0.	0.
0.	10.	0.
10.	20.	0.
20.	30.	0.
30.	40.	0.
40.	50.	0.
50.	60.	0.
60.	70.	0.
70.	80.	0.
80.	90.	0.
90.	100.	0.
100.	110.	0.
110.	120.	0.
120.	130.	0.
130.	140.	0.
140.	150.	0.
150.	160.	5238.769
160.	170.	4919.853
170.	180.	4711.773
180.	190.	4421.485
190.	200.	4197.698
200.	210.	3994.185
210.	220.	3771.846
220.	230.	3572.789
230.	240.	3414.835
240.	250.	3213.549
250.	260.	3026.522
260.	270.	2870.128
270.	280.	2753.389
280.	290.	2601.339
290.	300.	2441.937
300.	310.	2335.446
310.	320.	2218.707
320.	330.	2103.973
330.	340.	1966.181
340.	350.	1906.698
350.	360.	1796.754
360.	370.	1737.382
370.	380.	1648.937
380.	390.	1562.831
390.	400.	1484.856
400.	410.	1404.097
410.	420.	1353.414
420.	430.	1274.325
430.	440.	1227.429
440.	450.	1195.571
450.	460.	1116.26
460.	470.	1060.23
470.	480.	1018.123
480.	490.	987.7134
490.	500.	942.2654
500.	510.	903.2782
510.	520.	861.9517
520.	530.	833.5468
530.	540.	794.7823
540.	550.	761.3647
550.	560.	716.6965
560.	570.	699.4307
570.	580.	671.5827
580.	590.	642.6208
590.	600.	620.5652
600.	610.	592.4944
610.	620.	561.5274
620.	630.	555.0666
630.	640.	536.4642
640.	650.	514.1857
650.	660.	501.3757
660.	670.	468.1808
670.	680.	454.4796
680.	690.	431.9784
690.	700.	407.6949
700.	710.	403.5734
710.	720.	395.219
720.	730.	379.5127
730.	740.	358.6824
740.	750.	331.7256
750.	760.	331.3914
760.	770.	318.9155
770.	780.	310.4497
780.	790.	304.7687
790.	800.	296.9712
800.	810.	280.151
810.	820.	272.6878
820.	830.	269.0118
830.	840.	249.9638
840.	850.	252.7486
850.	860.	235.817
860.	870.	237.4879
870.	880.	217.5487
880.	890.	222.8955
890.	900.	201.8424
900.	910.	197.3867
910.	920.	191.7057
920.	930.	186.5817
930.	940.	180.5665
940.	950.	170.9868
950.	960.	172.5463
960.	970.	168.9818
970.	980.	158.9565
980.	990.	158.5109
990.	1000.	154.0552
1000.	1010.	153.721
1010.	1020.	151.9388
1020.	1030.	137.4578
1030.	1040.	134.2274
1040.	1050.	135.1186
1050.	1060.	132.6679
1060.	1070.	122.754
1070.	1080.	116.9617
1080.	1090.	115.068
1090.	1100.	111.949
1100.	1110.	109.8326
1110.	1120.	102.3693
1120.	1130.	97.13387
1130.	1140.	101.0326
1140.	1150.	95.3516
1150.	1160.	93.68072
1160.	1170.	90.45035
1170.	1180.	89.55921
1180.	1190.	84.99214
1190.	1200.	82.09595
1200.	1210.	78.75419
1210.	1220.	79.19975
1220.	1230.	80.31367
1230.	1240.	76.52634
1240.	1250.	71.29092
1250.	1260.	74.63268
1260.	1270.	71.17953
1270.	1280.	62.93651
1280.	1290.	69.95421
1290.	1300.	65.38714
1300.	1310.	63.04791
1310.	1320.	64.16183
1320.	1330.	60.04032
1330.	1340.	59.48336
1340.	1350.	57.81248
1350.	1360.	58.36944
1360.	1370.	55.36185
1370.	1380.	52.68844
1380.	1390.	51.57452
1390.	1400.	52.91123
1400.	1410.	46.45049
1410.	1420.	44.77961
1420.	1430.	43.66569
1430.	1440.	47.23023
1440.	1450.	46.45049
1450.	1460.	46.89606
1460.	1470.	40.32393
1470.	1480.	38.09608
1480.	1490.	41.66063
1490.	1500.	36.87077
1500.	1510.	32.86066
1510.	1520.	37.42773
1520.	1530.	35.86824
1530.	1540.	36.87077
1540.	1550.	35.86824
1550.	1560.	33.6404
1560.	1570.	37.98469
1570.	1580.	29.85307
1580.	1590.	32.63787
1590.	1600.	27.06827
1600.	1610.	29.29611
1610.	1620.	30.07586
1620.	1630.	27.17966
1630.	1640.	24.39486
1640.	1650.	28.40497
1650.	1660.	27.95941
1660.	1670.	25.73157
1670.	1680.	27.17966
1680.	1690.	25.95435
1690.	1700.	21.72145
1700.	1710.	24.61764
1710.	1720.	23.94929
1720.	1730.	23.16955
1730.	1740.	19.04804
1740.	1750.	21.27588
1750.	1760.	21.38728
1760.	1770.	20.83031
1770.	1780.	21.72145
1780.	1790.	21.61006
1790.	1800.	22.72398
1800.	1810.	15.59489
1810.	1820.	19.71639
1820.	1830.	17.04298
1830.	1840.	20.38475
1840.	1850.	15.81767
1850.	1860.	16.59742
1860.	1870.	15.92906
1870.	1880.	16.93159
1880.	1890.	17.04298
1890.	1900.	17.26577
1900.	1910.	16.93159
1910.	1920.	14.25818
1920.	1930.	15.3721
1930.	1940.	17.04298
1940.	1950.	14.14679
1950.	1960.	14.36958
1960.	1970.	16.48602
1970.	1980.	15.81767
1980.	1990.	12.5873
1990.	2000.	13.14426
2000.	2010.	10.91642
2010.	2020.	11.2506
2020.	2030.	13.58983
2030.	2040.	13.03287
2040.	2050.	12.47591
2050.	2060.	10.47085
2060.	2070.	10.80503
2070.	2080.	9.245541
2080.	2090.	9.245541
2090.	2100.	8.577188
2100.	2110.	13.25565
2110.	2120.	10.47085
2120.	2130.	8.911365
2130.	2140.	7.0177
2140.	2150.	9.134149
2150.	2160.	8.13162
2160.	2170.	9.579717
2170.	2180.	8.577188
2180.	2190.	9.245541
2190.	2200.	8.577188
2200.	2210.	9.802501
2210.	2220.	7.797444
2220.	2230.	8.688581
2230.	2240.	7.57466
2240.	2250.	6.794916
2250.	2260.	8.911365
2260.	2270.	7.129092
2270.	2280.	7.463268
2280.	2290.	6.794916
2290.	2300.	6.683524
2300.	2310.	5.569603
2310.	2320.	7.351876
2320.	2330.	8.13162
2330.	2340.	6.906308
2340.	2350.	5.569603
2350.	2360.	8.020228
2360.	2370.	7.240484
2370.	2380.	5.124035
2380.	2390.	5.012643
2390.	2400.	5.346819
2400.	2410.	4.455682
2410.	2420.	5.012643
2420.	2430.	3.675938
2430.	2440.	5.235427
2440.	2450.	5.346819
2450.	2460.	5.458211
2460.	2470.	4.34429
2470.	2480.	5.346819
2480.	2490.	4.232898
2490.	2500.	5.903779
2500.	2510.	4.901251
2510.	2520.	4.678466
2520.	2530.	4.567074
2530.	2540.	4.678466
2540.	2550.	4.678466
2550.	2560.	4.567074
2560.	2570.	4.567074
2570.	2580.	3.453154
2580.	2590.	3.78733
2590.	2600.	4.010114
2600.	2610.	3.78733
2610.	2620.	3.453154
2620.	2630.	3.341762
2630.	2640.	4.010114
2640.	2650.	3.564546
2650.	2660.	3.453154
2660.	2670.	4.678466
2670.	2680.	3.341762
2680.	2690.	2.896194
2690.	2700.	2.339233
2700.	2710.	3.118978
2710.	2720.	2.896194
2720.	2730.	2.784801
2730.	2740.	2.896194
2740.	2750.	3.118978
2750.	2760.	1.002529
2760.	2770.	3.118978
2770.	2780.	3.675938
2780.	2790.	2.562017
2790.	2800.	1.559489
2800.	2810.	2.673409
2810.	2820.	2.450625
2820.	2830.	3.453154
2830.	2840.	3.007586
2840.	2850.	1.448097
2850.	2860.	2.227841
2860.	2870.	2.005057
2870.	2880.	1.559489
2880.	2890.	2.562017
2890.	2900.	2.784801
2900.	2910.	1.893665
2910.	2920.	1.448097
2920.	2930.	2.116449
2930.	2940.	2.005057
2940.	2950.	1.225313
2950.	2960.	1.782273
2960.	2970.	1.670881
2970.	2980.	1.113921
2980.	2990.	1.225313
2990.	3000.	0.8911365
3000.	3010.	1.448097
3010.	3020.	1.448097
3020.	3030.	1.113921
3030.	3040.	1.225313
3040.	3050.	1.225313
3050.	3060.	1.113921
3060.	3070.	1.002529
3070.	3080.	1.113921
3080.	3090.	1.336705
3090.	3100.	0.8911365
3100.	3110.	1.336705
3110.	3120.	1.225313
3120.	3130.	0.8911365
3130.	3140.	1.893665
3140.	3150.	1.113921
3150.	3160.	1.225313
3160.	3170.	1.002529
3170.	3180.	0.8911365
3180.	3190.	1.002529
3190.	3200.	1.448097
3200.	3210.	1.002529
3210.	3220.	1.336705
3220.	3230.	0.7797444
3230.	3240.	0.6683524
3240.	3250.	1.113921
3250.	3260.	0.7797444
3260.	3270.	0.7797444
3270.	3280.	0.7797444
3280.	3290.	0.4455682
3290.	3300.	0.3341762
3300.	3310.	0.8911365
3310.	3320.	0.5569603
3320.	3330.	0.8911365
3330.	3340.	0.8911365
3340.	3350.	1.002529
3350.	3360.	0.7797444
3360.	3370.	1.336705
3370.	3380.	0.7797444
3380.	3390.	0.4455682
3390.	3400.	0.8911365
3400.	3410.	1.002529
3410.	3420.	0.6683524
3420.	3430.	0.6683524
3430.	3440.	0.7797444
3440.	3450.	0.4455682
3450.	3460.	0.5569603
3460.	3470.	1.002529
3470.	3480.	0.6683524
3480.	3490.	1.002529
3490.	3500.	0.5569603
3500.	3510.	0.6683524
3510.	3520.	0.4455682
3520.	3530.	0.5569603
3530.	3540.	0.
3540.	3550.	0.3341762
3550.	3560.	0.8911365
3560.	3570.	0.4455682
3570.	3580.	0.8911365
3580.	3590.	0.5569603
3590.	3600.	0.3341762
3600.	3610.	0.4455682
3610.	3620.	0.6683524
3620.	3630.	0.4455682
3630.	3640.	0.5569603
3640.	3650.	0.1113921
3650.	3660.	0.4455682
3660.	3670.	0.5569603
3670.	3680.	0.5569603
3680.	3690.	0.1113921
3690.	3700.	0.4455682
3700.	3710.	0.8911365
3710.	3720.	0.7797444
3720.	3730.	0.
3730.	3740.	0.4455682
3740.	3750.	0.5569603
3750.	3760.	0.5569603
3760.	3770.	0.5569603
3770.	3780.	0.3341762
3780.	3790.	0.2227841
3790.	3800.	0.7797444
3800.	3810.	0.4455682
3810.	3820.	0.4455682
3820.	3830.	0.4455682
3830.	3840.	0.4455682
3840.	3850.	0.2227841
3850.	3860.	0.2227841
3860.	3870.	0.3341762
3870.	3880.	0.2227841
3880.	3890.	0.2227841
3890.	3900.	0.3341762
3900.	3910.	0.4455682
3910.	3920.	0.3341762
3920.	3930.	0.1113921
3930.	3940.	0.2227841
3940.	3950.	0.2227841
3950.	3960.	0.1113921
3960.	3970.	0.4455682
3970.	3980.	0.1113921
3980.	3990.	0.2227841
3990.	4000.	0.2227841
4000.	4010.	0.2227841
4010.	4020.	0.1113921
4020.	4030.	0.4455682
4030.	4040.	0.1113921
4040.	4050.	0.1113921
4050.	4060.	0.2227841
4060.	4070.	0.2227841
4070.	4080.	0.1113921
4080.	4090.	0.2227841
4090.	4100.	0.2227841
4100.	4110.	0.
4110.	4120.	0.2227841
4120.	4130.	0.1113921
4130.	4140.	0.
4140.	4150.	0.1113921
4150.	4160.	0.2227841
4160.	4170.	0.
4170.	4180.	0.1113921
4180.	4190.	0.1113921
4190.	4200.	0.2227841
4200.	4210.	0.2227841
4210.	4220.	0.1113921
4220.	4230.	0.2227841
4230.	4240.	0.1113921
4240.	4250.	0.1113921
4250.	4260.	0.
4260.	4270.	0.
4270.	4280.	0.3341762
4280.	4290.	0.1113921
4290.	4300.	0.2227841
4300.	4310.	0.1113921
4310.	4320.	0.
4320.	4330.	0.
4330.	4340.	0.
4340.	4350.	0.1113921
4350.	4360.	0.1113921
4360.	4370.	0.1113921
4370.	4380.	0.
4380.	4390.	0.
4390.	4400.	0.
4400.	4410.	0.1113921
4410.	4420.	0.
4420.	4430.	0.1113921
4430.	4440.	0.
4440.	4450.	0.1113921
4450.	4460.	0.
4460.	4470.	0.
4470.	4480.	0.
4480.	4490.	0.
4490.	4500.	0.1113921
4500.	4510.	0.
4510.	4520.	0.
4520.	4530.	0.
4530.	4540.	0.
4540.	4550.	0.
4550.	4560.	0.
4560.	4570.	0.1113921
4570.	4580.	0.
4580.	4590.	0.
4590.	4600.	0.
4600.	4610.	0.
4610.	4620.	0.
4620.	4630.	0.1113921
4630.	4640.	0.
4640.	4650.	0.
4650.	4660.	0.
4660.	4670.	0.1113921
4670.	4680.	0.
4680.	4690.	0.
4690.	4700.	0.
4700.	4710.	0.
4710.	4720.	0.
4720.	4730.	0.
4730.	4740.	0.1113921
4740.	4750.	0.
4750.	4760.	0.
4760.	4770.	0.
4770.	4780.	0.
4780.	4790.	0.
4790.	4800.	0.
4800.	4810.	0.
4810.	4820.	0.
4820.	4830.	0.1113921
4830.	4840.	0.
4840.	4850.	0.
4850.	4860.	0.
4860.	4870.	0.
4870.	4880.	0.
4880.	4890.	0.
4890.	4900.	0.
4900.	4910.	0.
4910.	4920.	0.
4920.	4930.	0.
4930.	4940.	0.
4940.	4950.	0.
4950.	4960.	0.
4960.	4970.	0.
4970.	4980.	0.
4980.	4990.	0.
4990.	5000.	0.
5000.	5010.	0.
5010.	5020.	0.
5020.	5030.	0.
5030.	5040.	0.
5040.	5050.	0.
5050.	5060.	0.
5060.	5070.	0.
5070.	5080.	0.
5080.	5090.	0.
5090.	5100.	0.
5100.	5110.	0.
5110.	5120.	0.
5120.	5130.	0.
5130.	5140.	0.
5140.	5150.	0.
5150.	5160.	0.
5160.	5170.	0.
5170.	5180.	0.
5180.	5190.	0.
5190.	5200.	0.
5200.	5210.	0.
5210.	5220.	0.
5220.	5230.	0.
5230.	5240.	0.
5240.	5250.	0.
5250.	5260.	0.
5260.	5270.	0.
5270.	5280.	0.
5280.	5290.	0.
5290.	5300.	0.
5300.	5310.	0.
5310.	5320.	0.
5320.	5330.	0.
5330.	5340.	0.
5340.	5350.	0.
5350.	5360.	0.
5360.	5370.	0.
5370.	5380.	0.
5380.	5390.	0.
5390.	5400.	0.
5400.	5410.	0.
5410.	5420.	0.
5420.	5430.	0.
5430.	5440.	0.
5440.	5450.	0.
5450.	5460.	0.
5460.	5470.	0.
5470.	5480.	0.
5480.	5490.	0.
5490.	5500.	0.
5500.	5510.	0.
5510.	5520.	0.
5520.	5530.	0.
5530.	5540.	0.
5540.	5550.	0.
5550.	5560.	0.
5560.	5570.	0.
5570.	5580.	0.
5580.	5590.	0.
5590.	5600.	0.
5600.	5610.	0.
5610.	5620.	0.
5620.	5630.	0.
5630.	5640.	0.
5640.	5650.	0.
5650.	5660.	0.
5660.	5670.	0.
5670.	5680.	0.
5680.	5690.	0.
5690.	5700.	0.
5700.	5710.	0.
5710.	5720.	0.
5720.	5730.	0.
5730.	5740.	0.
5740.	5750.	0.
5750.	5760.	0.
5760.	5770.	0.
5770.	5780.	0.
5780.	5790.	0.
5790.	5800.	0.
5800.	5810.	0.
5810.	5820.	0.
5820.	5830.	0.
5830.	5840.	0.
5840.	5850.	0.
5850.	5860.	0.
5860.	5870.	0.
5870.	5880.	0.
5880.	5890.	0.
5890.	5900.	0.
5900.	5910.	0.
5910.	5920.	0.
5920.	5930.	0.
5930.	5940.	0.
5940.	5950.	0.
5950.	5960.	0.
5960.	5970.	0.
5970.	5980.	0.
5980.	5990.	0.
5990.	6000.	0.
6000.	6010.	0.
6010.	6020.	0.
6020.	6030.	0.
6030.	6040.	0.
6040.	6050.	0.
6050.	6060.	0.
6060.	6070.	0.
6070.	6080.	0.
6080.	6090.	0.
6090.	6100.	0.
6100.	6110.	0.
6110.	6120.	0.
6120.	6130.	0.
6130.	6140.	0.
6140.	6150.	0.
6150.	6160.	0.
6160.	6170.	0.
6170.	6180.	0.
6180.	6190.	0.
6190.	6200.	0.
6200.	6210.	0.
6210.	6220.	0.
6220.	6230.	0.
6230.	6240.	0.
6240.	6250.	0.
6250.	6260.	0.
6260.	6270.	0.
6270.	6280.	0.
6280.	6290.	0.
6290.	6300.	0.
6300.	6310.	0.
6310.	6320.	0.
6320.	6330.	0.
6330.	6340.	0.
6340.	6350.	0.
6350.	6360.	0.
6360.	6370.	0.
6370.	6380.	0.
6380.	6390.	0.
6390.	6400.	0.
6400.	6410.	0.
6410.	6420.	0.
6420.	6430.	0.
6430.	6440.	0.
6440.	6450.	0.
6450.	6460.	0.
6460.	6470.	0.
6470.	6480.	0.
6480.	6490.	0.
6490.	6500.	0.
6500.	6510.	0.
6510.	6520.	0.
6520.	6530.	0.
6530.	6540.	0.
6540.	6550.	0.
6550.	6560.	0.
6560.	6570.	0.
6570.	6580.	0.
6580.	6590.	0.
6590.	6600.	0.
6600.	6610.	0.
6610.	6620.	0.
6620.	6630.	0.
6630.	6640.	0.
6640.	6650.	0.
6650.	6660.	0.
6660.	6670.	0.
6670.	6680.	0.
6680.	6690.	0.
6690.	6700.	0.
6700.	6710.	0.
6710.	6720.	0.
6720.	6730.	0.
6730.	6740.	0.
6740.	6750.	0.
6750.	6760.	0.
6760.	6770.	0.
6770.	6780.	0.
6780.	6790.	0.
6790.	6800.	0.
6800.	6810.	0.
6810.	6820.	0.
6820.	6830.	0.
6830.	6840.	0.
6840.	6850.	0.
6850.	6860.	0.
6860.	6870.	0.
6870.	6880.	0.
6880.	6890.	0.
6890.	6900.	0.
6900.	6910.	0.
6910.	6920.	0.
6920.	6930.	0.
6930.	6940.	0.
6940.	6950.	0.
6950.	6960.	0.
6960.	6970.	0.
6970.	6980.	0.
6980.	6990.	0.
6990.	7000.	0.
7000.	7010.	0.
7010.	7020.	0.
7020.	7030.	0.
7030.	7040.	0.
7040.	7050.	0.
7050.	7060.	0.
7060.	7070.	0.
7070.	7080.	0.
7080.	7090.	0.
7090.	7100.	0.
7100.	7110.	0.
7110.	7120.	0.
7120.	7130.	0.
7130.	7140.	0.
7140.	7150.	0.
7150.	7160.	0.
7160.	7170.	0.
7170.	7180.	0.
7180.	7190.	0.
7190.	7200.	0.
7200.	7210.	0.
7210.	7220.	0.
7220.	7230.	0.
7230.	7240.	0.
7240.	7250.	0.
7250.	7260.	0.
7260.	7270.	0.
7270.	7280.	0.
7280.	7290.	0.
7290.	7300.	0.
7300.	7310.	0.
7310.	7320.	0.
7320.	7330.	0.
7330.	7340.	0.
7340.	7350.	0.
7350.	7360.	0.
7360.	7370.	0.
7370.	7380.	0.
7380.	7390.	0.
7390.	7400.	0.
7400.	7410.	0.
7410.	7420.	0.
7420.	7430.	0.
7430.	7440.	0.
7440.	7450.	0.
7450.	7460.	0.
7460.	7470.	0.
7470.	7480.	0.
7480.	7490.	0.
7490.	7500.	0.
7500.	7510.	0.
7510.	7520.	0.
7520.	7530.	0.
7530.	7540.	0.
7540.	7550.	0.
7550.	7560.	0.
7560.	7570.	0.
7570.	7580.	0.
7580.	7590.	0.
7590.	7600.	0.
7600.	7610.	0.
7610.	7620.	0.
7620.	7630.	0.
7630.	7640.	0.
7640.	7650.	0.
7650.	7660.	0.
7660.	7670.	0.
7670.	7680.	0.
7680.	7690.	0.
7690.	7700.	0.
7700.	7710.	0.
7710.	7720.	0.
7720.	7730.	0.
7730.	7740.	0.
7740.	7750.	0.
7750.	7760.	0.
7760.	7770.	0.
7770.	7780.	0.
7780.	7790.	0.
7790.	7800.	0.
7800.	7810.	0.
7810.	7820.	0.
7820.	7830.	0.
7830.	7840.	0.
7840.	7850.	0.
7850.	7860.	0.
7860.	7870.	0.
7870.	7880.	0.
7880.	7890.	0.
7890.	7900.	0.
7900.	7910.	0.
7910.	7920.	0.
7920.	7930.	0.
7930.	7940.	0.
7940.	7950.	0.
7950.	7960.	0.
7960.	7970.	0.
7970.	7980.	0.
7980.	7990.	0.
7990.	8000.	0.
8000.	8010.	0.
8010.	8020.	0.
8020.	8030.	0.
8030.	8040.	0.
8040.	8050.	0.
8050.	8060.	0.
8060.	8070.	0.
8070.	8080.	0.
8080.	8090.	0.
8090.	8100.	0.
8100.	8110.	0.
8110.	8120.	0.
8120.	8130.	0.
8130.	8140.	0.
8140.	8150.	0.
8150.	8160.	0.
8160.	8170.	0.
8170.	8180.	0.
8180.	8190.	0.
8190.	8200.	0.
8200.	8210.	0.
8210.	8220.	0.
8220.	8230.	0.
8230.	8240.	0.
8240.	8250.	0.
8250.	8260.	0.
8260.	8270.	0.
8270.	8280.	0.
8280.	8290.	0.
8290.	8300.	0.
8300.	8310.	0.
8310.	8320.	0.
8320.	8330.	0.
8330.	8340.	0.
8340.	8350.	0.
8350.	8360.	0.
8360.	8370.	0.
8370.	8380.	0.
8380.	8390.	0.
8390.	8400.	0.
8400.	8410.	0.
8410.	8420.	0.
8420.	8430.	0.
8430.	8440.	0.
8440.	8450.	0.
8450.	8460.	0.
8460.	8470.	0.
8470.	8480.	0.
8480.	8490.	0.
8490.	8500.	0.
8500.	8510.	0.
8510.	8520.	0.
8520.	8530.	0.
8530.	8540.	0.
8540.	8550.	0.
8550.	8560.	0.
8560.	8570.	0.
8570.	8580.	0.
8580.	8590.	0.
8590.	8600.	0.
8600.	8610.	0.
8610.	8620.	0.
8620.	8630.	0.
8630.	8640.	0.
8640.	8650.	0.
8650.	8660.	0.
8660.	8670.	0.
8670.	8680.	0.
8680.	8690.	0.
8690.	8700.	0.
8700.	8710.	0.
8710.	8720.	0.
8720.	8730.	0.
8730.	8740.	0.
8740.	8750.	0.
8750.	8760.	0.
8760.	8770.	0.
8770.	8780.	0.
8780.	8790.	0.
8790.	8800.	0.
8800.	8810.	0.
8810.	8820.	0.
8820.	8830.	0.
8830.	8840.	0.
8840.	8850.	0.
8850.	8860.	0.
8860.	8870.	0.
8870.	8880.	0.
8880.	8890.	0.
8890.	8900.	0.
8900.	8910.	0.
8910.	8920.	0.
8920.	8930.	0.
8930.	8940.	0.
8940.	8950.	0.
8950.	8960.	0.
8960.	8970.	0.
8970.	8980.	0.
8980.	8990.	0.
8990.	9000.	0.
9000.	9010.	0.
9010.	9020.	0.
9020.	9030.	0.
9030.	9040.	0.
9040.	9050.	0.
9050.	9060.	0.
9060.	9070.	0.
9070.	9080.	0.
9080.	9090.	0.
9090.	9100.	0.
9100.	9110.	0.
9110.	9120.	0.
9120.	9130.	0.
9130.	9140.	0.
9140.	9150.	0.
9150.	9160.	0.
9160.	9170.	0.
9170.	9180.	0.
9180.	9190.	0.
9190.	9200.	0.
9200.	9210.	0.
9210.	9220.	0.
9220.	9230.	0.
9230.	9240.	0.
9240.	9250.	0.
9250.	9260.	0.
9260.	9270.	0.
9270.	9280.	0.
9280.	9290.	0.
9290.	9300.	0.
9300.	9310.	0.
9310.	9320.	0.
9320.	9330.	0.
9330.	9340.	0.
9340.	9350.	0.
9350.	9360.	0.
9360.	9370.	0.
9370.	9380.	0.
9380.	9390.	0.
9390.	9400.	0.
9400.	9410.	0.
9410.	9420.	0.
9420.	9430.	0.
9430.	9440.	0.
9440.	9450.	0.
9450.	9460.	0.
9460.	9470.	0.
9470.	9480.	0.
9480.	9490.	0.
9490.	9500.	0.
9500.	9510.	0.
9510.	9520.	0.
9520.	9530.	0.
9530.	9540.	0.
9540.	9550.	0.
9550.	9560.	0.
9560.	9570.	0.
9570.	9580.	0.
9580.	9590.	0.
9590.	9600.	0.
9600.	9610.	0.
9610.	9620.	0.
9620.	9630.	0.
9630.	9640.	0.
9640.	9650.	0.
9650.	9660.	0.
9660.	9670.	0.
9670.	9680.	0.
9680.	9690.	0.
9690.	9700.	0.
9700.	9710.	0.
9710.	9720.	0.
9720.	9730.	0.
9730.	9740.	0.
9740.	9750.	0.
9750.	9760.	0.
9760.	9770.	0.
9770.	9780.	0.
9780.	9790.	0.
9790.	9800.	0.
9800.	9810.	0.
9810.	9820.	0.
9820.	9830.	0.
9830.	9840.	0.
9840.	9850.	0.
9850.	9860.	0.
9860.	9870.	0.
9870.	9880.	0.
9880.	9890.	0.
9890.	9900.	0.
9900.	9910.	0.
9910.	9920.	0.
9920.	9930.	0.
9930.	9940.	0.
9940.	9950.	0.
9950.	9960.	0.
9960.	9970.	0.
9970.	9980.	0.
9980.	9990.	0.
9990.	10000.	0.
10000.	10010.	0.