-10.5	-10.	0.
-10.	-9.5	0.
-9.5	-9.	0.
-9.	-8.5	0.
-8.5	-8.	0.
-8.	-7.5	0.
-7.5	-7.	0.
-7.	-6.5	0.
-6.5	-6.	0.
-6.	-5.5	0.
-5.5	-5.	0.
-5.	-4.5	0.
-4.5	-4.	0.
-4.	-3.5	0.
-3.5	-3.	0.
-3.	-2.5	0.5330251
-2.5	-2.	1.648806
-2.	-1.5	1.955449
-1.5	-1.	2.167799
-1.	-0.5	2.207248
-0.5	0.	2.208663
0.	0.5	2.248161
0.5	1.	2.160531
1.	1.5	2.085036
1.5	2.	1.919369
2.	2.5	1.470716
2.5	3.	0.5125544
3.	3.5	0.
3.5	4.	0.
4.	4.5	0.
4.5	5.	0.
5.	5.5	0.
5.5	6.	0.
6.	6.5	0.
6.5	7.	0.
7.	7.5	0.
7.5	8.	0.
8.	8.5	0.
8.5	9.	0.
9.	9.5	0.
9.5	10.	0.
10.	10.5	0.