-10.	0.	0.
0.	10.	0.
10.	20.	0.
20.	30.	0.
30.	40.	0.
40.	50.	0.
50.	60.	0.
60.	70.	0.
70.	80.	0.
80.	90.	0.
90.	100.	0.
100.	110.	0.
110.	120.	0.
120.	130.	0.
130.	140.	0.
140.	150.	0.
150.	160.	0.
160.	170.	0.
170.	180.	0.
180.	190.	0.
190.	200.	0.
200.	210.	0.
210.	220.	0.
220.	230.	0.
230.	240.	0.
240.	250.	0.
250.	260.	0.
260.	270.	0.
270.	280.	0.
280.	290.	0.
290.	300.	0.
300.	310.	0.
310.	320.	0.
320.	330.	0.
330.	340.	0.
340.	350.	0.
350.	360.	0.
360.	370.	0.
370.	380.	0.
380.	390.	0.
390.	400.	0.
400.	410.	0.
410.	420.	0.
420.	430.	0.
430.	440.	0.
440.	450.	0.
450.	460.	0.
460.	470.	0.
470.	480.	0.
480.	490.	0.
490.	500.	0.
500.	510.	0.1546471
510.	520.	0.1794671
520.	530.	0.2055598
530.	540.	0.2204093
540.	550.	0.2269855
550.	560.	0.2422593
560.	570.	0.2469263
570.	580.	0.2545632
580.	590.	0.2677156
590.	600.	0.2664428
600.	610.	0.2742918
610.	620.	0.2787467
620.	630.	0.2685642
630.	640.	0.2715341
640.	650.	0.2715341
650.	660.	0.2649579
660.	670.	0.2808681
670.	680.	0.2812923
680.	690.	0.2715341
690.	700.	0.2628365
700.	710.	0.2532904
710.	720.	0.255836
720.	730.	0.2496841
730.	740.	0.257321
740.	750.	0.2617758
750.	760.	0.2509569
760.	770.	0.2352588
770.	780.	0.2537147
780.	790.	0.2361074
790.	800.	0.261988
800.	810.	0.2314404
810.	820.	0.2276219
820.	830.	0.2218943
830.	840.	0.2303797
840.	850.	0.2182879
850.	860.	0.2038627
860.	870.	0.2157423
870.	880.	0.2076811
880.	890.	0.2055598
890.	900.	0.2140452
900.	910.	0.1885889
910.	920.	0.1854069
920.	930.	0.1909224
930.	940.	0.1843462
940.	950.	0.1741637
950.	960.	0.1764972
960.	970.	0.1735272
970.	980.	0.176285
980.	990.	0.1697088
990.	1000.	0.1832855
1000.	1010.	0.1711938
1010.	1020.	0.1588899
1020.	1030.	0.160587
1030.	1040.	0.1586777
1040.	1050.	0.1540107
1050.	1060.	0.1501923
1060.	1070.	0.1493437
1070.	1080.	0.1480709
1080.	1090.	0.1370399
1090.	1100.	0.1336457
1100.	1110.	0.1272816
1110.	1120.	0.1383127
1120.	1130.	0.132585
1130.	1140.	0.1173112
1140.	1150.	0.1264331
1150.	1160.	0.120069
1160.	1170.	0.1207054
1170.	1180.	0.1168869
1180.	1190.	0.1190083
1190.	1200.	0.1198568
1200.	1210.	0.1105229
1210.	1220.	0.1086136
1220.	1230.	0.1016131
1230.	1240.	0.09906751
1240.	1250.	0.09970392
1250.	1260.	0.1030981
1260.	1270.	0.1113714
1270.	1280.	0.0954612
1280.	1290.	0.09355198
1290.	1300.	0.09397625
1300.	1310.	0.08952139
1310.	1320.	0.08994566
1320.	1330.	0.0818845
1330.	1340.	0.09164275
1340.	1350.	0.08039954
1350.	1360.	0.08740003
1360.	1370.	0.07849032
1370.	1380.	0.08421799
1380.	1390.	0.07445974
1390.	1400.	0.08527867
1400.	1410.	0.07679323
1410.	1420.	0.07170197
1420.	1430.	0.07891459
1430.	1440.	0.07085342
1440.	1450.	0.08103595
1450.	1460.	0.07297478
1460.	1470.	0.06851993
1470.	1480.	0.06724711
1480.	1490.	0.06194371
1490.	1500.	0.0712777
1500.	1510.	0.0606709
1510.	1520.	0.06258012
1520.	1530.	0.06258012
1530.	1540.	0.06003449
1540.	1550.	0.06427721
1550.	1560.	0.05557963
1560.	1570.	0.05727672
1570.	1580.	0.053034
1580.	1590.	0.04921555
1590.	1600.	0.05939808
1600.	1610.	0.05282186
1610.	1620.	0.0500641
1620.	1630.	0.05282186
1630.	1640.	0.05409468
1640.	1650.	0.05282186
1650.	1660.	0.05197332
1660.	1670.	0.04942769
1670.	1680.	0.04433642
1680.	1690.	0.05197332
1690.	1700.	0.04051798
1700.	1710.	0.04730633
1710.	1720.	0.04073011
1720.	1730.	0.04454856
1730.	1740.	0.03818448
1740.	1750.	0.04370002
1750.	1760.	0.04051798
1760.	1770.	0.04051798
1770.	1780.	0.03818448
1780.	1790.	0.04073011
1790.	1800.	0.03669953
1800.	1810.	0.03627526
1810.	1820.	0.03839662
1820.	1830.	0.03351749
1830.	1840.	0.03351749
1840.	1850.	0.03776021
1850.	1860.	0.03648739
1860.	1870.	0.03818448
1870.	1880.	0.03309322
1880.	1890.	0.03075972
1890.	1900.	0.03627526
1900.	1910.	0.03012331
1910.	1920.	0.03372962
1920.	1930.	0.03669953
1930.	1940.	0.03266894
1940.	1950.	0.03075972
1950.	1960.	0.0288505
1960.	1970.	0.02969904
1970.	1980.	0.02927477
1980.	1990.	0.02736554
1990.	2000.	0.02821409
2000.	2010.	0.02969904
2010.	2020.	0.02991118
2020.	2030.	0.02927477
2030.	2040.	0.02842622
2040.	2050.	0.02906263
2050.	2060.	0.03012331
2060.	2070.	0.02736554
2070.	2080.	0.026517
2080.	2090.	0.02206214
2090.	2100.	0.02630486
2100.	2110.	0.02842622
2110.	2120.	0.0241835
2120.	2130.	0.02609273
2130.	2140.	0.02142574
2140.	2150.	0.02206214
2150.	2160.	0.02269855
2160.	2170.	0.02291069
2170.	2180.	0.0241835
2180.	2190.	0.0235471
2190.	2200.	0.01994078
2200.	2210.	0.0182437
2210.	2220.	0.01866797
2220.	2230.	0.02227428
2230.	2240.	0.0235471
2240.	2250.	0.01718302
2250.	2260.	0.02142574
2260.	2270.	0.02057719
2270.	2280.	0.01654661
2280.	2290.	0.01612234
2290.	2300.	0.01972865
2300.	2310.	0.01718302
2310.	2320.	0.02206214
2320.	2330.	0.01994078
2330.	2340.	0.01781942
2340.	2350.	0.01697088
2350.	2360.	0.01781942
2360.	2370.	0.01484952
2370.	2380.	0.01378884
2380.	2390.	0.01718302
2390.	2400.	0.01506166
2400.	2410.	0.01400098
2410.	2420.	0.01697088
2420.	2430.	0.01506166
2430.	2440.	0.0159102
2440.	2450.	0.01548593
2450.	2460.	0.01506166
2460.	2470.	0.01506166
2470.	2480.	0.01506166
2480.	2490.	0.01251602
2490.	2500.	0.01421311
2500.	2510.	0.01315243
2510.	2520.	0.01506166
2520.	2530.	0.01484952
2530.	2540.	0.01166748
2540.	2550.	0.01272816
2550.	2560.	0.01442525
2560.	2570.	0.01315243
2570.	2580.	0.0129403
2580.	2590.	0.01484952
2590.	2600.	0.01187962
2600.	2610.	0.01463738
2610.	2620.	0.01251602
2620.	2630.	0.01484952
2630.	2640.	0.0106068
2640.	2650.	0.008909712
2650.	2660.	0.00954612
2660.	2670.	0.01103107
2670.	2680.	0.01187962
2680.	2690.	0.01145534
2690.	2700.	0.01103107
2700.	2710.	0.009333984
2710.	2720.	0.008697576
2720.	2730.	0.009970392
2730.	2740.	0.01166748
2740.	2750.	0.01081894
2750.	2760.	0.009758256
2760.	2770.	0.01039466
2770.	2780.	0.01124321
2780.	2790.	0.009121848
2790.	2800.	0.007849032
2800.	2810.	0.008697576
2810.	2820.	0.008697576
2820.	2830.	0.009758256
2830.	2840.	0.009121848
2840.	2850.	0.008909712
2850.	2860.	0.008273304
2860.	2870.	0.008697576
2870.	2880.	0.008909712
2880.	2890.	0.009333984
2890.	2900.	0.009121848
2900.	2910.	0.008909712
2910.	2920.	0.007636896
2920.	2930.	0.007000488
2930.	2940.	0.008061168
2940.	2950.	0.008061168
2950.	2960.	0.009121848
2960.	2970.	0.009758256
2970.	2980.	0.00742476
2980.	2990.	0.007212624
2990.	3000.	0.007000488
3000.	3010.	0.008061168
3010.	3020.	0.007636896
3020.	3030.	0.005515536
3030.	3040.	0.006151944
3040.	3050.	0.008061168
3050.	3060.	0.006788352
3060.	3070.	0.007212624
3070.	3080.	0.005727672
3080.	3090.	0.006151944
3090.	3100.	0.006788352
3100.	3110.	0.007000488
3110.	3120.	0.007849032
3120.	3130.	0.005091264
3130.	3140.	0.006788352
3140.	3150.	0.005727672
3150.	3160.	0.004030584
3160.	3170.	0.007000488
3170.	3180.	0.007000488
3180.	3190.	0.006151944
3190.	3200.	0.004454856
3200.	3210.	0.006151944
3210.	3220.	0.0053034
3220.	3230.	0.004666992
3230.	3240.	0.005939808
3240.	3250.	0.004879128
3250.	3260.	0.004666992
3260.	3270.	0.004454856
3270.	3280.	0.006576216
3280.	3290.	0.006576216
3290.	3300.	0.004879128
3300.	3310.	0.002757768
3310.	3320.	0.005727672
3320.	3330.	0.004666992
3330.	3340.	0.005939808
3340.	3350.	0.004030584
3350.	3360.	0.006788352
3360.	3370.	0.00318204
3370.	3380.	0.005939808
3380.	3390.	0.0053034
3390.	3400.	0.003394176
3400.	3410.	0.004879128
3410.	3420.	0.002333496
3420.	3430.	0.002545632
3430.	3440.	0.004454856
3440.	3450.	0.00318204
3450.	3460.	0.004879128
3460.	3470.	0.005727672
3470.	3480.	0.003606312
3480.	3490.	0.002969904
3490.	3500.	0.0053034
3500.	3510.	0.002757768
3510.	3520.	0.002969904
3520.	3530.	0.003606312
3530.	3540.	0.003394176
3540.	3550.	0.004454856
3550.	3560.	0.00318204
3560.	3570.	0.003394176
3570.	3580.	0.004030584
3580.	3590.	0.004879128
3590.	3600.	0.003818448
3600.	3610.	0.00318204
3610.	3620.	0.003394176
3620.	3630.	0.004879128
3630.	3640.	0.004454856
3640.	3650.	0.003818448
3650.	3660.	0.002969904
3660.	3670.	0.003606312
3670.	3680.	0.00424272
3680.	3690.	0.003394176
3690.	3700.	0.002757768
3700.	3710.	0.001484952
3710.	3720.	0.002757768
3720.	3730.	0.002757768
3730.	3740.	0.001484952
3740.	3750.	0.00212136
3750.	3760.	0.00212136
3760.	3770.	0.00318204
3770.	3780.	0.001909224
3780.	3790.	0.003394176
3790.	3800.	0.00318204
3800.	3810.	0.001909224
3810.	3820.	0.003394176
3820.	3830.	0.002545632
3830.	3840.	0.002757768
3840.	3850.	0.002333496
3850.	3860.	0.00318204
3860.	3870.	0.00212136
3870.	3880.	0.002333496
3880.	3890.	0.003606312
3890.	3900.	0.002545632
3900.	3910.	0.003818448
3910.	3920.	0.003394176
3920.	3930.	0.002333496
3930.	3940.	0.002545632
3940.	3950.	0.00318204
3950.	3960.	0.00318204
3960.	3970.	0.002333496
3970.	3980.	0.002545632
3980.	3990.	0.00212136
3990.	4000.	0.00212136
4000.	4010.	0.001697088
4010.	4020.	0.003606312
4020.	4030.	0.002545632
4030.	4040.	0.001909224
4040.	4050.	0.00318204
4050.	4060.	0.002333496
4060.	4070.	0.000636408
4070.	4080.	0.00212136
4080.	4090.	0.001697088
4090.	4100.	0.00212136
4100.	4110.	0.00212136
4110.	4120.	0.001909224
4120.	4130.	0.002969904
4130.	4140.	0.002333496
4140.	4150.	0.00318204
4150.	4160.	0.002333496
4160.	4170.	0.00212136
4170.	4180.	0.002333496
4180.	4190.	0.002757768
4190.	4200.	0.003394176
4200.	4210.	0.002333496
4210.	4220.	0.002545632
4220.	4230.	0.001909224
4230.	4240.	0.001272816
4240.	4250.	0.001272816
4250.	4260.	0.001484952
4260.	4270.	0.001272816
4270.	4280.	0.001484952
4280.	4290.	0.001484952
4290.	4300.	0.001697088
4300.	4310.	0.001909224
4310.	4320.	0.001484952
4320.	4330.	0.001909224
4330.	4340.	0.002333496
4340.	4350.	0.00106068
4350.	4360.	0.002333496
4360.	4370.	0.00212136
4370.	4380.	0.001909224
4380.	4390.	0.001697088
4390.	4400.	0.001272816
4400.	4410.	0.00212136
4410.	4420.	0.002757768
4420.	4430.	0.00106068
4430.	4440.	0.001909224
4440.	4450.	0.002757768
4450.	4460.	0.000636408
4460.	4470.	0.001697088
4470.	4480.	0.001484952
4480.	4490.	0.002545632
4490.	4500.	0.00106068
4500.	4510.	0.001484952
4510.	4520.	0.001697088
4520.	4530.	0.001909224
4530.	4540.	0.00212136
4540.	4550.	0.001272816
4550.	4560.	0.001272816
4560.	4570.	0.000848544
4570.	4580.	0.00106068
4580.	4590.	0.000636408
4590.	4600.	0.001697088
4600.	4610.	0.001909224
4610.	4620.	0.002545632
4620.	4630.	0.001909224
4630.	4640.	0.001272816
4640.	4650.	0.00106068
4650.	4660.	0.000636408
4660.	4670.	0.001697088
4670.	4680.	0.000636408
4680.	4690.	0.002333496
4690.	4700.	0.00106068
4700.	4710.	0.001272816
4710.	4720.	0.00106068
4720.	4730.	0.000212136
4730.	4740.	0.001909224
4740.	4750.	0.001484952
4750.	4760.	0.000424272
4760.	4770.	0.001272816
4770.	4780.	0.000848544
4780.	4790.	0.00106068
4790.	4800.	0.001272816
4800.	4810.	0.001697088
4810.	4820.	0.001909224
4820.	4830.	0.001484952
4830.	4840.	0.00106068
4840.	4850.	0.00106068
4850.	4860.	0.00106068
4860.	4870.	0.000848544
4870.	4880.	0.001272816
4880.	4890.	0.001484952
4890.	4900.	0.001697088
4900.	4910.	0.000848544
4910.	4920.	0.001484952
4920.	4930.	0.000212136
4930.	4940.	0.000848544
4940.	4950.	0.00106068
4950.	4960.	0.000848544
4960.	4970.	0.00106068
4970.	4980.	0.001272816
4980.	4990.	0.000424272
4990.	5000.	0.001272816
5000.	5010.	0.000636408
5010.	5020.	0.000212136
5020.	5030.	0.000636408
5030.	5040.	0.001272816
5040.	5050.	0.000424272
5050.	5060.	0.000848544
5060.	5070.	0.001272816
5070.	5080.	0.000848544
5080.	5090.	0.00106068
5090.	5100.	0.000848544
5100.	5110.	0.000424272
5110.	5120.	0.001484952
5120.	5130.	0.000636408
5130.	5140.	0.000848544
5140.	5150.	0.
5150.	5160.	0.000212136
5160.	5170.	0.001272816
5170.	5180.	0.00106068
5180.	5190.	0.001697088
5190.	5200.	0.000848544
5200.	5210.	0.000848544
5210.	5220.	0.000636408
5220.	5230.	0.000424272
5230.	5240.	0.000424272
5240.	5250.	0.000424272
5250.	5260.	0.000424272
5260.	5270.	0.000848544
5270.	5280.	0.000424272
5280.	5290.	0.000212136
5290.	5300.	0.000848544
5300.	5310.	0.
5310.	5320.	0.00106068
5320.	5330.	0.000424272
5330.	5340.	0.000424272
5340.	5350.	0.000848544
5350.	5360.	0.001272816
5360.	5370.	0.
5370.	5380.	0.000212136
5380.	5390.	0.000848544
5390.	5400.	0.000636408
5400.	5410.	0.000212136
5410.	5420.	0.000636408
5420.	5430.	0.000848544
5430.	5440.	0.000848544
5440.	5450.	0.000636408
5450.	5460.	0.000212136
5460.	5470.	0.000636408
5470.	5480.	0.000636408
5480.	5490.	0.000424272
5490.	5500.	0.000424272
5500.	5510.	0.000424272
5510.	5520.	0.000848544
5520.	5530.	0.000424272
5530.	5540.	0.000424272
5540.	5550.	0.000848544
5550.	5560.	0.00106068
5560.	5570.	0.000636408
5570.	5580.	0.000212136
5580.	5590.	0.000424272
5590.	5600.	0.000424272
5600.	5610.	0.000636408
5610.	5620.	0.000636408
5620.	5630.	0.000212136
5630.	5640.	0.000212136
5640.	5650.	0.000424272
5650.	5660.	0.000212136
5660.	5670.	0.000424272
5670.	5680.	0.000424272
5680.	5690.	0.000636408
5690.	5700.	0.000424272
5700.	5710.	0.000848544
5710.	5720.	0.00106068
5720.	5730.	0.000636408
5730.	5740.	0.00106068
5740.	5750.	0.000848544
5750.	5760.	0.000424272
5760.	5770.	0.000212136
5770.	5780.	0.
5780.	5790.	0.000848544
5790.	5800.	0.000636408
5800.	5810.	0.000212136
5810.	5820.	0.
5820.	5830.	0.000212136
5830.	5840.	0.000424272
5840.	5850.	0.000636408
5850.	5860.	0.000212136
5860.	5870.	0.000212136
5870.	5880.	0.000212136
5880.	5890.	0.000212136
5890.	5900.	0.000424272
5900.	5910.	0.000424272
5910.	5920.	0.000212136
5920.	5930.	0.
5930.	5940.	0.
5940.	5950.	0.000424272
5950.	5960.	0.000212136
5960.	5970.	0.000636408
5970.	5980.	0.
5980.	5990.	0.000636408
5990.	6000.	0.000424272
6000.	6010.	0.000848544
6010.	6020.	0.00106068
6020.	6030.	0.
6030.	6040.	0.000212136
6040.	6050.	0.
6050.	6060.	0.
6060.	6070.	0.000212136
6070.	6080.	0.000212136
6080.	6090.	0.000424272
6090.	6100.	0.000636408
6100.	6110.	0.000424272
6110.	6120.	0.
6120.	6130.	0.000212136
6130.	6140.	0.000212136
6140.	6150.	0.
6150.	6160.	0.000212136
6160.	6170.	0.000636408
6170.	6180.	0.000424272
6180.	6190.	0.
6190.	6200.	0.000424272
6200.	6210.	0.000424272
6210.	6220.	0.
6220.	6230.	0.000212136
6230.	6240.	0.000212136
6240.	6250.	0.000424272
6250.	6260.	0.
6260.	6270.	0.000424272
6270.	6280.	0.
6280.	6290.	0.000848544
6290.	6300.	0.000212136
6300.	6310.	0.
6310.	6320.	0.000212136
6320.	6330.	0.000212136
6330.	6340.	0.000212136
6340.	6350.	0.000424272
6350.	6360.	0.000424272
6360.	6370.	0.
6370.	6380.	0.000212136
6380.	6390.	0.000212136
6390.	6400.	0.000212136
6400.	6410.	0.
6410.	6420.	0.000212136
6420.	6430.	0.
6430.	6440.	0.000424272
6440.	6450.	0.
6450.	6460.	0.000212136
6460.	6470.	0.000212136
6470.	6480.	0.
6480.	6490.	0.000212136
6490.	6500.	0.000212136
6500.	6510.	0.000212136
6510.	6520.	0.
6520.	6530.	0.000212136
6530.	6540.	0.
6540.	6550.	0.000424272
6550.	6560.	0.000424272
6560.	6570.	0.
6570.	6580.	0.000636408
6580.	6590.	0.000212136
6590.	6600.	0.000212136
6600.	6610.	0.
6610.	6620.	0.
6620.	6630.	0.
6630.	6640.	0.000212136
6640.	6650.	0.000424272
6650.	6660.	0.
6660.	6670.	0.000212136
6670.	6680.	0.000636408
6680.	6690.	0.
6690.	6700.	0.
6700.	6710.	0.000212136
6710.	6720.	0.
6720.	6730.	0.000212136
6730.	6740.	0.
6740.	6750.	0.000424272
6750.	6760.	0.
6760.	6770.	0.
6770.	6780.	0.
6780.	6790.	0.
6790.	6800.	0.000424272
6800.	6810.	0.000212136
6810.	6820.	0.
6820.	6830.	0.000636408
6830.	6840.	0.
6840.	6850.	0.000212136
6850.	6860.	0.000212136
6860.	6870.	0.
6870.	6880.	0.000212136
6880.	6890.	0.000424272
6890.	6900.	0.
6900.	6910.	0.000212136
6910.	6920.	0.000212136
6920.	6930.	0.000212136
6930.	6940.	0.000636408
6940.	6950.	0.
6950.	6960.	0.
6960.	6970.	0.
6970.	6980.	0.
6980.	6990.	0.000212136
6990.	7000.	0.
7000.	7010.	0.000212136
7010.	7020.	0.000212136
7020.	7030.	0.
7030.	7040.	0.000212136
7040.	7050.	0.000212136
7050.	7060.	0.000212136
7060.	7070.	0.
7070.	7080.	0.
7080.	7090.	0.000212136
7090.	7100.	0.
7100.	7110.	0.
7110.	7120.	0.000424272
7120.	7130.	0.
7130.	7140.	0.
7140.	7150.	0.
7150.	7160.	0.000212136
7160.	7170.	0.
7170.	7180.	0.000212136
7180.	7190.	0.
7190.	7200.	0.
7200.	7210.	0.
7210.	7220.	0.000636408
7220.	7230.	0.
7230.	7240.	0.
7240.	7250.	0.000212136
7250.	7260.	0.
7260.	7270.	0.000212136
7270.	7280.	0.
7280.	7290.	0.
7290.	7300.	0.
7300.	7310.	0.
7310.	7320.	0.000424272
7320.	7330.	0.
7330.	7340.	0.000212136
7340.	7350.	0.000212136
7350.	7360.	0.000424272
7360.	7370.	0.
7370.	7380.	0.000424272
7380.	7390.	0.
7390.	7400.	0.
7400.	7410.	0.000212136
7410.	7420.	0.000212136
7420.	7430.	0.
7430.	7440.	0.000212136
7440.	7450.	0.
7450.	7460.	0.
7460.	7470.	0.
7470.	7480.	0.000424272
7480.	7490.	0.
7490.	7500.	0.
7500.	7510.	0.
7510.	7520.	0.
7520.	7530.	0.000212136
7530.	7540.	0.
7540.	7550.	0.000212136
7550.	7560.	0.
7560.	7570.	0.
7570.	7580.	0.
7580.	7590.	0.000212136
7590.	7600.	0.000212136
7600.	7610.	0.000424272
7610.	7620.	0.
7620.	7630.	0.
7630.	7640.	0.
7640.	7650.	0.
7650.	7660.	0.
7660.	7670.	0.
7670.	7680.	0.
7680.	7690.	0.000212136
7690.	7700.	0.
7700.	7710.	0.000212136
7710.	7720.	0.
7720.	7730.	0.
7730.	7740.	0.
7740.	7750.	0.000212136
7750.	7760.	0.
7760.	7770.	0.
7770.	7780.	0.
7780.	7790.	0.
7790.	7800.	0.
7800.	7810.	0.
7810.	7820.	0.000212136
7820.	7830.	0.
7830.	7840.	0.
7840.	7850.	0.
7850.	7860.	0.000212136
7860.	7870.	0.
7870.	7880.	0.000212136
7880.	7890.	0.000212136
7890.	7900.	0.
7900.	7910.	0.
7910.	7920.	0.
7920.	7930.	0.
7930.	7940.	0.
7940.	7950.	0.
7950.	7960.	0.000212136
7960.	7970.	0.
7970.	7980.	0.
7980.	7990.	0.
7990.	8000.	0.000212136
8000.	8010.	0.000424272
8010.	8020.	0.
8020.	8030.	0.
8030.	8040.	0.
8040.	8050.	0.
8050.	8060.	0.
8060.	8070.	0.000212136
8070.	8080.	0.
8080.	8090.	0.
8090.	8100.	0.
8100.	8110.	0.
8110.	8120.	0.
8120.	8130.	0.
8130.	8140.	0.000212136
8140.	8150.	0.000212136
8150.	8160.	0.
8160.	8170.	0.
8170.	8180.	0.
8180.	8190.	0.
8190.	8200.	0.000212136
8200.	8210.	0.
8210.	8220.	0.
8220.	8230.	0.
8230.	8240.	0.
8240.	8250.	0.000424272
8250.	8260.	0.
8260.	8270.	0.
8270.	8280.	0.
8280.	8290.	0.000212136
8290.	8300.	0.000212136
8300.	8310.	0.000212136
8310.	8320.	0.
8320.	8330.	0.
8330.	8340.	0.000424272
8340.	8350.	0.
8350.	8360.	0.000212136
8360.	8370.	0.
8370.	8380.	0.
8380.	8390.	0.
8390.	8400.	0.
8400.	8410.	0.
8410.	8420.	0.
8420.	8430.	0.
8430.	8440.	0.
8440.	8450.	0.
8450.	8460.	0.000212136
8460.	8470.	0.000212136
8470.	8480.	0.
8480.	8490.	0.
8490.	8500.	0.
8500.	8510.	0.000212136
8510.	8520.	0.
8520.	8530.	0.
8530.	8540.	0.
8540.	8550.	0.
8550.	8560.	0.
8560.	8570.	0.
8570.	8580.	0.
8580.	8590.	0.000212136
8590.	8600.	0.
8600.	8610.	0.
8610.	8620.	0.
8620.	8630.	0.
8630.	8640.	0.
8640.	8650.	0.
8650.	8660.	0.
8660.	8670.	0.
8670.	8680.	0.
8680.	8690.	0.
8690.	8700.	0.
8700.	8710.	0.
8710.	8720.	0.
8720.	8730.	0.
8730.	8740.	0.
8740.	8750.	0.
8750.	8760.	0.
8760.	8770.	0.
8770.	8780.	0.000212136
8780.	8790.	0.
8790.	8800.	0.000212136
8800.	8810.	0.
8810.	8820.	0.
8820.	8830.	0.
8830.	8840.	0.
8840.	8850.	0.
8850.	8860.	0.
8860.	8870.	0.
8870.	8880.	0.
8880.	8890.	0.
8890.	8900.	0.
8900.	8910.	0.
8910.	8920.	0.
8920.	8930.	0.
8930.	8940.	0.
8940.	8950.	0.
8950.	8960.	0.
8960.	8970.	0.
8970.	8980.	0.
8980.	8990.	0.
8990.	9000.	0.
9000.	9010.	0.000212136
9010.	9020.	0.000212136
9020.	9030.	0.
9030.	9040.	0.
9040.	9050.	0.000212136
9050.	9060.	0.
9060.	9070.	0.
9070.	9080.	0.
9080.	9090.	0.
9090.	9100.	0.
9100.	9110.	0.
9110.	9120.	0.000212136
9120.	9130.	0.
9130.	9140.	0.
9140.	9150.	0.
9150.	9160.	0.
9160.	9170.	0.
9170.	9180.	0.
9180.	9190.	0.
9190.	9200.	0.
9200.	9210.	0.
9210.	9220.	0.
9220.	9230.	0.
9230.	9240.	0.
9240.	9250.	0.
9250.	9260.	0.
9260.	9270.	0.
9270.	9280.	0.
9280.	9290.	0.
9290.	9300.	0.
9300.	9310.	0.000212136
9310.	9320.	0.
9320.	9330.	0.
9330.	9340.	0.
9340.	9350.	0.
9350.	9360.	0.
9360.	9370.	0.
9370.	9380.	0.
9380.	9390.	0.
9390.	9400.	0.
9400.	9410.	0.
9410.	9420.	0.
9420.	9430.	0.
9430.	9440.	0.
9440.	9450.	0.
9450.	9460.	0.
9460.	9470.	0.
9470.	9480.	0.
9480.	9490.	0.
9490.	9500.	0.
9500.	9510.	0.
9510.	9520.	0.
9520.	9530.	0.
9530.	9540.	0.
9540.	9550.	0.
9550.	9560.	0.
9560.	9570.	0.
9570.	9580.	0.000212136
9580.	9590.	0.
9590.	9600.	0.
9600.	9610.	0.
9610.	9620.	0.000212136
9620.	9630.	0.
9630.	9640.	0.
9640.	9650.	0.
9650.	9660.	0.
9660.	9670.	0.
9670.	9680.	0.
9680.	9690.	0.
9690.	9700.	0.
9700.	9710.	0.
9710.	9720.	0.
9720.	9730.	0.
9730.	9740.	0.
9740.	9750.	0.
9750.	9760.	0.
9760.	9770.	0.
9770.	9780.	0.
9780.	9790.	0.
9790.	9800.	0.
9800.	9810.	0.
9810.	9820.	0.
9820.	9830.	0.
9830.	9840.	0.
9840.	9850.	0.
9850.	9860.	0.
9860.	9870.	0.
9870.	9880.	0.
9880.	9890.	0.
9890.	9900.	0.
9900.	9910.	0.
9910.	9920.	0.
9920.	9930.	0.
9930.	9940.	0.
9940.	9950.	0.
9950.	9960.	0.
9960.	9970.	0.
9970.	9980.	0.
9980.	9990.	0.
9990.	10000.	0.
10000.	10010.	0.