-10.	0.	0.
0.	10.	0.
10.	20.	0.
20.	30.	0.
30.	40.	0.
40.	50.	0.
50.	60.	0.
60.	70.	0.
70.	80.	0.
80.	90.	0.
90.	100.	0.
100.	110.	0.
110.	120.	0.
120.	130.	0.
130.	140.	0.
140.	150.	0.
150.	160.	0.
160.	170.	0.
170.	180.	0.
180.	190.	0.
190.	200.	0.
200.	210.	0.
210.	220.	0.
220.	230.	0.
230.	240.	0.
240.	250.	0.
250.	260.	0.
260.	270.	0.
270.	280.	0.
280.	290.	0.
290.	300.	0.
300.	310.	0.
310.	320.	0.
320.	330.	0.
330.	340.	0.
340.	350.	0.
350.	360.	0.
360.	370.	0.
370.	380.	0.
380.	390.	0.
390.	400.	0.
400.	410.	0.
410.	420.	0.
420.	430.	0.
430.	440.	0.
440.	450.	0.
450.	460.	0.
460.	470.	0.
470.	480.	0.
480.	490.	0.
490.	500.	0.
500.	510.	0.06546127
510.	520.	0.07799641
520.	530.	0.09192434
530.	540.	0.1239586
540.	550.	0.1156018
550.	560.	0.1169946
560.	570.	0.1295298
570.	580.	0.1225658
580.	590.	0.1239586
590.	600.	0.1713135
600.	610.	0.168528
610.	620.	0.1378865
620.	630.	0.1225658
630.	640.	0.1559928
640.	650.	0.1601712
650.	660.	0.1309225
660.	670.	0.1587784
670.	680.	0.1587784
680.	690.	0.1351009
690.	700.	0.1587784
700.	710.	0.1490289
710.	720.	0.1434577
720.	730.	0.1532072
730.	740.	0.1518144
740.	750.	0.168528
750.	760.	0.1559928
760.	770.	0.1532072
770.	780.	0.1713135
780.	790.	0.1323153
790.	800.	0.128137
800.	810.	0.1420649
810.	820.	0.1657424
820.	830.	0.1532072
830.	840.	0.1309225
840.	850.	0.0988883
850.	860.	0.114209
860.	870.	0.128137
870.	880.	0.1434577
880.	890.	0.1323153
890.	900.	0.1183874
900.	910.	0.1114234
910.	920.	0.1309225
920.	930.	0.128137
930.	940.	0.1128162
940.	950.	0.1058523
950.	960.	0.1058523
960.	970.	0.0988883
970.	980.	0.1295298
980.	990.	0.08635317
990.	1000.	0.1225658
1000.	1010.	0.1002811
1010.	1020.	0.1183874
1020.	1030.	0.07521082
1030.	1040.	0.1016739
1040.	1050.	0.08635317
1050.	1060.	0.09749551
1060.	1070.	0.1002811
1070.	1080.	0.1016739
1080.	1090.	0.08217479
1090.	1100.	0.07799641
1100.	1110.	0.08635317
1110.	1120.	0.080782
1120.	1130.	0.08635317
1130.	1140.	0.06824686
1140.	1150.	0.08635317
1150.	1160.	0.08356758
1160.	1170.	0.09610272
1170.	1180.	0.07103244
1180.	1190.	0.08635317
1190.	1200.	0.05849731
1200.	1210.	0.07103244
1210.	1220.	0.0598901
1220.	1230.	0.07381803
1230.	1240.	0.06128289
1240.	1250.	0.05571172
1250.	1260.	0.06546127
1260.	1270.	0.04735496
1270.	1280.	0.06685407
1280.	1290.	0.07242524
1290.	1300.	0.06824686
1300.	1310.	0.05292614
1310.	1320.	0.05710451
1320.	1330.	0.04456938
1330.	1340.	0.05014055
1340.	1350.	0.04596217
1350.	1360.	0.06267569
1360.	1370.	0.05571172
1370.	1380.	0.05431893
1380.	1390.	0.04317658
1390.	1400.	0.05153334
1400.	1410.	0.04178379
1410.	1420.	0.05014055
1420.	1430.	0.04317658
1430.	1440.	0.04735496
1440.	1450.	0.05153334
1450.	1460.	0.0389982
1460.	1470.	0.05292614
1470.	1480.	0.04735496
1480.	1490.	0.03760541
1490.	1500.	0.0389982
1500.	1510.	0.03424966
1510.	1520.	0.03713474
1520.	1530.	0.03611511
1530.	1540.	0.04590631
1540.	1550.	0.03960449
1550.	1560.	0.03945735
1560.	1570.	0.04168233
1570.	1580.	0.04156751
1580.	1590.	0.04121978
1590.	1600.	0.03994999
1600.	1610.	0.03282753
1610.	1620.	0.02695378
1620.	1630.	0.02991591
1630.	1640.	0.02890809
1640.	1650.	0.03423529
1650.	1660.	0.02980485
1660.	1670.	0.03712501
1670.	1680.	0.03448261
1680.	1690.	0.03423837
1690.	1700.	0.02271149
1700.	1710.	0.02129353
1710.	1720.	0.03070261
1720.	1730.	0.03115066
1730.	1740.	0.02625108
1740.	1750.	0.03138632
1750.	1760.	0.02795479
1760.	1770.	0.0289788
1770.	1780.	0.02642007
1780.	1790.	0.02216975
1790.	1800.	0.02491537
1800.	1810.	0.02426861
1810.	1820.	0.03386241
1820.	1830.	0.02452725
1830.	1840.	0.02338854
1840.	1850.	0.02818656
1850.	1860.	0.02455507
1860.	1870.	0.02485555
1870.	1880.	0.02553239
1880.	1890.	0.02002718
1890.	1900.	0.0212122
1900.	1910.	0.02151847
1910.	1920.	0.0287391
1920.	1930.	0.0195968
1930.	1940.	0.02181454
1940.	1950.	0.02050614
1950.	1960.	0.01666804
1960.	1970.	0.02057901
1970.	1980.	0.02073964
1980.	1990.	0.0185283
1990.	2000.	0.0197563
2000.	2010.	0.01697237
2010.	2020.	0.01876164
2020.	2030.	0.01954907
2030.	2040.	0.02032162
2040.	2050.	0.01741115
2050.	2060.	0.01500824
2060.	2070.	0.01100188
2070.	2080.	0.01510525
2080.	2090.	0.01557986
2090.	2100.	0.01521657
2100.	2110.	0.0151041
2110.	2120.	0.01700125
2120.	2130.	0.01516398
2130.	2140.	0.01551086
2140.	2150.	0.0142079
2150.	2160.	0.01299564
2160.	2170.	0.01132278
2170.	2180.	0.01172636
2180.	2190.	0.01358624
2190.	2200.	0.01641624
2200.	2210.	0.01176598
2210.	2220.	0.01269944
2220.	2230.	0.01377097
2230.	2240.	0.01423316
2240.	2250.	0.01056056
2250.	2260.	0.01180449
2260.	2270.	0.01170566
2270.	2280.	0.01023039
2280.	2290.	0.01035345
2290.	2300.	0.01260274
2300.	2310.	0.008950179
2310.	2320.	0.01192654
2320.	2330.	0.01013181
2330.	2340.	0.01051228
2340.	2350.	0.01223348
2350.	2360.	0.008773205
2360.	2370.	0.006582982
2370.	2380.	0.01274652
2380.	2390.	0.01055795
2390.	2400.	0.01114814
2400.	2410.	0.009980824
2410.	2420.	0.01069232
2420.	2430.	0.01096388
2430.	2440.	0.008784376
2440.	2450.	0.01125604
2450.	2460.	0.01066893
2460.	2470.	0.008480362
2470.	2480.	0.008303486
2480.	2490.	0.009373158
2490.	2500.	0.009955071
2500.	2510.	0.01104031
2510.	2520.	0.01020053
2520.	2530.	0.008659005
2530.	2540.	0.007684459
2540.	2550.	0.00850711
2550.	2560.	0.007578209
2560.	2570.	0.00866902
2570.	2580.	0.008876271
2580.	2590.	0.008149231
2590.	2600.	0.008538741
2600.	2610.	0.006965855
2610.	2620.	0.007874137
2620.	2630.	0.008152312
2630.	2640.	0.007570768
2640.	2650.	0.007272588
2650.	2660.	0.006653496
2660.	2670.	0.008416155
2670.	2680.	0.006106247
2680.	2690.	0.007274801
2690.	2700.	0.006540598
2700.	2710.	0.00649495
2710.	2720.	0.006668192
2720.	2730.	0.006405506
2730.	2740.	0.006081791
2740.	2750.	0.008003755
2750.	2760.	0.006530752
2760.	2770.	0.006608793
2770.	2780.	0.00584688
2780.	2790.	0.006690215
2790.	2800.	0.006075599
2800.	2810.	0.005848056
2810.	2820.	0.00670008
2820.	2830.	0.006350212
2830.	2840.	0.006821816
2840.	2850.	0.004991788
2850.	2860.	0.004628947
2860.	2870.	0.00564486
2870.	2880.	0.005870099
2880.	2890.	0.006293738
2890.	2900.	0.005829293
2900.	2910.	0.006029858
2910.	2920.	0.005225831
2920.	2930.	0.004690318
2930.	2940.	0.005730039
2940.	2950.	0.005152829
2950.	2960.	0.004881458
2960.	2970.	0.005863338
2970.	2980.	0.004132661
2980.	2990.	0.005671321
2990.	3000.	0.004741029
3000.	3010.	0.005568638
3010.	3020.	0.004541181
3020.	3030.	0.004594802
3030.	3040.	0.005091129
3040.	3050.	0.004926112
3050.	3060.	0.00520931
3060.	3070.	0.004495512
3070.	3080.	0.004384714
3080.	3090.	0.004542478
3090.	3100.	0.004059244
3100.	3110.	0.004766012
3110.	3120.	0.003859611
3120.	3130.	0.004295385
3130.	3140.	0.004222761
3140.	3150.	0.003677223
3150.	3160.	0.004159974
3160.	3170.	0.003896076
3170.	3180.	0.004392765
3180.	3190.	0.003807333
3190.	3200.	0.003464834
3200.	3210.	0.003910928
3210.	3220.	0.003324075
3220.	3230.	0.003577496
3230.	3240.	0.003464684
3240.	3250.	0.003500503
3250.	3260.	0.003213506
3260.	3270.	0.003279854
3270.	3280.	0.003508682
3280.	3290.	0.003372195
3290.	3300.	0.003512506
3300.	3310.	0.003085889
3310.	3320.	0.003353512
3320.	3330.	0.003357723
3330.	3340.	0.003050739
3340.	3350.	0.002727816
3350.	3360.	0.003358555
3360.	3370.	0.003038384
3370.	3380.	0.002970863
3380.	3390.	0.002976856
3390.	3400.	0.003238406
3400.	3410.	0.003049599
3410.	3420.	0.002892384
3420.	3430.	0.002626389
3430.	3440.	0.002586214
3440.	3450.	0.002571439
3450.	3460.	0.002966084
3460.	3470.	0.002964066
3470.	3480.	0.002630296
3480.	3490.	0.002119406
3490.	3500.	0.002412271
3500.	3510.	0.002239453
3510.	3520.	0.002679658
3520.	3530.	0.002700767
3530.	3540.	0.002567888
3540.	3550.	0.002833935
3550.	3560.	0.002590744
3560.	3570.	0.002553715
3570.	3580.	0.002444936
3580.	3590.	0.002251707
3590.	3600.	0.002536721
3600.	3610.	0.002120893
3610.	3620.	0.002722608
3620.	3630.	0.002383345
3630.	3640.	0.00219927
3640.	3650.	0.001775592
3650.	3660.	0.002058452
3660.	3670.	0.002174225
3670.	3680.	0.002366955
3680.	3690.	0.002164351
3690.	3700.	0.002242287
3700.	3710.	0.002182299
3710.	3720.	0.00240599
3720.	3730.	0.001814577
3730.	3740.	0.002095908
3740.	3750.	0.002067407
3750.	3760.	0.002110828
3760.	3770.	0.00202741
3770.	3780.	0.00218027
3780.	3790.	0.002042324
3790.	3800.	0.001827161
3800.	3810.	0.00200276
3810.	3820.	0.001766681
3820.	3830.	0.002105361
3830.	3840.	0.001607167
3840.	3850.	0.002089225
3850.	3860.	0.001688608
3860.	3870.	0.002023002
3870.	3880.	0.00176841
3880.	3890.	0.001434619
3890.	3900.	0.001676302
3900.	3910.	0.001887376
3910.	3920.	0.001666732
3920.	3930.	0.001623767
3930.	3940.	0.001974154
3940.	3950.	0.001616529
3950.	3960.	0.001966789
3960.	3970.	0.001555
3970.	3980.	0.00176908
3980.	3990.	0.001325834
3990.	4000.	0.001506617
4000.	4010.	0.001683414
4010.	4020.	0.001743699
4020.	4030.	0.001451404
4030.	4040.	0.001661615
4040.	4050.	0.001533158
4050.	4060.	0.001600994
4060.	4070.	0.001447964
4070.	4080.	0.001157868
4080.	4090.	0.001403557
4090.	4100.	0.001396056
4100.	4110.	0.001424385
4110.	4120.	0.001407191
4120.	4130.	0.00127499
4130.	4140.	0.001181588
4140.	4150.	0.001314106
4150.	4160.	0.001196013
4160.	4170.	0.001122166
4170.	4180.	0.001526513
4180.	4190.	0.001219596
4190.	4200.	0.001375964
4200.	4210.	0.001198432
4210.	4220.	0.00124876
4220.	4230.	0.001115315
4230.	4240.	0.001258202
4240.	4250.	0.001189036
4250.	4260.	0.001191119
4260.	4270.	0.001214068
4270.	4280.	0.0009927165
4280.	4290.	0.001288783
4290.	4300.	0.00112176
4300.	4310.	0.001051863
4310.	4320.	0.001160185
4320.	4330.	0.00106239
4330.	4340.	0.001022711
4340.	4350.	0.001119845
4350.	4360.	0.001161307
4360.	4370.	0.0009477576
4370.	4380.	0.001174375
4380.	4390.	0.0009917239
4390.	4400.	0.0009677329
4400.	4410.	0.001064976
4410.	4420.	0.000876281
4420.	4430.	0.001003289
4430.	4440.	0.0009987304
4440.	4450.	0.0009631046
4450.	4460.	0.0009587245
4460.	4470.	0.000840462
4470.	4480.	0.0009253097
4480.	4490.	0.0008918462
4490.	4500.	0.0008643408
4500.	4510.	0.0009343114
4510.	4520.	0.0009187045
4520.	4530.	0.0009812103
4530.	4540.	0.001003319
4540.	4550.	0.0008342626
4550.	4560.	0.0008472321
4560.	4570.	0.0008643587
4570.	4580.	0.0007388882
4580.	4590.	0.0008298341
4590.	4600.	0.0009242386
4600.	4610.	0.0008942233
4610.	4620.	0.0007780692
4620.	4630.	0.0007097487
4630.	4640.	0.0008014477
4640.	4650.	0.0008066571
4650.	4660.	0.0008031289
4660.	4670.	0.0007562882
4670.	4680.	0.0007956649
4680.	4690.	0.0008247701
4690.	4700.	0.0007143065
4700.	4710.	0.0006697931
4710.	4720.	0.000730847
4720.	4730.	0.0007408729
4730.	4740.	0.0007199967
4740.	4750.	0.0006725713
4750.	4760.	0.0007438653
4760.	4770.	0.0007664463
4770.	4780.	0.0007838109
4780.	4790.	0.0006154985
4790.	4800.	0.0006799404
4800.	4810.	0.0006977205
4810.	4820.	0.0006498814
4820.	4830.	0.0007320758
4830.	4840.	0.000628282
4840.	4850.	0.0006378859
4850.	4860.	0.0006117008
4860.	4870.	0.0005703942
4870.	4880.	0.0006222989
4880.	4890.	0.0006387163
4890.	4900.	0.0005757348
4900.	4910.	0.0005699522
4910.	4920.	0.0006639457
4920.	4930.	0.0006387641
4930.	4940.	0.0006358429
4940.	4950.	0.0005651738
4950.	4960.	0.0006161826
4960.	4970.	0.0006343413
4970.	4980.	0.0005762874
4980.	4990.	0.0005703348
4990.	5000.	0.0005407939
5000.	5010.	0.0006465751
5010.	5020.	0.0006132906
5020.	5030.	0.0005911096
5030.	5040.	0.0004901771
5040.	5050.	0.000553375
5050.	5060.	0.000458225
5060.	5070.	0.0005392867
5070.	5080.	0.0005120605
5080.	5090.	0.000491726
5090.	5100.	0.0004622617
5100.	5110.	0.000573461
5110.	5120.	0.0004924267
5120.	5130.	0.0004576046
5130.	5140.	0.0004740793
5140.	5150.	0.000542909
5150.	5160.	0.0004270676
5160.	5170.	0.0005811899
5170.	5180.	0.0005016348
5180.	5190.	0.0004686997
5190.	5200.	0.0003772993
5200.	5210.	0.0004484289
5210.	5220.	0.0004333811
5220.	5230.	0.0004915924
5230.	5240.	0.0003711302
5240.	5250.	0.0004262164
5250.	5260.	0.0004433699
5260.	5270.	0.0004418162
5270.	5280.	0.0004274079
5280.	5290.	0.0004414298
5290.	5300.	0.00044726
5300.	5310.	0.0004380208
5310.	5320.	0.0004415665
5320.	5330.	0.0003434688
5330.	5340.	0.0004135306
5340.	5350.	0.0003734112
5350.	5360.	0.0004012227
5360.	5370.	0.0003974921
5370.	5380.	0.000410229
5380.	5390.	0.0003525965
5390.	5400.	0.0003564518
5400.	5410.	0.000389872
5410.	5420.	0.0003884695
5420.	5430.	0.0003917587
5430.	5440.	0.0003991651
5440.	5450.	0.0003491779
5450.	5460.	0.0003721842
5460.	5470.	0.0003732146
5470.	5480.	0.0004063571
5480.	5490.	0.0003046073
5490.	5500.	0.0003842718
5500.	5510.	0.0003766013
5510.	5520.	0.0003587017
5520.	5530.	0.0003492967
5530.	5540.	0.0003419901
5540.	5550.	0.0003450917
5550.	5560.	0.0003339649
5560.	5570.	0.0003586221
5570.	5580.	0.0003182106
5580.	5590.	0.0003192887
5590.	5600.	0.0003491702
5600.	5610.	0.0003097195
5610.	5620.	0.0003202433
5620.	5630.	0.0002910729
5630.	5640.	0.0003257949
5640.	5650.	0.0003098758
5650.	5660.	0.0002633066
5660.	5670.	0.0002791337
5670.	5680.	0.0002928578
5680.	5690.	0.000279628
5690.	5700.	0.0003371957
5700.	5710.	0.0003097754
5710.	5720.	0.0002794195
5720.	5730.	0.0003233085
5730.	5740.	0.0002523049
5740.	5750.	0.0002704283
5750.	5760.	0.0002882677
5760.	5770.	0.0002773209
5770.	5780.	0.0002929623
5780.	5790.	0.0002709185
5790.	5800.	0.0002832665
5800.	5810.	0.0002823317
5810.	5820.	0.0002513255
5820.	5830.	0.0002554703
5830.	5840.	0.0002377187
5840.	5850.	0.0002588691
5850.	5860.	0.0002459007
5860.	5870.	0.0002697252
5870.	5880.	0.0002433965
5880.	5890.	0.0002742291
5890.	5900.	0.0002540616
5900.	5910.	0.0002637545
5910.	5920.	0.00026727
5920.	5930.	0.0002346392
5930.	5940.	0.0002240763
5940.	5950.	0.0002535735
5950.	5960.	0.0002386836
5960.	5970.	0.0002605642
5970.	5980.	0.0002235788
5980.	5990.	0.0002354959
5990.	6000.	0.0001788834
6000.	6010.	0.0002181022
6010.	6020.	0.0001960798
6020.	6030.	0.0002251183
6030.	6040.	0.0001955551
6040.	6050.	0.00022672
6050.	6060.	0.0001806434
6060.	6070.	0.0002242756
6070.	6080.	0.0001930325
6080.	6090.	0.0002104531
6090.	6100.	0.0001784678
6100.	6110.	0.0002194525
6110.	6120.	0.0001954964
6120.	6130.	0.0001902082
6130.	6140.	0.0002081415
6140.	6150.	0.0001774241
6150.	6160.	0.0001963633
6160.	6170.	0.0002042643
6170.	6180.	0.0001838384
6180.	6190.	0.0001647631
6190.	6200.	0.0001946723
6200.	6210.	0.0001874231
6210.	6220.	0.0001710761
6220.	6230.	0.000176516
6230.	6240.	0.0001437147
6240.	6250.	0.0001903854
6250.	6260.	0.0001645946
6260.	6270.	0.0001775488
6270.	6280.	0.0001641687
6280.	6290.	0.000159627
6290.	6300.	0.0001508917
6300.	6310.	0.0001624183
6310.	6320.	0.000151637
6320.	6330.	0.0001567387
6330.	6340.	0.0001866105
6340.	6350.	0.0001676248
6350.	6360.	0.0001581585
6360.	6370.	0.0001944188
6370.	6380.	0.0001556739
6380.	6390.	0.0001544406
6390.	6400.	0.0001502492
6400.	6410.	0.0001501505
6410.	6420.	0.0001820414
6420.	6430.	0.0001420008
6430.	6440.	0.0001524148
6440.	6450.	0.0001312357
6450.	6460.	0.0001444697
6460.	6470.	0.0001320376
6470.	6480.	0.0001245547
6480.	6490.	0.0001328059
6490.	6500.	0.0001382106
6500.	6510.	0.0001461381
6510.	6520.	0.0001352288
6520.	6530.	0.0001529324
6530.	6540.	0.0001393066
6540.	6550.	0.000139989
6550.	6560.	0.0001398275
6560.	6570.	0.0001327103
6570.	6580.	0.000127435
6580.	6590.	0.0001298448
6590.	6600.	0.0001347974
6600.	6610.	0.0001354975
6610.	6620.	0.0001244273
6620.	6630.	0.0001284735
6630.	6640.	0.0001398156
6640.	6650.	0.0001044998
6650.	6660.	0.0001255841
6660.	6670.	0.0001125488
6670.	6680.	0.0001149484
6680.	6690.	0.00009743631
6690.	6700.	0.0001022133
6700.	6710.	0.0001069516
6710.	6720.	0.0001286208
6720.	6730.	0.0001168731
6730.	6740.	0.0001022335
6740.	6750.	0.0001173955
6750.	6760.	0.0001135667
6760.	6770.	0.00009107186
6770.	6780.	0.000105922
6780.	6790.	0.0001029622
6790.	6800.	0.0001051477
6800.	6810.	0.000121763
6810.	6820.	0.0001014156
6820.	6830.	0.0001013932
6830.	6840.	0.00009217946
6840.	6850.	0.0000900806
6850.	6860.	0.0001026996
6860.	6870.	0.00008740712
6870.	6880.	0.00009433859
6880.	6890.	0.00009506793
6890.	6900.	0.0001004691
6900.	6910.	0.00009096167
6910.	6920.	0.00008897283
6920.	6930.	0.00009296189
6930.	6940.	0.0001015374
6940.	6950.	0.00008771322
6950.	6960.	0.00008966549
6960.	6970.	0.0000935832
6970.	6980.	0.00009673072
6980.	6990.	0.00009032982
6990.	7000.	0.00008718384
7000.	7010.	0.00008777783
7010.	7020.	0.00008840139
7020.	7030.	0.0000865288
7030.	7040.	0.00008039671
7040.	7050.	0.00007739383
7050.	7060.	0.00007199626
7060.	7070.	0.00007511332
7070.	7080.	0.0000805545
7080.	7090.	0.00007345069
7090.	7100.	0.00006588204
7100.	7110.	0.00008118125
7110.	7120.	0.00007481737
7120.	7130.	0.00007143793
7130.	7140.	0.00006291641
7140.	7150.	0.00007612758
7150.	7160.	0.00007332995
7160.	7170.	0.00008064349
7170.	7180.	0.00008902391
7180.	7190.	0.00006795171
7190.	7200.	0.00006033585
7200.	7210.	0.00006480519
7210.	7220.	0.00007357443
7220.	7230.	0.00006338205
7230.	7240.	0.00007096537
7240.	7250.	0.000070483
7250.	7260.	0.00005947115
7260.	7270.	0.00006588008
7270.	7280.	0.00006748071
7280.	7290.	0.00007008721
7290.	7300.	0.00005681319
7300.	7310.	0.00006506958
7310.	7320.	0.00006159608
7320.	7330.	0.00006168738
7330.	7340.	0.00005828601
7340.	7350.	0.00006727453
7350.	7360.	0.00005946552
7360.	7370.	0.00005074885
7370.	7380.	0.00005770086
7380.	7390.	0.00004815246
7390.	7400.	0.00005788599
7400.	7410.	0.00006317459
7410.	7420.	0.00006039244
7420.	7430.	0.00005343147
7430.	7440.	0.00005770869
7440.	7450.	0.00005225367
7450.	7460.	0.00005650182
7460.	7470.	0.00004471734
7470.	7480.	0.00005211022
7480.	7490.	0.00004861923
7490.	7500.	0.00004874602
7500.	7510.	0.00005020035
7510.	7520.	0.00004942232
7520.	7530.	0.00005085306
7530.	7540.	0.00004571478
7540.	7550.	0.00005105303
7550.	7560.	0.00004169726
7560.	7570.	0.00004822542
7570.	7580.	0.00004707669
7580.	7590.	0.0000450782
7590.	7600.	0.00004352917
7600.	7610.	0.00004366237
7610.	7620.	0.00004296954
7620.	7630.	0.00004758827
7630.	7640.	0.00005300125
7640.	7650.	0.00004414918
7650.	7660.	0.00004707341
7660.	7670.	0.00004197082
7670.	7680.	0.00004924355
7680.	7690.	0.0000386628
7690.	7700.	0.00004273919
7700.	7710.	0.00004167444
7710.	7720.	0.00004179489
7720.	7730.	0.00004037379
7730.	7740.	0.00003513336
7740.	7750.	0.00003908842
7750.	7760.	0.00003997588
7760.	7770.	0.00004495367
7770.	7780.	0.00004096019
7780.	7790.	0.0000355057
7790.	7800.	0.00003565354
7800.	7810.	0.00004234783
7810.	7820.	0.000043533
7820.	7830.	0.00003857989
7830.	7840.	0.00003474863
7840.	7850.	0.00004556468
7850.	7860.	0.00003571841
7860.	7870.	0.00003443532
7870.	7880.	0.00003352485
7880.	7890.	0.00002463714
7890.	7900.	0.00003655056
7900.	7910.	0.00003152803
7910.	7920.	0.00003234431
7920.	7930.	0.00003011452
7930.	7940.	0.0000329497
7940.	7950.	0.00003341326
7950.	7960.	0.00003286513
7960.	7970.	0.00003398722
7970.	7980.	0.00002852186
7980.	7990.	0.00002834709
7990.	8000.	0.00002883339
8000.	8010.	0.00003314877
8010.	8020.	0.00002781907
8020.	8030.	0.00002478664
8030.	8040.	0.00002905259
8040.	8050.	0.00003640132
8050.	8060.	0.00002619518
8060.	8070.	0.00002883121
8070.	8080.	0.00003295747
8080.	8090.	0.00003643547
8090.	8100.	0.000028296
8100.	8110.	0.00002963711
8110.	8120.	0.00002554795
8120.	8130.	0.00002300447
8130.	8140.	0.00002523541
8140.	8150.	0.0000268487
8150.	8160.	0.00002698638
8160.	8170.	0.00002944045
8170.	8180.	0.00002346551
8180.	8190.	0.00002475547
8190.	8200.	0.00003089505
8200.	8210.	0.0000230216
8210.	8220.	0.00002120176
8220.	8230.	0.00002613687
8230.	8240.	0.00002429912
8240.	8250.	0.00001859898
8250.	8260.	0.00002456055
8260.	8270.	0.00002166427
8270.	8280.	0.00002370954
8280.	8290.	0.00002221112
8290.	8300.	0.00002477405
8300.	8310.	0.00002516039
8310.	8320.	0.0000210242
8320.	8330.	0.00002116597
8330.	8340.	0.00001735299
8340.	8350.	0.00001882539
8350.	8360.	0.00002026461
8360.	8370.	0.00002478817
8370.	8380.	0.00002309609
8380.	8390.	0.00002016242
8390.	8400.	0.00002055021
8400.	8410.	0.00002142342
8410.	8420.	0.00002030667
8420.	8430.	0.00001819852
8430.	8440.	0.00001832813
8440.	8450.	0.00001920693
8450.	8460.	0.00002153913
8460.	8470.	0.00001678723
8470.	8480.	0.0000140297
8480.	8490.	0.00001659036
8490.	8500.	0.00001697232
8500.	8510.	0.00001782493
8510.	8520.	0.00001937691
8520.	8530.	0.00001550428
8530.	8540.	0.00001401101
8540.	8550.	0.00001509172
8550.	8560.	0.00001938553
8560.	8570.	0.00001997022
8570.	8580.	0.00002007859
8580.	8590.	0.00001678286
8590.	8600.	0.00001781425
8600.	8610.	0.00001188081
8610.	8620.	0.00001783153
8620.	8630.	0.00001484847
8630.	8640.	0.00001520474
8640.	8650.	0.00001730773
8650.	8660.	0.00001328536
8660.	8670.	0.00001581096
8670.	8680.	0.00001291777
8680.	8690.	0.00001177692
8690.	8700.	0.00001574424
8700.	8710.	0.00001269718
8710.	8720.	0.00001136273
8720.	8730.	0.00001170881
8730.	8740.	0.00001496947
8740.	8750.	0.00001675117
8750.	8760.	0.00001007749
8760.	8770.	0.00001144888
8770.	8780.	0.00001260609
8780.	8790.	0.00001172583
8790.	8800.	8.238404e-6
8800.	8810.	0.00001398729
8810.	8820.	0.00001132725
8820.	8830.	0.0000108674
8830.	8840.	0.00001139875
8840.	8850.	0.00001171944
8850.	8860.	0.00001088064
8860.	8870.	0.00001023986
8870.	8880.	0.0000115237
8880.	8890.	9.555375e-6
8890.	8900.	0.0000102609
8900.	8910.	0.00001057802
8910.	8920.	0.00001145261
8920.	8930.	0.00001064467
8930.	8940.	7.610687e-6
8940.	8950.	0.00001052179
8950.	8960.	9.181937e-6
8960.	8970.	8.22073e-6
8970.	8980.	7.080679e-6
8980.	8990.	8.127439e-6
8990.	9000.	8.620916e-6
9000.	9010.	9.286719e-6
9010.	9020.	8.707885e-6
9020.	9030.	0.0000107771
9030.	9040.	7.204431e-6
9040.	9050.	8.736274e-6
9050.	9060.	6.773762e-6
9060.	9070.	8.119358e-6
9070.	9080.	0.00001048025
9080.	9090.	7.859641e-6
9090.	9100.	7.30681e-6
9100.	9110.	7.942465e-6
9110.	9120.	8.234333e-6
9120.	9130.	8.025465e-6
9130.	9140.	7.150393e-6
9140.	9150.	6.118074e-6
9150.	9160.	6.41421e-6
9160.	9170.	6.705622e-6
9170.	9180.	7.158296e-6
9180.	9190.	5.663348e-6
9190.	9200.	4.987464e-6
9200.	9210.	5.598645e-6
9210.	9220.	4.775622e-6
9220.	9230.	6.171892e-6
9230.	9240.	5.987313e-6
9240.	9250.	5.323787e-6
9250.	9260.	7.320779e-6
9260.	9270.	4.647294e-6
9270.	9280.	6.318233e-6
9280.	9290.	6.285107e-6
9290.	9300.	6.251901e-6
9300.	9310.	3.790223e-6
9310.	9320.	6.635114e-6
9320.	9330.	5.549218e-6
9330.	9340.	5.967484e-6
9340.	9350.	4.748544e-6
9350.	9360.	4.87108e-6
9360.	9370.	4.110111e-6
9370.	9380.	4.964693e-6
9380.	9390.	5.229125e-6
9390.	9400.	3.90145e-6
9400.	9410.	4.311217e-6
9410.	9420.	6.431498e-6
9420.	9430.	4.836284e-6
9430.	9440.	3.678168e-6
9440.	9450.	4.644276e-6
9450.	9460.	4.062019e-6
9460.	9470.	3.898642e-6
9470.	9480.	4.431255e-6
9480.	9490.	3.584877e-6
9490.	9500.	3.976956e-6
9500.	9510.	4.497928e-6
9510.	9520.	3.796543e-6
9520.	9530.	2.832773e-6
9530.	9540.	4.293969e-6
9540.	9550.	3.469644e-6
9550.	9560.	2.788813e-6
9560.	9570.	2.508951e-6
9570.	9580.	2.626951e-6
9580.	9590.	3.007299e-6
9590.	9600.	2.732605e-6
9600.	9610.	2.717779e-6
9610.	9620.	3.21829e-6
9620.	9630.	2.943493e-6
9630.	9640.	2.420037e-6
9640.	9650.	2.280882e-6
9650.	9660.	2.898601e-6
9660.	9670.	2.506084e-6
9670.	9680.	2.246085e-6
9680.	9690.	2.607685e-6
9690.	9700.	3.211265e-6
9700.	9710.	2.21058e-6
9710.	9720.	2.198968e-6
9720.	9730.	1.945333e-6
9730.	9740.	2.057493e-6
9740.	9750.	1.564653e-6
9750.	9760.	1.316877e-6
9760.	9770.	1.310841e-6
9770.	9780.	2.606759e-6
9780.	9790.	1.061717e-6
9790.	9800.	1.759988e-6
9800.	9810.	1.400223e-6
9810.	9820.	1.508881e-6
9820.	9830.	1.849879e-6
9830.	9840.	2.068862e-6
9840.	9850.	1.48616e-6
9850.	9860.	1.479393e-6
9860.	9870.	1.018326e-6
9870.	9880.	1.013973e-6
9880.	9890.	4.483356e-7
9890.	9900.	7.806787e-7
9900.	9910.	6.663044e-7
9910.	9920.	6.626056e-7
9920.	9930.	6.588005e-7
9930.	9940.	5.46093e-7
9940.	9950.	7.612775e-7
9950.	9960.	4.327303e-7
9960.	9970.	2.154757e-7
9970.	9980.	3.209802e-7
9980.	9990.	4.264341e-7
9990.	10000.	2.124211e-7
10000.	10010.	0.