-10.	0.	0.
0.	10.	0.
10.	20.	0.
20.	30.	0.
30.	40.	0.
40.	50.	0.
50.	60.	0.
60.	70.	0.
70.	80.	0.
80.	90.	0.
90.	100.	0.
100.	110.	0.
110.	120.	0.
120.	130.	0.
130.	140.	0.
140.	150.	0.
150.	160.	0.
160.	170.	0.
170.	180.	0.
180.	190.	0.
190.	200.	0.
200.	210.	0.
210.	220.	0.
220.	230.	0.
230.	240.	0.
240.	250.	0.
250.	260.	0.
260.	270.	0.
270.	280.	0.
280.	290.	0.
290.	300.	0.
300.	310.	0.
310.	320.	0.
320.	330.	0.
330.	340.	0.
340.	350.	0.
350.	360.	0.
360.	370.	0.
370.	380.	0.
380.	390.	0.
390.	400.	0.
400.	410.	0.
410.	420.	0.
420.	430.	0.
430.	440.	0.
440.	450.	0.
450.	460.	0.
460.	470.	0.
470.	480.	0.
480.	490.	0.
490.	500.	0.
500.	510.	0.07268487
510.	520.	0.08312298
520.	530.	0.09279733
530.	540.	0.1022171
540.	550.	0.1150738
550.	560.	0.1252573
560.	570.	0.1258938
570.	580.	0.1297126
580.	590.	0.1416782
590.	600.	0.1353135
600.	610.	0.1421874
610.	620.	0.1460062
620.	630.	0.1505888
630.	640.	0.1522436
640.	650.	0.1537712
650.	660.	0.1573354
660.	670.	0.1550441
670.	680.	0.1493159
680.	690.	0.1586083
690.	700.	0.1521163
700.	710.	0.1596267
710.	720.	0.1611542
720.	730.	0.155426
730.	740.	0.1452425
740.	750.	0.1550441
750.	760.	0.1474065
760.	770.	0.1612815
770.	780.	0.1447333
780.	790.	0.1477883
790.	800.	0.14677
800.	810.	0.1448606
810.	820.	0.1451152
820.	830.	0.1348043
830.	840.	0.1418055
840.	850.	0.1374775
850.	860.	0.1281851
860.	870.	0.1248754
870.	880.	0.1280578
880.	890.	0.1219477
890.	900.	0.1213112
900.	910.	0.1171105
910.	920.	0.1187653
920.	930.	0.1150738
930.	940.	0.1075634
940.	950.	0.1050175
950.	960.	0.1111277
960.	970.	0.1038719
970.	980.	0.1043811
980.	990.	0.1074361
990.	1000.	0.1065451
1000.	1010.	0.09521591
1010.	1020.	0.09394297
1020.	1030.	0.09878014
1030.	1040.	0.09177897
1040.	1050.	0.09063333
1050.	1060.	0.09496132
1060.	1070.	0.08986956
1070.	1080.	0.08770557
1080.	1090.	0.08770557
1090.	1100.	0.08643263
1100.	1110.	0.08312298
1110.	1120.	0.08261381
1120.	1130.	0.07955875
1130.	1140.	0.07828581
1140.	1150.	0.07943146
1150.	1160.	0.07446699
1160.	1170.	0.0721757
1170.	1180.	0.07192111
1180.	1190.	0.07497617
1190.	1200.	0.06759311
1200.	1210.	0.07472158
1210.	1220.	0.07128464
1220.	1230.	0.0616103
1230.	1240.	0.07370323
1240.	1250.	0.06415618
1250.	1260.	0.06275594
1260.	1270.	0.06008277
1270.	1280.	0.06721123
1280.	1290.	0.06211947
1290.	1300.	0.05626395
1300.	1310.	0.05766418
1310.	1320.	0.05448183
1320.	1330.	0.05753689
1330.	1340.	0.0530816
1340.	1350.	0.05155407
1350.	1360.	0.05740959
1360.	1370.	0.05231783
1370.	1380.	0.05015384
1380.	1390.	0.04977195
1390.	1400.	0.05066301
1400.	1410.	0.04964466
1410.	1420.	0.04837172
1420.	1430.	0.04748066
1430.	1440.	0.04646231
1440.	1450.	0.04340725
1450.	1460.	0.04340725
1460.	1470.	0.04226161
1470.	1480.	0.04137055
1480.	1490.	0.04404372
1490.	1500.	0.03907926
1500.	1510.	0.04277078
1510.	1520.	0.04124326
1520.	1530.	0.03946114
1530.	1540.	0.03958843
1540.	1550.	0.03933385
1550.	1560.	0.03920655
1560.	1570.	0.0423889
1570.	1580.	0.03411479
1580.	1590.	0.03245997
1590.	1600.	0.03653338
1600.	1610.	0.03576961
1610.	1620.	0.03436938
1620.	1630.	0.03144162
1630.	1640.	0.03411479
1640.	1650.	0.03169621
1650.	1660.	0.0339875
1660.	1670.	0.03462397
1670.	1680.	0.03042327
1680.	1690.	0.02927762
1690.	1700.	0.02915033
1700.	1710.	0.02775009
1710.	1720.	0.03016868
1720.	1730.	0.02813197
1730.	1740.	0.03105974
1740.	1750.	0.02418586
1750.	1760.	0.02736821
1760.	1770.	0.0254588
1770.	1780.	0.02634986
1780.	1790.	0.02240374
1790.	1800.	0.02304021
1800.	1810.	0.02507692
1810.	1820.	0.02431315
1820.	1830.	0.02609527
1830.	1840.	0.02354939
1840.	1850.	0.02291292
1850.	1860.	0.02202186
1860.	1870.	0.02240374
1870.	1880.	0.0232948
1880.	1890.	0.02482233
1890.	1900.	0.02036704
1900.	1910.	0.01985786
1910.	1920.	0.02151269
1920.	1930.	0.02291292
1930.	1940.	0.02253104
1940.	1950.	0.01922139
1950.	1960.	0.02074892
1960.	1970.	0.02036704
1970.	1980.	0.01960328
1980.	1990.	0.01794845
1990.	2000.	0.01985786
2000.	2010.	0.01845763
2010.	2020.	0.01973057
2020.	2030.	0.01794845
2030.	2040.	0.01642093
2040.	2050.	0.01731198
2050.	2060.	0.01629363
2060.	2070.	0.01552987
2070.	2080.	0.01667551
2080.	2090.	0.01527528
2090.	2100.	0.01591175
2100.	2110.	0.0147661
2110.	2120.	0.01311128
2120.	2130.	0.01820304
2130.	2140.	0.01400234
2140.	2150.	0.01527528
2150.	2160.	0.01616634
2160.	2170.	0.01362046
2170.	2180.	0.0127294
2180.	2190.	0.01591175
2190.	2200.	0.01514799
2200.	2210.	0.01400234
2210.	2220.	0.01451152
2220.	2230.	0.01209293
2230.	2240.	0.01603904
2240.	2250.	0.01285669
2250.	2260.	0.01158375
2260.	2270.	0.01158375
2270.	2280.	0.01323858
2280.	2290.	0.01158375
2290.	2300.	0.01171105
2300.	2310.	0.01158375
2310.	2320.	0.01094728
2320.	2330.	0.01043811
2330.	2340.	0.01107458
2340.	2350.	0.01043811
2350.	2360.	0.01171105
2360.	2370.	0.008655992
2370.	2380.	0.01311128
2380.	2390.	0.01043811
2390.	2400.	0.01005623
2400.	2410.	0.01183834
2410.	2420.	0.01222022
2420.	2430.	0.009165168
2430.	2440.	0.00827411
2440.	2450.	0.01018352
2450.	2460.	0.009165168
2460.	2470.	0.009419756
2470.	2480.	0.008528698
2480.	2490.	0.00827411
2490.	2500.	0.009674344
2500.	2510.	0.006873876
2510.	2520.	0.008146816
2520.	2530.	0.008528698
2530.	2540.	0.008783286
2540.	2550.	0.006619288
2550.	2560.	0.009419756
2560.	2570.	0.00763764
2570.	2580.	0.00700117
2580.	2590.	0.005982818
2590.	2600.	0.008528698
2600.	2610.	0.007255758
2610.	2620.	0.007892228
2620.	2630.	0.009292462
2630.	2640.	0.007255758
2640.	2650.	0.00572823
2650.	2660.	0.007255758
2660.	2670.	0.007510346
2670.	2680.	0.00763764
2680.	2690.	0.005982818
2690.	2700.	0.006110112
2700.	2710.	0.007128464
2710.	2720.	0.006619288
2720.	2730.	0.005855524
2730.	2740.	0.00700117
2740.	2750.	0.00700117
2750.	2760.	0.005855524
2760.	2770.	0.006873876
2770.	2780.	0.004964466
2780.	2790.	0.005346348
2790.	2800.	0.005600936
2800.	2810.	0.005855524
2810.	2820.	0.00509176
2820.	2830.	0.00763764
2830.	2840.	0.006110112
2840.	2850.	0.005473642
2850.	2860.	0.005982818
2860.	2870.	0.00572823
2870.	2880.	0.00445529
2880.	2890.	0.006237406
2890.	2900.	0.005473642
2900.	2910.	0.005982818
2910.	2920.	0.004582584
2920.	2930.	0.005346348
2930.	2940.	0.004327996
2940.	2950.	0.004837172
2950.	2960.	0.005346348
2960.	2970.	0.004709878
2970.	2980.	0.004709878
2980.	2990.	0.004200702
2990.	3000.	0.004327996
3000.	3010.	0.004964466
3010.	3020.	0.00572823
3020.	3030.	0.004709878
3030.	3040.	0.004964466
3040.	3050.	0.005219054
3050.	3060.	0.00509176
3060.	3070.	0.00381882
3070.	3080.	0.003691526
3080.	3090.	0.005600936
3090.	3100.	0.003309644
3100.	3110.	0.002291292
3110.	3120.	0.004073408
3120.	3130.	0.004582584
3130.	3140.	0.003564232
3140.	3150.	0.002673174
3150.	3160.	0.004200702
3160.	3170.	0.004073408
3170.	3180.	0.00381882
3180.	3190.	0.004582584
3190.	3200.	0.004327996
3200.	3210.	0.005473642
3210.	3220.	0.004073408
3220.	3230.	0.003564232
3230.	3240.	0.002927762
3240.	3250.	0.003055056
3250.	3260.	0.004709878
3260.	3270.	0.003564232
3270.	3280.	0.002673174
3280.	3290.	0.003946114
3290.	3300.	0.003946114
3300.	3310.	0.002927762
3310.	3320.	0.004582584
3320.	3330.	0.003691526
3330.	3340.	0.002673174
3340.	3350.	0.004327996
3350.	3360.	0.002163998
3360.	3370.	0.002418586
3370.	3380.	0.002418586
3380.	3390.	0.002418586
3390.	3400.	0.002800468
3400.	3410.	0.003564232
3410.	3420.	0.003436938
3420.	3430.	0.003564232
3430.	3440.	0.002036704
3440.	3450.	0.002927762
3450.	3460.	0.00381882
3460.	3470.	0.002800468
3470.	3480.	0.003055056
3480.	3490.	0.002036704
3490.	3500.	0.002036704
3500.	3510.	0.003309644
3510.	3520.	0.003436938
3520.	3530.	0.001654822
3530.	3540.	0.002291292
3540.	3550.	0.002291292
3550.	3560.	0.00254588
3560.	3570.	0.00190941
3570.	3580.	0.002036704
3580.	3590.	0.002163998
3590.	3600.	0.002927762
3600.	3610.	0.001654822
3610.	3620.	0.001400234
3620.	3630.	0.001400234
3630.	3640.	0.002036704
3640.	3650.	0.002036704
3650.	3660.	0.003309644
3660.	3670.	0.002291292
3670.	3680.	0.001782116
3680.	3690.	0.001527528
3690.	3700.	0.001527528
3700.	3710.	0.001782116
3710.	3720.	0.001654822
3720.	3730.	0.001782116
3730.	3740.	0.002163998
3740.	3750.	0.001400234
3750.	3760.	0.001782116
3760.	3770.	0.00254588
3770.	3780.	0.001400234
3780.	3790.	0.001527528
3790.	3800.	0.002418586
3800.	3810.	0.002036704
3810.	3820.	0.001400234
3820.	3830.	0.001400234
3830.	3840.	0.001782116
3840.	3850.	0.001400234
3850.	3860.	0.001527528
3860.	3870.	0.002291292
3870.	3880.	0.001400234
3880.	3890.	0.00254588
3890.	3900.	0.001654822
3900.	3910.	0.001527528
3910.	3920.	0.002291292
3920.	3930.	0.00127294
3930.	3940.	0.001145646
3940.	3950.	0.001400234
3950.	3960.	0.001400234
3960.	3970.	0.001654822
3970.	3980.	0.00190941
3980.	3990.	0.001782116
3990.	4000.	0.001145646
4000.	4010.	0.002036704
4010.	4020.	0.001527528
4020.	4030.	0.001018352
4030.	4040.	0.001400234
4040.	4050.	0.00190941
4050.	4060.	0.000891058
4060.	4070.	0.001018352
4070.	4080.	0.00063647
4080.	4090.	0.001782116
4090.	4100.	0.00190941
4100.	4110.	0.001018352
4110.	4120.	0.001654822
4120.	4130.	0.002673174
4130.	4140.	0.001654822
4140.	4150.	0.001654822
4150.	4160.	0.00127294
4160.	4170.	0.001654822
4170.	4180.	0.001527528
4180.	4190.	0.00063647
4190.	4200.	0.001527528
4200.	4210.	0.000381882
4210.	4220.	0.001400234
4220.	4230.	0.001145646
4230.	4240.	0.001145646
4240.	4250.	0.000763764
4250.	4260.	0.001782116
4260.	4270.	0.001145646
4270.	4280.	0.00190941
4280.	4290.	0.001018352
4290.	4300.	0.002163998
4300.	4310.	0.001527528
4310.	4320.	0.00063647
4320.	4330.	0.00127294
4330.	4340.	0.001145646
4340.	4350.	0.001018352
4350.	4360.	0.000891058
4360.	4370.	0.000254588
4370.	4380.	0.00127294
4380.	4390.	0.001018352
4390.	4400.	0.002036704
4400.	4410.	0.000254588
4410.	4420.	0.001018352
4420.	4430.	0.001145646
4430.	4440.	0.000509176
4440.	4450.	0.000254588
4450.	4460.	0.000891058
4460.	4470.	0.001145646
4470.	4480.	0.000891058
4480.	4490.	0.000763764
4490.	4500.	0.001654822
4500.	4510.	0.00127294
4510.	4520.	0.001018352
4520.	4530.	0.00063647
4530.	4540.	0.000891058
4540.	4550.	0.000891058
4550.	4560.	0.000891058
4560.	4570.	0.000891058
4570.	4580.	0.000891058
4580.	4590.	0.00127294
4590.	4600.	0.000891058
4600.	4610.	0.00063647
4610.	4620.	0.000381882
4620.	4630.	0.00127294
4630.	4640.	0.000381882
4640.	4650.	0.001018352
4650.	4660.	0.000509176
4660.	4670.	0.001018352
4670.	4680.	0.001527528
4680.	4690.	0.000509176
4690.	4700.	0.000763764
4700.	4710.	0.00063647
4710.	4720.	0.00063647
4720.	4730.	0.000509176
4730.	4740.	0.001400234
4740.	4750.	0.000891058
4750.	4760.	0.000509176
4760.	4770.	0.000763764
4770.	4780.	0.000381882
4780.	4790.	0.001400234
4790.	4800.	0.
4800.	4810.	0.000891058
4810.	4820.	0.000763764
4820.	4830.	0.00063647
4830.	4840.	0.00063647
4840.	4850.	0.000763764
4850.	4860.	0.000127294
4860.	4870.	0.001018352
4870.	4880.	0.000891058
4880.	4890.	0.000763764
4890.	4900.	0.000763764
4900.	4910.	0.000509176
4910.	4920.	0.000891058
4920.	4930.	0.000381882
4930.	4940.	0.000891058
4940.	4950.	0.
4950.	4960.	0.000509176
4960.	4970.	0.000763764
4970.	4980.	0.000381882
4980.	4990.	0.000509176
4990.	5000.	0.000891058
5000.	5010.	0.001018352
5010.	5020.	0.001145646
5020.	5030.	0.000381882
5030.	5040.	0.000381882
5040.	5050.	0.000509176
5050.	5060.	0.000254588
5060.	5070.	0.000763764
5070.	5080.	0.000763764
5080.	5090.	0.000891058
5090.	5100.	0.000891058
5100.	5110.	0.001018352
5110.	5120.	0.000509176
5120.	5130.	0.000254588
5130.	5140.	0.000509176
5140.	5150.	0.000509176
5150.	5160.	0.000763764
5160.	5170.	0.000509176
5170.	5180.	0.000254588
5180.	5190.	0.000763764
5190.	5200.	0.000891058
5200.	5210.	0.000381882
5210.	5220.	0.000509176
5220.	5230.	0.000891058
5230.	5240.	0.000509176
5240.	5250.	0.00063647
5250.	5260.	0.000509176
5260.	5270.	0.00063647
5270.	5280.	0.000509176
5280.	5290.	0.00063647
5290.	5300.	0.000509176
5300.	5310.	0.000254588
5310.	5320.	0.000763764
5320.	5330.	0.000127294
5330.	5340.	0.00063647
5340.	5350.	0.
5350.	5360.	0.000254588
5360.	5370.	0.000127294
5370.	5380.	0.00063647
5380.	5390.	0.000381882
5390.	5400.	0.000254588
5400.	5410.	0.000381882
5410.	5420.	0.000254588
5420.	5430.	0.
5430.	5440.	0.000381882
5440.	5450.	0.000254588
5450.	5460.	0.000763764
5460.	5470.	0.000381882
5470.	5480.	0.000254588
5480.	5490.	0.000254588
5490.	5500.	0.000381882
5500.	5510.	0.000254588
5510.	5520.	0.
5520.	5530.	0.000509176
5530.	5540.	0.000254588
5540.	5550.	0.000509176
5550.	5560.	0.000509176
5560.	5570.	0.000891058
5570.	5580.	0.000381882
5580.	5590.	0.000763764
5590.	5600.	0.000381882
5600.	5610.	0.000254588
5610.	5620.	0.000254588
5620.	5630.	0.
5630.	5640.	0.000509176
5640.	5650.	0.000127294
5650.	5660.	0.000254588
5660.	5670.	0.000254588
5670.	5680.	0.000127294
5680.	5690.	0.000127294
5690.	5700.	0.000127294
5700.	5710.	0.000127294
5710.	5720.	0.000127294
5720.	5730.	0.00063647
5730.	5740.	0.000254588
5740.	5750.	0.
5750.	5760.	0.000127294
5760.	5770.	0.
5770.	5780.	0.000127294
5780.	5790.	0.000254588
5790.	5800.	0.
5800.	5810.	0.000254588
5810.	5820.	0.000127294
5820.	5830.	0.000127294
5830.	5840.	0.000127294
5840.	5850.	0.000127294
5850.	5860.	0.000127294
5860.	5870.	0.
5870.	5880.	0.000254588
5880.	5890.	0.000127294
5890.	5900.	0.000381882
5900.	5910.	0.
5910.	5920.	0.000763764
5920.	5930.	0.000254588
5930.	5940.	0.000127294
5940.	5950.	0.000127294
5950.	5960.	0.000254588
5960.	5970.	0.
5970.	5980.	0.000254588
5980.	5990.	0.
5990.	6000.	0.000127294
6000.	6010.	0.000254588
6010.	6020.	0.000254588
6020.	6030.	0.000509176
6030.	6040.	0.000254588
6040.	6050.	0.000381882
6050.	6060.	0.000127294
6060.	6070.	0.000254588
6070.	6080.	0.000254588
6080.	6090.	0.000127294
6090.	6100.	0.000127294
6100.	6110.	0.000127294
6110.	6120.	0.000127294
6120.	6130.	0.
6130.	6140.	0.000254588
6140.	6150.	0.
6150.	6160.	0.000127294
6160.	6170.	0.000127294
6170.	6180.	0.000254588
6180.	6190.	0.000381882
6190.	6200.	0.
6200.	6210.	0.000509176
6210.	6220.	0.000254588
6220.	6230.	0.
6230.	6240.	0.
6240.	6250.	0.000254588
6250.	6260.	0.
6260.	6270.	0.000254588
6270.	6280.	0.000254588
6280.	6290.	0.000254588
6290.	6300.	0.
6300.	6310.	0.000509176
6310.	6320.	0.000509176
6320.	6330.	0.
6330.	6340.	0.
6340.	6350.	0.000127294
6350.	6360.	0.
6360.	6370.	0.000381882
6370.	6380.	0.
6380.	6390.	0.
6390.	6400.	0.
6400.	6410.	0.000127294
6410.	6420.	0.000127294
6420.	6430.	0.000127294
6430.	6440.	0.000127294
6440.	6450.	0.000254588
6450.	6460.	0.000127294
6460.	6470.	0.000381882
6470.	6480.	0.
6480.	6490.	0.
6490.	6500.	0.
6500.	6510.	0.
6510.	6520.	0.
6520.	6530.	0.
6530.	6540.	0.
6540.	6550.	0.000127294
6550.	6560.	0.000127294
6560.	6570.	0.
6570.	6580.	0.000127294
6580.	6590.	0.000127294
6590.	6600.	0.
6600.	6610.	0.
6610.	6620.	0.
6620.	6630.	0.
6630.	6640.	0.000254588
6640.	6650.	0.000381882
6650.	6660.	0.
6660.	6670.	0.
6670.	6680.	0.000127294
6680.	6690.	0.000127294
6690.	6700.	0.
6700.	6710.	0.
6710.	6720.	0.000127294
6720.	6730.	0.
6730.	6740.	0.
6740.	6750.	0.
6750.	6760.	0.000127294
6760.	6770.	0.
6770.	6780.	0.000509176
6780.	6790.	0.000127294
6790.	6800.	0.000254588
6800.	6810.	0.000127294
6810.	6820.	0.000254588
6820.	6830.	0.000254588
6830.	6840.	0.000254588
6840.	6850.	0.000127294
6850.	6860.	0.000254588
6860.	6870.	0.
6870.	6880.	0.000127294
6880.	6890.	0.000127294
6890.	6900.	0.
6900.	6910.	0.
6910.	6920.	0.000127294
6920.	6930.	0.
6930.	6940.	0.000254588
6940.	6950.	0.000381882
6950.	6960.	0.000254588
6960.	6970.	0.
6970.	6980.	0.000127294
6980.	6990.	0.000254588
6990.	7000.	0.000127294
7000.	7010.	0.000127294
7010.	7020.	0.000127294
7020.	7030.	0.
7030.	7040.	0.
7040.	7050.	0.000254588
7050.	7060.	0.
7060.	7070.	0.
7070.	7080.	0.000127294
7080.	7090.	0.
7090.	7100.	0.
7100.	7110.	0.
7110.	7120.	0.
7120.	7130.	0.000127294
7130.	7140.	0.
7140.	7150.	0.
7150.	7160.	0.
7160.	7170.	0.000127294
7170.	7180.	0.
7180.	7190.	0.
7190.	7200.	0.
7200.	7210.	0.000254588
7210.	7220.	0.
7220.	7230.	0.000127294
7230.	7240.	0.
7240.	7250.	0.
7250.	7260.	0.
7260.	7270.	0.
7270.	7280.	0.000254588
7280.	7290.	0.
7290.	7300.	0.
7300.	7310.	0.
7310.	7320.	0.
7320.	7330.	0.
7330.	7340.	0.000381882
7340.	7350.	0.000127294
7350.	7360.	0.
7360.	7370.	0.000127294
7370.	7380.	0.000254588
7380.	7390.	0.000381882
7390.	7400.	0.
7400.	7410.	0.
7410.	7420.	0.
7420.	7430.	0.
7430.	7440.	0.
7440.	7450.	0.
7450.	7460.	0.000127294
7460.	7470.	0.
7470.	7480.	0.
7480.	7490.	0.
7490.	7500.	0.
7500.	7510.	0.000254588
7510.	7520.	0.000127294
7520.	7530.	0.
7530.	7540.	0.
7540.	7550.	0.000127294
7550.	7560.	0.000127294
7560.	7570.	0.
7570.	7580.	0.
7580.	7590.	0.
7590.	7600.	0.
7600.	7610.	0.000127294
7610.	7620.	0.000254588
7620.	7630.	0.
7630.	7640.	0.
7640.	7650.	0.
7650.	7660.	0.
7660.	7670.	0.
7670.	7680.	0.000127294
7680.	7690.	0.
7690.	7700.	0.000127294
7700.	7710.	0.
7710.	7720.	0.
7720.	7730.	0.
7730.	7740.	0.
7740.	7750.	0.000127294
7750.	7760.	0.000127294
7760.	7770.	0.000127294
7770.	7780.	0.
7780.	7790.	0.000127294
7790.	7800.	0.000127294
7800.	7810.	0.000127294
7810.	7820.	0.
7820.	7830.	0.000127294
7830.	7840.	0.
7840.	7850.	0.
7850.	7860.	0.
7860.	7870.	0.
7870.	7880.	0.
7880.	7890.	0.
7890.	7900.	0.
7900.	7910.	0.
7910.	7920.	0.
7920.	7930.	0.
7930.	7940.	0.
7940.	7950.	0.
7950.	7960.	0.
7960.	7970.	0.
7970.	7980.	0.
7980.	7990.	0.
7990.	8000.	0.
8000.	8010.	0.
8010.	8020.	0.
8020.	8030.	0.
8030.	8040.	0.
8040.	8050.	0.
8050.	8060.	0.
8060.	8070.	0.
8070.	8080.	0.
8080.	8090.	0.
8090.	8100.	0.
8100.	8110.	0.
8110.	8120.	0.
8120.	8130.	0.
8130.	8140.	0.
8140.	8150.	0.
8150.	8160.	0.
8160.	8170.	0.
8170.	8180.	0.
8180.	8190.	0.000127294
8190.	8200.	0.
8200.	8210.	0.
8210.	8220.	0.
8220.	8230.	0.
8230.	8240.	0.
8240.	8250.	0.
8250.	8260.	0.
8260.	8270.	0.
8270.	8280.	0.
8280.	8290.	0.
8290.	8300.	0.
8300.	8310.	0.
8310.	8320.	0.
8320.	8330.	0.
8330.	8340.	0.
8340.	8350.	0.000127294
8350.	8360.	0.
8360.	8370.	0.
8370.	8380.	0.
8380.	8390.	0.
8390.	8400.	0.000127294
8400.	8410.	0.
8410.	8420.	0.
8420.	8430.	0.
8430.	8440.	0.
8440.	8450.	0.
8450.	8460.	0.
8460.	8470.	0.000127294
8470.	8480.	0.
8480.	8490.	0.
8490.	8500.	0.
8500.	8510.	0.
8510.	8520.	0.
8520.	8530.	0.
8530.	8540.	0.
8540.	8550.	0.
8550.	8560.	0.
8560.	8570.	0.
8570.	8580.	0.
8580.	8590.	0.
8590.	8600.	0.
8600.	8610.	0.
8610.	8620.	0.
8620.	8630.	0.
8630.	8640.	0.
8640.	8650.	0.
8650.	8660.	0.
8660.	8670.	0.
8670.	8680.	0.
8680.	8690.	0.
8690.	8700.	0.
8700.	8710.	0.
8710.	8720.	0.
8720.	8730.	0.
8730.	8740.	0.
8740.	8750.	0.
8750.	8760.	0.
8760.	8770.	0.
8770.	8780.	0.
8780.	8790.	0.000127294
8790.	8800.	0.
8800.	8810.	0.
8810.	8820.	0.
8820.	8830.	0.
8830.	8840.	0.
8840.	8850.	0.
8850.	8860.	0.000127294
8860.	8870.	0.
8870.	8880.	0.
8880.	8890.	0.000127294
8890.	8900.	0.
8900.	8910.	0.
8910.	8920.	0.
8920.	8930.	0.000127294
8930.	8940.	0.
8940.	8950.	0.
8950.	8960.	0.
8960.	8970.	0.
8970.	8980.	0.
8980.	8990.	0.
8990.	9000.	0.
9000.	9010.	0.
9010.	9020.	0.
9020.	9030.	0.
9030.	9040.	0.
9040.	9050.	0.
9050.	9060.	0.
9060.	9070.	0.
9070.	9080.	0.
9080.	9090.	0.
9090.	9100.	0.
9100.	9110.	0.
9110.	9120.	0.
9120.	9130.	0.
9130.	9140.	0.000127294
9140.	9150.	0.
9150.	9160.	0.
9160.	9170.	0.
9170.	9180.	0.
9180.	9190.	0.
9190.	9200.	0.
9200.	9210.	0.
9210.	9220.	0.
9220.	9230.	0.
9230.	9240.	0.
9240.	9250.	0.
9250.	9260.	0.
9260.	9270.	0.
9270.	9280.	0.
9280.	9290.	0.
9290.	9300.	0.
9300.	9310.	0.
9310.	9320.	0.
9320.	9330.	0.
9330.	9340.	0.
9340.	9350.	0.
9350.	9360.	0.
9360.	9370.	0.
9370.	9380.	0.
9380.	9390.	0.
9390.	9400.	0.
9400.	9410.	0.
9410.	9420.	0.
9420.	9430.	0.
9430.	9440.	0.
9440.	9450.	0.
9450.	9460.	0.
9460.	9470.	0.
9470.	9480.	0.
9480.	9490.	0.
9490.	9500.	0.
9500.	9510.	0.
9510.	9520.	0.
9520.	9530.	0.
9530.	9540.	0.
9540.	9550.	0.
9550.	9560.	0.
9560.	9570.	0.
9570.	9580.	0.
9580.	9590.	0.
9590.	9600.	0.
9600.	9610.	0.
9610.	9620.	0.
9620.	9630.	0.
9630.	9640.	0.
9640.	9650.	0.
9650.	9660.	0.000127294
9660.	9670.	0.
9670.	9680.	0.
9680.	9690.	0.
9690.	9700.	0.
9700.	9710.	0.
9710.	9720.	0.
9720.	9730.	0.
9730.	9740.	0.
9740.	9750.	0.
9750.	9760.	0.
9760.	9770.	0.
9770.	9780.	0.
9780.	9790.	0.
9790.	9800.	0.
9800.	9810.	0.
9810.	9820.	0.
9820.	9830.	0.
9830.	9840.	0.
9840.	9850.	0.
9850.	9860.	0.
9860.	9870.	0.
9870.	9880.	0.
9880.	9890.	0.
9890.	9900.	0.
9900.	9910.	0.
9910.	9920.	0.
9920.	9930.	0.
9930.	9940.	0.
9940.	9950.	0.
9950.	9960.	0.
9960.	9970.	0.
9970.	9980.	0.
9980.	9990.	0.
9990.	10000.	0.
10000.	10010.	0.