-10.	0.	0.
0.	10.	0.
10.	20.	0.
20.	30.	0.
30.	40.	0.
40.	50.	0.
50.	60.	0.
60.	70.	0.
70.	80.	0.
80.	90.	0.
90.	100.	0.
100.	110.	0.
110.	120.	0.
120.	130.	0.
130.	140.	0.
140.	150.	0.
150.	160.	0.
160.	170.	0.
170.	180.	0.
180.	190.	0.
190.	200.	0.
200.	210.	0.
210.	220.	0.
220.	230.	0.
230.	240.	0.
240.	250.	0.
250.	260.	0.
260.	270.	0.
270.	280.	0.
280.	290.	0.
290.	300.	0.
300.	310.	0.
310.	320.	0.
320.	330.	0.
330.	340.	0.
340.	350.	0.
350.	360.	0.
360.	370.	0.
370.	380.	0.
380.	390.	0.
390.	400.	0.
400.	410.	0.
410.	420.	0.
420.	430.	0.
430.	440.	0.
440.	450.	0.
450.	460.	0.
460.	470.	0.
470.	480.	0.
480.	490.	0.
490.	500.	0.
500.	510.	0.1967692
510.	520.	0.1902102
520.	530.	0.2186324
530.	540.	0.2098871
540.	550.	0.2033281
550.	560.	0.2098871
560.	570.	0.2667315
570.	580.	0.2557999
580.	590.	0.3017127
590.	600.	0.2557999
600.	610.	0.2885948
610.	620.	0.2404956
620.	630.	0.2689178
630.	640.	0.2623589
640.	650.	0.3082717
650.	660.	0.2995264
660.	670.	0.2667315
670.	680.	0.2776631
680.	690.	0.2754768
690.	700.	0.2557999
700.	710.	0.2776631
710.	720.	0.2579862
720.	730.	0.2470546
730.	740.	0.2404956
740.	750.	0.2514273
750.	760.	0.223005
760.	770.	0.2711042
770.	780.	0.2317503
780.	790.	0.2339367
790.	800.	0.2514273
800.	810.	0.2492409
810.	820.	0.2557999
820.	830.	0.1989555
830.	840.	0.1989555
840.	850.	0.1967692
850.	860.	0.2098871
860.	870.	0.2098871
870.	880.	0.2055145
880.	890.	0.1989555
890.	900.	0.1989555
900.	910.	0.2470546
910.	920.	0.1967692
920.	930.	0.1945828
930.	940.	0.2011418
940.	950.	0.1530427
950.	960.	0.1661606
960.	970.	0.2120734
970.	980.	0.2098871
980.	990.	0.1574153
990.	1000.	0.1705333
1000.	1010.	0.2077008
1010.	1020.	0.1661606
1020.	1030.	0.1224341
1030.	1040.	0.1377384
1040.	1050.	0.1814649
1050.	1060.	0.1639743
1060.	1070.	0.1136888
1070.	1080.	0.161788
1080.	1090.	0.1377384
1090.	1100.	0.1508564
1100.	1110.	0.1158752
1110.	1120.	0.1442974
1120.	1130.	0.1289931
1130.	1140.	0.1071299
1140.	1150.	0.1311794
1150.	1160.	0.1311794
1160.	1170.	0.1005709
1170.	1180.	0.1377384
1180.	1190.	0.1093162
1190.	1200.	0.09401193
1200.	1210.	0.1180615
1210.	1220.	0.1180615
1220.	1230.	0.1136888
1230.	1240.	0.1049436
1240.	1250.	0.1093162
1250.	1260.	0.1049436
1260.	1270.	0.09838458
1270.	1280.	0.08745296
1280.	1290.	0.08745296
1290.	1300.	0.06996237
1300.	1310.	0.05684442
1310.	1320.	0.08963928
1320.	1330.	0.0634034
1330.	1340.	0.06558972
1340.	1350.	0.07214869
1350.	1360.	0.09182561
1360.	1370.	0.09182561
1370.	1380.	0.08089399
1380.	1390.	0.06996237
1390.	1400.	0.09619826
1400.	1410.	0.08089399
1410.	1420.	0.08963928
1420.	1430.	0.07433502
1430.	1440.	0.06558972
1440.	1450.	0.07652134
1450.	1460.	0.08308031
1460.	1470.	0.06558972
1470.	1480.	0.05028545
1480.	1490.	0.06558972
1490.	1500.	0.06558972
1500.	1510.	0.0644824
1510.	1520.	0.07095104
1520.	1530.	0.06457968
1530.	1540.	0.04674208
1540.	1550.	0.04891611
1550.	1560.	0.06019028
1560.	1570.	0.06198178
1570.	1580.	0.06683998
1580.	1590.	0.05980778
1590.	1600.	0.0579173
1600.	1610.	0.05455449
1610.	1620.	0.06356849
1620.	1630.	0.05128816
1630.	1640.	0.05109864
1640.	1650.	0.0605734
1650.	1660.	0.05216251
1660.	1670.	0.04412499
1670.	1680.	0.05914901
1680.	1690.	0.0598721
1690.	1700.	0.04517807
1700.	1710.	0.05178958
1710.	1720.	0.0526921
1720.	1730.	0.03369603
1730.	1740.	0.03592482
1740.	1750.	0.0419945
1750.	1760.	0.0438931
1760.	1770.	0.03681102
1770.	1780.	0.04331321
1780.	1790.	0.04579232
1790.	1800.	0.03650575
1800.	1810.	0.03293007
1810.	1820.	0.04639114
1820.	1830.	0.02950882
1830.	1840.	0.03183879
1840.	1850.	0.03804652
1850.	1860.	0.03627341
1860.	1870.	0.03460403
1870.	1880.	0.03371785
1880.	1890.	0.03214842
1890.	1900.	0.02720223
1900.	1910.	0.03772441
1910.	1920.	0.04379768
1920.	1930.	0.02698727
1930.	1940.	0.03183108
1940.	1950.	0.04117435
1950.	1960.	0.03025695
1960.	1970.	0.0334001
1970.	1980.	0.02321627
1980.	1990.	0.0307063
1990.	2000.	0.03310585
2000.	2010.	0.02814603
2010.	2020.	0.02746356
2020.	2030.	0.0263208
2030.	2040.	0.02335607
2040.	2050.	0.02508933
2050.	2060.	0.02582613
2060.	2070.	0.02425791
2070.	2080.	0.02675692
2080.	2090.	0.02107287
2090.	2100.	0.02548715
2100.	2110.	0.02371962
2110.	2120.	0.02432335
2120.	2130.	0.02376813
2130.	2140.	0.02621285
2140.	2150.	0.02338641
2150.	2160.	0.02178332
2160.	2170.	0.02862546
2170.	2180.	0.01909608
2180.	2190.	0.02167238
2190.	2200.	0.02606564
2200.	2210.	0.01849137
2210.	2220.	0.02179132
2220.	2230.	0.01187554
2230.	2240.	0.01549668
2240.	2250.	0.02127194
2250.	2260.	0.02276795
2260.	2270.	0.01837559
2270.	2280.	0.0212532
2280.	2290.	0.01600576
2290.	2300.	0.01982589
2300.	2310.	0.0145517
2310.	2320.	0.01522798
2320.	2330.	0.01638428
2330.	2340.	0.01747713
2340.	2350.	0.0187493
2350.	2360.	0.01787629
2360.	2370.	0.019755
2370.	2380.	0.01844896
2380.	2390.	0.01525356
2390.	2400.	0.01749883
2400.	2410.	0.01608327
2410.	2420.	0.01575686
2420.	2430.	0.01447364
2430.	2440.	0.01511904
2440.	2450.	0.01557338
2450.	2460.	0.01398531
2460.	2470.	0.01421167
2470.	2480.	0.01358944
2480.	2490.	0.01192149
2490.	2500.	0.01029088
2500.	2510.	0.01465074
2510.	2520.	0.01451529
2520.	2530.	0.01262308
2530.	2540.	0.01458726
2540.	2550.	0.01477647
2550.	2560.	0.01477673
2560.	2570.	0.01017324
2570.	2580.	0.0115788
2580.	2590.	0.01381393
2590.	2600.	0.01171074
2600.	2610.	0.01286987
2610.	2620.	0.01290071
2620.	2630.	0.01238706
2630.	2640.	0.01216345
2640.	2650.	0.01128977
2650.	2660.	0.009694199
2660.	2670.	0.01271478
2670.	2680.	0.01055015
2680.	2690.	0.01059785
2690.	2700.	0.009691529
2700.	2710.	0.009505412
2710.	2720.	0.009002938
2720.	2730.	0.01170917
2730.	2740.	0.009436263
2740.	2750.	0.01225344
2750.	2760.	0.01013755
2760.	2770.	0.008934405
2770.	2780.	0.008268383
2780.	2790.	0.008821143
2790.	2800.	0.01060702
2800.	2810.	0.007652276
2810.	2820.	0.009017553
2820.	2830.	0.009133982
2830.	2840.	0.009060049
2840.	2850.	0.008197496
2850.	2860.	0.009629263
2860.	2870.	0.01015228
2870.	2880.	0.008538313
2880.	2890.	0.007892911
2890.	2900.	0.006615549
2900.	2910.	0.00560951
2910.	2920.	0.008758047
2920.	2930.	0.009852008
2930.	2940.	0.008311199
2940.	2950.	0.007498398
2950.	2960.	0.007000995
2960.	2970.	0.008405903
2970.	2980.	0.007267007
2980.	2990.	0.007282126
2990.	3000.	0.006959925
3000.	3010.	0.006977255
3010.	3020.	0.007790502
3020.	3030.	0.007861629
3030.	3040.	0.006961165
3040.	3050.	0.007610397
3050.	3060.	0.006050377
3060.	3070.	0.006198781
3070.	3080.	0.006464382
3080.	3090.	0.007076977
3090.	3100.	0.006671394
3100.	3110.	0.005640698
3110.	3120.	0.005890524
3120.	3130.	0.007359927
3130.	3140.	0.006577663
3140.	3150.	0.006150451
3150.	3160.	0.004996172
3160.	3170.	0.005488974
3170.	3180.	0.005092163
3180.	3190.	0.005876981
3190.	3200.	0.005387379
3200.	3210.	0.004809136
3210.	3220.	0.005273714
3220.	3230.	0.005521847
3230.	3240.	0.005524938
3240.	3250.	0.006460201
3250.	3260.	0.005221824
3260.	3270.	0.005324176
3270.	3280.	0.005201105
3280.	3290.	0.004990864
3290.	3300.	0.005300986
3300.	3310.	0.005347305
3310.	3320.	0.004519497
3320.	3330.	0.004904138
3330.	3340.	0.005149704
3340.	3350.	0.004834763
3350.	3360.	0.004451422
3360.	3370.	0.005313929
3370.	3380.	0.004170505
3380.	3390.	0.004520303
3390.	3400.	0.004712188
3400.	3410.	0.00565651
3410.	3420.	0.004109926
3420.	3430.	0.004789332
3430.	3440.	0.004374201
3440.	3450.	0.00465273
3450.	3460.	0.004148147
3460.	3470.	0.004089458
3470.	3480.	0.004815244
3480.	3490.	0.003487699
3490.	3500.	0.003724524
3500.	3510.	0.003169371
3510.	3520.	0.003836384
3520.	3530.	0.003598281
3530.	3540.	0.003488613
3540.	3550.	0.004475644
3550.	3560.	0.003628159
3560.	3570.	0.003749176
3570.	3580.	0.003552649
3580.	3590.	0.003560618
3590.	3600.	0.003154313
3600.	3610.	0.003625805
3610.	3620.	0.003683492
3620.	3630.	0.003525932
3630.	3640.	0.00395021
3640.	3650.	0.003200971
3650.	3660.	0.003435703
3660.	3670.	0.003365189
3670.	3680.	0.003490643
3680.	3690.	0.003225893
3690.	3700.	0.002988065
3700.	3710.	0.003234302
3710.	3720.	0.003073993
3720.	3730.	0.003632882
3730.	3740.	0.003379633
3740.	3750.	0.002952527
3750.	3760.	0.003046106
3760.	3770.	0.002721761
3770.	3780.	0.002596872
3780.	3790.	0.003056003
3790.	3800.	0.003270733
3800.	3810.	0.002957483
3810.	3820.	0.002794641
3820.	3830.	0.002716958
3830.	3840.	0.003222997
3840.	3850.	0.003022542
3850.	3860.	0.002885178
3860.	3870.	0.002771633
3870.	3880.	0.002642444
3880.	3890.	0.002851148
3890.	3900.	0.002555458
3900.	3910.	0.002907012
3910.	3920.	0.002039682
3920.	3930.	0.002352465
3930.	3940.	0.002358135
3940.	3950.	0.002571925
3950.	3960.	0.002178976
3960.	3970.	0.002337921
3970.	3980.	0.002326246
3980.	3990.	0.00229667
3990.	4000.	0.00225218
4000.	4010.	0.002320552
4010.	4020.	0.002069323
4020.	4030.	0.002184398
4030.	4040.	0.002328142
4040.	4050.	0.002206697
4050.	4060.	0.002014887
4060.	4070.	0.002319387
4070.	4080.	0.002260528
4080.	4090.	0.00201385
4090.	4100.	0.002177311
4100.	4110.	0.002079488
4110.	4120.	0.002222901
4120.	4130.	0.002182669
4130.	4140.	0.002005987
4140.	4150.	0.002034649
4150.	4160.	0.002320655
4160.	4170.	0.002092519
4170.	4180.	0.001820608
4180.	4190.	0.001991721
4190.	4200.	0.002275756
4200.	4210.	0.001944685
4210.	4220.	0.001884291
4220.	4230.	0.001910585
4230.	4240.	0.001792237
4240.	4250.	0.001878921
4250.	4260.	0.001702634
4260.	4270.	0.001752751
4270.	4280.	0.001755832
4280.	4290.	0.001402244
4290.	4300.	0.001737912
4300.	4310.	0.001650212
4310.	4320.	0.001909147
4320.	4330.	0.001755096
4330.	4340.	0.001594117
4340.	4350.	0.001747075
4350.	4360.	0.001652702
4360.	4370.	0.001414448
4370.	4380.	0.001522441
4380.	4390.	0.001618318
4390.	4400.	0.001701316
4400.	4410.	0.001471112
4410.	4420.	0.001821093
4420.	4430.	0.00153587
4430.	4440.	0.001625804
4440.	4450.	0.001358726
4450.	4460.	0.001457533
4460.	4470.	0.001468756
4470.	4480.	0.001489538
4480.	4490.	0.001738659
4490.	4500.	0.001266579
4500.	4510.	0.001270125
4510.	4520.	0.001354333
4520.	4530.	0.001470814
4530.	4540.	0.001480394
4540.	4550.	0.001318154
4550.	4560.	0.001583283
4560.	4570.	0.00144887
4570.	4580.	0.001208919
4580.	4590.	0.001663319
4590.	4600.	0.001174831
4600.	4610.	0.001298946
4610.	4620.	0.001403629
4620.	4630.	0.001248019
4630.	4640.	0.001389454
4640.	4650.	0.001328484
4650.	4660.	0.001154712
4660.	4670.	0.0009919633
4670.	4680.	0.001144523
4680.	4690.	0.001147287
4690.	4700.	0.001128313
4700.	4710.	0.001238549
4710.	4720.	0.001054165
4720.	4730.	0.001184558
4730.	4740.	0.001130361
4740.	4750.	0.00113193
4750.	4760.	0.001106464
4760.	4770.	0.0009528981
4770.	4780.	0.001196853
4780.	4790.	0.001085049
4790.	4800.	0.001139932
4800.	4810.	0.0009663716
4810.	4820.	0.000987852
4820.	4830.	0.001155493
4830.	4840.	0.001018097
4840.	4850.	0.0009393548
4850.	4860.	0.001015541
4860.	4870.	0.0008771636
4870.	4880.	0.0009764671
4880.	4890.	0.001097949
4890.	4900.	0.0007916671
4900.	4910.	0.0009066412
4910.	4920.	0.0009956911
4920.	4930.	0.0008649594
4930.	4940.	0.0009190305
4940.	4950.	0.0009490148
4950.	4960.	0.0009779559
4960.	4970.	0.0009902949
4970.	4980.	0.0008931417
4980.	4990.	0.0009384618
4990.	5000.	0.0008115447
5000.	5010.	0.0008511047
5010.	5020.	0.0008636871
5020.	5030.	0.0007102046
5030.	5040.	0.0008463597
5040.	5050.	0.0008280444
5050.	5060.	0.0008801272
5060.	5070.	0.0007769123
5070.	5080.	0.0008183839
5080.	5090.	0.0009178448
5090.	5100.	0.0007836155
5100.	5110.	0.0008041926
5110.	5120.	0.0007729445
5120.	5130.	0.0007837022
5130.	5140.	0.0006788214
5140.	5150.	0.0007043284
5150.	5160.	0.0007613228
5160.	5170.	0.0006907461
5170.	5180.	0.0006576645
5180.	5190.	0.0006823001
5190.	5200.	0.0007326349
5200.	5210.	0.0006910503
5210.	5220.	0.0007358156
5220.	5230.	0.000728926
5230.	5240.	0.0006885675
5240.	5250.	0.0006732899
5250.	5260.	0.0006507229
5260.	5270.	0.0007674898
5270.	5280.	0.0006462785
5280.	5290.	0.0006644993
5290.	5300.	0.0006063496
5300.	5310.	0.0006639662
5310.	5320.	0.0006264772
5320.	5330.	0.0006477865
5330.	5340.	0.0005954815
5340.	5350.	0.0006240327
5350.	5360.	0.0007090191
5360.	5370.	0.000590298
5370.	5380.	0.0006032361
5380.	5390.	0.0005754342
5390.	5400.	0.0005812909
5400.	5410.	0.0006585942
5410.	5420.	0.0005601083
5420.	5430.	0.0004734364
5430.	5440.	0.0006193542
5440.	5450.	0.0005516994
5450.	5460.	0.0005291848
5460.	5470.	0.0005756688
5470.	5480.	0.0005162454
5480.	5490.	0.0005750993
5490.	5500.	0.0006328202
5500.	5510.	0.0004694766
5510.	5520.	0.0005464895
5520.	5530.	0.0005223081
5530.	5540.	0.0006103801
5540.	5550.	0.0005289702
5550.	5560.	0.000527252
5560.	5570.	0.0005256479
5570.	5580.	0.0005271755
5580.	5590.	0.0004674286
5590.	5600.	0.0005299287
5600.	5610.	0.0005282335
5610.	5620.	0.0004697459
5620.	5630.	0.0004274368
5630.	5640.	0.0004471185
5640.	5650.	0.0004981978
5650.	5660.	0.0004020493
5660.	5670.	0.0004494793
5670.	5680.	0.0004146764
5680.	5690.	0.0004388528
5690.	5700.	0.0004211915
5700.	5710.	0.0004202274
5710.	5720.	0.0004764084
5720.	5730.	0.0004452524
5730.	5740.	0.0003612298
5740.	5750.	0.0003555377
5750.	5760.	0.0004602172
5760.	5770.	0.0004223089
5770.	5780.	0.0003721711
5780.	5790.	0.0003690044
5790.	5800.	0.0004293122
5800.	5810.	0.0004407353
5810.	5820.	0.0003944916
5820.	5830.	0.0004283714
5830.	5840.	0.0004394357
5840.	5850.	0.000384425
5850.	5860.	0.0003643452
5860.	5870.	0.0003661652
5870.	5880.	0.0004269606
5880.	5890.	0.0003551465
5890.	5900.	0.0002961655
5900.	5910.	0.0003631319
5910.	5920.	0.0003667941
5920.	5930.	0.0003638082
5930.	5940.	0.0003877023
5940.	5950.	0.0003644774
5950.	5960.	0.0003614124
5960.	5970.	0.0003671561
5970.	5980.	0.0003380415
5980.	5990.	0.0003545256
5990.	6000.	0.0003774443
6000.	6010.	0.0003635667
6010.	6020.	0.000381619
6020.	6030.	0.0002885642
6030.	6040.	0.0003545232
6040.	6050.	0.0003332534
6050.	6060.	0.0003896108
6060.	6070.	0.0002832553
6070.	6080.	0.0003109487
6080.	6090.	0.000302422
6090.	6100.	0.0003217372
6100.	6110.	0.0003425654
6110.	6120.	0.0003651781
6120.	6130.	0.0003101369
6130.	6140.	0.0002940659
6140.	6150.	0.0003087311
6150.	6160.	0.0002837412
6160.	6170.	0.0002964156
6170.	6180.	0.0002940021
6180.	6190.	0.0003026509
6190.	6200.	0.0002437411
6200.	6210.	0.000297959
6210.	6220.	0.0002810993
6220.	6230.	0.0002735053
6230.	6240.	0.000325987
6240.	6250.	0.0002884176
6250.	6260.	0.0002600772
6260.	6270.	0.0002684191
6270.	6280.	0.0002850263
6280.	6290.	0.0002606781
6290.	6300.	0.0003090113
6300.	6310.	0.0002799845
6310.	6320.	0.000287552
6320.	6330.	0.0002509006
6330.	6340.	0.0002408163
6340.	6350.	0.0002534408
6350.	6360.	0.0002306308
6360.	6370.	0.0002368244
6370.	6380.	0.0002490369
6380.	6390.	0.0002440381
6390.	6400.	0.0002312863
6400.	6410.	0.0002526457
6410.	6420.	0.0002017313
6420.	6430.	0.0002396285
6430.	6440.	0.0001971194
6440.	6450.	0.000170168
6450.	6460.	0.0002148363
6460.	6470.	0.0002161031
6470.	6480.	0.0002260266
6480.	6490.	0.0002490628
6490.	6500.	0.0002183669
6500.	6510.	0.0001839118
6510.	6520.	0.0001866727
6520.	6530.	0.0002090988
6530.	6540.	0.00022564
6540.	6550.	0.000210052
6550.	6560.	0.0002085156
6560.	6570.	0.0001905064
6570.	6580.	0.0001702094
6580.	6590.	0.0001742384
6590.	6600.	0.0002062817
6600.	6610.	0.0001848974
6610.	6620.	0.0002045033
6620.	6630.	0.0001652233
6630.	6640.	0.0001795309
6640.	6650.	0.0001704471
6650.	6660.	0.0001653802
6660.	6670.	0.0001956531
6670.	6680.	0.0001754441
6680.	6690.	0.0001678367
6690.	6700.	0.0001851637
6700.	6710.	0.0001703416
6710.	6720.	0.0001568405
6720.	6730.	0.0001641436
6730.	6740.	0.0001461036
6740.	6750.	0.0001653235
6750.	6760.	0.0001652978
6760.	6770.	0.0001757293
6770.	6780.	0.0001512422
6780.	6790.	0.0001535614
6790.	6800.	0.0001432694
6800.	6810.	0.0001626753
6810.	6820.	0.0001502428
6820.	6830.	0.0001423322
6830.	6840.	0.0001379978
6840.	6850.	0.0001580078
6850.	6860.	0.0001480385
6860.	6870.	0.0001676239
6870.	6880.	0.0001589177
6880.	6890.	0.0001481036
6890.	6900.	0.0001608488
6900.	6910.	0.0001395974
6910.	6920.	0.0001700536
6920.	6930.	0.0001573812
6930.	6940.	0.0001718026
6940.	6950.	0.0001726235
6950.	6960.	0.0001224655
6960.	6970.	0.0001600767
6970.	6980.	0.0001448266
6980.	6990.	0.0001628152
6990.	7000.	0.0001289046
7000.	7010.	0.00012991
7010.	7020.	0.0001514446
7020.	7030.	0.0001319675
7030.	7040.	0.0001319839
7040.	7050.	0.0001396833
7050.	7060.	0.0001396686
7060.	7070.	0.0001198055
7070.	7080.	0.0001179878
7080.	7090.	0.0001330164
7090.	7100.	0.0001117431
7100.	7110.	0.0001201087
7110.	7120.	0.0001047084
7120.	7130.	0.0001265592
7130.	7140.	0.000141865
7140.	7150.	0.000123898
7150.	7160.	0.0001159774
7160.	7170.	0.0001195674
7170.	7180.	0.0001187345
7180.	7190.	0.0001153279
7190.	7200.	0.0001153669
7200.	7210.	0.0001205924
7210.	7220.	0.0001188971
7220.	7230.	0.0001029007
7230.	7240.	0.0001055284
7240.	7250.	0.000109732
7250.	7260.	0.00009578909
7260.	7270.	0.0001041678
7270.	7280.	0.0001067445
7280.	7290.	0.0001100512
7290.	7300.	0.0001101112
7300.	7310.	0.00009576159
7310.	7320.	0.00009192447
7320.	7330.	0.0001039513
7330.	7340.	0.000100107
7340.	7350.	0.00009782527
7350.	7360.	0.00009642919
7360.	7370.	0.0001019134
7370.	7380.	0.0001019854
7380.	7390.	0.00008916728
7390.	7400.	0.00009534902
7400.	7410.	0.00009170818
7410.	7420.	0.00008887553
7420.	7430.	0.00009636238
7430.	7440.	0.00007675469
7440.	7450.	0.0001008819
7450.	7460.	0.00008796267
7460.	7470.	0.00007879305
7470.	7480.	0.00009390117
7480.	7490.	0.00009822183
7490.	7500.	0.00008353973
7500.	7510.	0.00007673405
7510.	7520.	0.00008105766
7520.	7530.	0.00008669647
7530.	7540.	0.00007998704
7540.	7550.	0.00007127568
7550.	7560.	0.00008029045
7560.	7570.	0.00007236794
7570.	7580.	0.00007655578
7580.	7590.	0.00008797621
7590.	7600.	0.00007030833
7600.	7610.	0.00007376935
7610.	7620.	0.00008494133
7620.	7630.	0.00006571623
7630.	7640.	0.00007102369
7640.	7650.	0.00006927319
7650.	7660.	0.00006944744
7660.	7670.	0.00008786544
7670.	7680.	0.0000816841
7680.	7690.	0.00006254375
7690.	7700.	0.00007322199
7700.	7710.	0.00008010605
7710.	7720.	0.00007105678
7720.	7730.	0.00005913955
7730.	7740.	0.00006116209
7740.	7750.	0.00006731335
7750.	7760.	0.00006454306
7760.	7770.	0.00005763434
7770.	7780.	0.0000642994
7780.	7790.	0.00004877103
7790.	7800.	0.00006288495
7800.	7810.	0.00005446429
7810.	7820.	0.00006663208
7820.	7830.	0.00005941163
7830.	7840.	0.00005285629
7840.	7850.	0.00005586712
7850.	7860.	0.00004940759
7860.	7870.	0.00005185249
7870.	7880.	0.00006251951
7880.	7890.	0.00006588882
7890.	7900.	0.00006172185
7900.	7910.	0.00005165453
7910.	7920.	0.00005290205
7920.	7930.	0.00005152394
7930.	7940.	0.0000517197
7940.	7950.	0.00006137651
7950.	7960.	0.00005786174
7960.	7970.	0.00005647462
7970.	7980.	0.00005249255
7980.	7990.	0.00004244276
7990.	8000.	0.00004828723
8000.	8010.	0.00005100231
8010.	8020.	0.00004316455
8020.	8030.	0.00004740712
8030.	8040.	0.00004411515
8040.	8050.	0.00005025977
8050.	8060.	0.0000577955
8060.	8070.	0.00004865039
8070.	8080.	0.00004448927
8080.	8090.	0.00004229354
8090.	8100.	0.00004871947
8100.	8110.	0.00005031931
8110.	8120.	0.00004953989
8120.	8130.	0.00004125401
8130.	8140.	0.0000428668
8140.	8150.	0.00004353284
8150.	8160.	0.00004049722
8160.	8170.	0.00003751363
8170.	8180.	0.00003364482
8180.	8190.	0.00003885643
8190.	8200.	0.00004355585
8200.	8210.	0.00003840419
8210.	8220.	0.00004127501
8220.	8230.	0.0000379505
8230.	8240.	0.00003419285
8240.	8250.	0.00004357405
8250.	8260.	0.00003551747
8260.	8270.	0.00003358027
8270.	8280.	0.00003551445
8280.	8290.	0.00004124429
8290.	8300.	0.00003635333
8300.	8310.	0.00004118655
8310.	8320.	0.00003382762
8320.	8330.	0.00003570785
8330.	8340.	0.00003467345
8340.	8350.	0.00002995379
8350.	8360.	0.00003670151
8360.	8370.	0.00003405189
8370.	8380.	0.00003344567
8380.	8390.	0.00003084214
8390.	8400.	0.00003902213
8400.	8410.	0.00003364937
8410.	8420.	0.0000295184
8420.	8430.	0.00003716115
8430.	8440.	0.00003149546
8440.	8450.	0.00003478558
8450.	8460.	0.0000257365
8460.	8470.	0.00002865791
8470.	8480.	0.00002809969
8480.	8490.	0.00002605097
8490.	8500.	0.0000307731
8500.	8510.	0.00003095549
8510.	8520.	0.00003262958
8520.	8530.	0.00002470623
8530.	8540.	0.00002675585
8540.	8550.	0.00003133901
8550.	8560.	0.00002825516
8560.	8570.	0.00002701723
8570.	8580.	0.00002614169
8580.	8590.	0.00002705493
8590.	8600.	0.00002619823
8600.	8610.	0.00002850693
8610.	8620.	0.00002238816
8620.	8630.	0.00002330175
8630.	8640.	0.00002247962
8640.	8650.	0.00002646822
8650.	8660.	0.0000307651
8660.	8670.	0.00002617088
8670.	8680.	0.00002230508
8680.	8690.	0.00002015239
8690.	8700.	0.00002205094
8700.	8710.	0.00002225421
8710.	8720.	0.00001783697
8720.	8730.	0.00002626668
8730.	8740.	0.00002382377
8740.	8750.	0.0000259683
8750.	8760.	0.00002484565
8760.	8770.	0.00002246802
8770.	8780.	0.00001947061
8780.	8790.	0.00001649629
8790.	8800.	0.00002240023
8800.	8810.	0.00001945055
8810.	8820.	0.00001778209
8820.	8830.	0.00002140028
8830.	8840.	0.00001819859
8840.	8850.	0.0000245316
8850.	8860.	0.00001829524
8860.	8870.	0.00001698281
8870.	8880.	0.00002231252
8880.	8890.	0.00001829559
8890.	8900.	0.00001669672
8900.	8910.	0.00001809172
8910.	8920.	0.00001650924
8920.	8930.	0.00001758809
8930.	8940.	0.00001370295
8940.	8950.	0.00001681986
8950.	8960.	0.0000144177
8960.	8970.	0.00001376337
8970.	8980.	0.0000142501
8980.	8990.	0.00001134434
8990.	9000.	0.0000129718
9000.	9010.	0.00001289832
9010.	9020.	0.00001059405
9020.	9030.	0.0000149775
9030.	9040.	0.00001461566
9040.	9050.	0.00001370761
9050.	9060.	0.00001472177
9060.	9070.	0.00001274747
9070.	9080.	0.00001564546
9080.	9090.	0.00001368371
9090.	9100.	0.0000122652
9100.	9110.	0.00001273869
9110.	9120.	9.502306e-6
9120.	9130.	8.39871e-6
9130.	9140.	0.00001670299
9140.	9150.	0.00001245493
9150.	9160.	0.00001548831
9160.	9170.	0.00001129584
9170.	9180.	9.950899e-6
9180.	9190.	8.634999e-6
9190.	9200.	0.00001086284
9200.	9210.	0.00001005147
9210.	9220.	9.742239e-6
9220.	9230.	0.00001018845
9230.	9240.	0.00001087348
9240.	9250.	0.00001106141
9250.	9260.	9.049826e-6
9260.	9270.	9.728115e-6
9270.	9280.	9.429153e-6
9280.	9290.	8.417753e-6
9290.	9300.	0.00001053126
9300.	9310.	0.00001214364
9310.	9320.	7.337948e-6
9320.	9330.	0.00001153634
9330.	9340.	7.730478e-6
9340.	9350.	8.622799e-6
9350.	9360.	0.00001019588
9360.	9370.	8.992676e-6
9370.	9380.	8.481005e-6
9380.	9390.	8.893605e-6
9390.	9400.	9.070441e-6
9400.	9410.	6.318391e-6
9410.	9420.	3.590902e-6
9420.	9430.	6.696315e-6
9430.	9440.	9.32733e-6
9440.	9450.	6.846866e-6
9450.	9460.	8.130609e-6
9460.	9470.	5.244519e-6
9470.	9480.	6.303901e-6
9480.	9490.	8.001476e-6
9490.	9500.	6.235376e-6
9500.	9510.	7.701669e-6
9510.	9520.	7.23718e-6
9520.	9530.	5.082634e-6
9530.	9540.	7.372807e-6
9540.	9550.	5.86472e-6
9550.	9560.	6.46047e-6
9560.	9570.	5.601214e-6
9570.	9580.	5.15487e-6
9580.	9590.	4.718602e-6
9590.	9600.	5.509171e-6
9600.	9610.	4.265322e-6
9610.	9620.	3.030578e-6
9620.	9630.	6.030013e-6
9630.	9640.	3.399903e-6
9640.	9650.	4.573009e-6
9650.	9660.	3.957319e-6
9660.	9670.	4.723911e-6
9670.	9680.	4.113157e-6
9680.	9690.	4.674766e-6
9690.	9700.	4.456916e-6
9700.	9710.	2.506978e-6
9710.	9720.	3.262114e-6
9720.	9730.	4.582541e-6
9730.	9740.	3.799166e-6
9740.	9750.	3.776991e-6
9750.	9760.	3.382419e-6
9760.	9770.	2.618522e-6
9770.	9780.	2.790013e-6
9780.	9790.	2.59047e-6
9790.	9800.	3.499272e-6
9800.	9810.	2.197036e-6
9810.	9820.	2.734249e-6
9820.	9830.	1.63113e-6
9830.	9840.	1.081638e-6
9840.	9850.	2.154018e-6
9850.	9860.	2.321965e-6
9860.	9870.	1.954974e-6
9870.	9880.	1.768493e-6
9880.	9890.	5.278993e-7
9890.	9900.	1.75002e-6
9900.	9910.	1.044737e-6
9910.	9920.	1.212904e-6
9920.	9930.	1.725057e-7
9930.	9940.	1.372008e-6
9940.	9950.	5.121434e-7
9950.	9960.	1.189246e-6
9960.	9970.	1.687206e-7
9970.	9980.	0.
9980.	9990.	5.011709e-7
9990.	10000.	0.
10000.	10010.	0.