-10.	0.	0.
0.	10.	0.
10.	20.	0.
20.	30.	0.
30.	40.	0.
40.	50.	0.
50.	60.	0.
60.	70.	0.
70.	80.	0.
80.	90.	0.
90.	100.	0.
100.	110.	0.
110.	120.	0.
120.	130.	0.
130.	140.	0.
140.	150.	0.
150.	160.	0.8100505
160.	170.	0.8565516
170.	180.	0.8286231
180.	190.	0.8565186
190.	200.	0.7211951
200.	210.	0.725457
210.	220.	0.6727527
220.	230.	0.6309695
230.	240.	0.6014969
240.	250.	0.535441
250.	260.	0.518894
260.	270.	0.4981643
270.	280.	0.4126565
280.	290.	0.4153479
290.	300.	0.3777435
300.	310.	0.3628231
310.	320.	0.3446079
320.	330.	0.3055024
330.	340.	0.2913466
340.	350.	0.2688114
350.	360.	0.2707772
360.	370.	0.2624818
370.	380.	0.2292194
380.	390.	0.2224437
390.	400.	0.2326801
400.	410.	0.2417625
410.	420.	0.1567384
420.	430.	0.2106584
430.	440.	0.1613009
440.	450.	0.1429571
450.	460.	0.1524387
460.	470.	0.1659353
470.	480.	0.1351985
480.	490.	0.1200927
490.	500.	0.1249469
500.	510.	0.1061196
510.	520.	0.1050655
520.	530.	0.1054896
530.	540.	0.09859129
540.	550.	0.08468666
550.	560.	0.07607919
560.	570.	0.08242268
570.	580.	0.08878703
580.	590.	0.07277167
590.	600.	0.09115748
600.	610.	0.07723001
610.	620.	0.07455243
620.	630.	0.04930445
630.	640.	0.073715
640.	650.	0.07228917
650.	660.	0.05690341
660.	670.	0.05854654
670.	680.	0.04748229
680.	690.	0.04664458
690.	700.	0.04996313
700.	710.	0.03503225
710.	720.	0.04872651
720.	730.	0.03806576
730.	740.	0.03750737
740.	750.	0.03885854
750.	760.	0.02820652
760.	770.	0.03009032
770.	780.	0.02160562
780.	790.	0.02845632
790.	800.	0.02570595
800.	810.	0.0279421
810.	820.	0.02547503
820.	830.	0.0224646
830.	840.	0.02798075
840.	850.	0.0263975
850.	860.	0.0221524
860.	870.	0.01756961
870.	880.	0.01529961
880.	890.	0.0200358
890.	900.	0.01625899
900.	910.	0.01573601
910.	920.	0.01471009
920.	930.	0.01260977
930.	940.	0.01844009
940.	950.	0.01436129
950.	960.	0.01307975
960.	970.	0.0151031
970.	980.	0.01645363
980.	990.	0.01400054
990.	1000.	0.0147834
1000.	1010.	0.01392845
1010.	1020.	0.01141356
1020.	1030.	0.01425115
1030.	1040.	0.01346812
1040.	1050.	0.01173719
1050.	1060.	0.01200001
1060.	1070.	0.01170847
1070.	1080.	0.01018206
1080.	1090.	0.01027247
1090.	1100.	0.009099881
1100.	1110.	0.009446008
1110.	1120.	0.007565219
1120.	1130.	0.009167651
1130.	1140.	0.008460232
1140.	1150.	0.00861734
1150.	1160.	0.007351374
1160.	1170.	0.006310321
1170.	1180.	0.00580139
1180.	1190.	0.006725177
1190.	1200.	0.006211588
1200.	1210.	0.006416905
1210.	1220.	0.006899379
1220.	1230.	0.006564534
1230.	1240.	0.006235438
1240.	1250.	0.005016852
1250.	1260.	0.006372424
1260.	1270.	0.005662315
1270.	1280.	0.004852089
1280.	1290.	0.005032199
1290.	1300.	0.004421971
1300.	1310.	0.005164282
1310.	1320.	0.004135568
1320.	1330.	0.004236661
1330.	1340.	0.004361459
1340.	1350.	0.004439462
1350.	1360.	0.004092855
1360.	1370.	0.004647976
1370.	1380.	0.003413408
1380.	1390.	0.00425734
1390.	1400.	0.003567326
1400.	1410.	0.00334196
1410.	1420.	0.002972028
1420.	1430.	0.003741642
1430.	1440.	0.003018794
1440.	1450.	0.002932347
1450.	1460.	0.002942501
1460.	1470.	0.002742016
1470.	1480.	0.002664714
1480.	1490.	0.002725843
1490.	1500.	0.003057271
1500.	1510.	0.003175961
1510.	1520.	0.002725238
1520.	1530.	0.002663378
1530.	1540.	0.001918334
1540.	1550.	0.002605197
1550.	1560.	0.002104868
1560.	1570.	0.002009603
1570.	1580.	0.00186289
1580.	1590.	0.002240671
1590.	1600.	0.002043021
1600.	1610.	0.001974811
1610.	1620.	0.001663162
1620.	1630.	0.001587745
1630.	1640.	0.001823042
1640.	1650.	0.002133804
1650.	1660.	0.001916577
1660.	1670.	0.001642625
1670.	1680.	0.001712953
1680.	1690.	0.001735544
1690.	1700.	0.001480578
1700.	1710.	0.00159531
1710.	1720.	0.001627709
1720.	1730.	0.001520662
1730.	1740.	0.001462499
1740.	1750.	0.001066801
1750.	1760.	0.001467808
1760.	1770.	0.001189937
1770.	1780.	0.001439929
1780.	1790.	0.001465174
1790.	1800.	0.00142976
1800.	1810.	0.00144236
1810.	1820.	0.001089396
1820.	1830.	0.001095628
1830.	1840.	0.00103821
1840.	1850.	0.0009940937
1850.	1860.	0.001091407
1860.	1870.	0.0008104464
1870.	1880.	0.0009772243
1880.	1890.	0.0009352393
1890.	1900.	0.001008139
1900.	1910.	0.0009337021
1910.	1920.	0.001014165
1920.	1930.	0.0008074063
1930.	1940.	0.0008836559
1940.	1950.	0.0009277529
1950.	1960.	0.0008280911
1960.	1970.	0.0008094631
1970.	1980.	0.0007579632
1980.	1990.	0.0009227683
1990.	2000.	0.0007519333
2000.	2010.	0.0007315416
2010.	2020.	0.0006770152
2020.	2030.	0.0006726437
2030.	2040.	0.0006956274
2040.	2050.	0.0005842321
2050.	2060.	0.0006133201
2060.	2070.	0.0006974202
2070.	2080.	0.0006474793
2080.	2090.	0.0006149873
2090.	2100.	0.0006168516
2100.	2110.	0.0006248069
2110.	2120.	0.0005771876
2120.	2130.	0.0005518078
2130.	2140.	0.0005844908
2140.	2150.	0.0005082262
2150.	2160.	0.0005918784
2160.	2170.	0.00048431
2170.	2180.	0.0005349518
2180.	2190.	0.0004841699
2190.	2200.	0.0004164779
2200.	2210.	0.0004509832
2210.	2220.	0.0003845374
2220.	2230.	0.0004637503
2230.	2240.	0.0003511463
2240.	2250.	0.0003834521
2250.	2260.	0.0004039774
2260.	2270.	0.0004028209
2270.	2280.	0.0003956001
2280.	2290.	0.0003773835
2290.	2300.	0.000393954
2300.	2310.	0.0003374102
2310.	2320.	0.0003698676
2320.	2330.	0.0004116362
2330.	2340.	0.0003140173
2340.	2350.	0.000378149
2350.	2360.	0.00037759
2360.	2370.	0.0002973611
2370.	2380.	0.0003223681
2380.	2390.	0.0003342726
2390.	2400.	0.0003158117
2400.	2410.	0.0002885701
2410.	2420.	0.0003310535
2420.	2430.	0.0002445199
2430.	2440.	0.0002079284
2440.	2450.	0.0002830112
2450.	2460.	0.0002645732
2460.	2470.	0.000288911
2470.	2480.	0.0002538656
2480.	2490.	0.0002534406
2490.	2500.	0.0002000919
2500.	2510.	0.0002144668
2510.	2520.	0.0002546138
2520.	2530.	0.0002301759
2530.	2540.	0.0001899053
2540.	2550.	0.0002456725
2550.	2560.	0.0002309085
2560.	2570.	0.000234871
2570.	2580.	0.0001990498
2580.	2590.	0.0001970646
2590.	2600.	0.0001942395
2600.	2610.	0.0001910547
2610.	2620.	0.0001862235
2620.	2630.	0.0001799423
2630.	2640.	0.0001379144
2640.	2650.	0.0001471145
2650.	2660.	0.0001742214
2660.	2670.	0.000161783
2670.	2680.	0.0001587722
2680.	2690.	0.000159608
2690.	2700.	0.0001486298
2700.	2710.	0.0001358377
2710.	2720.	0.0001768403
2720.	2730.	0.0001380145
2730.	2740.	0.0001657884
2740.	2750.	0.0001511477
2750.	2760.	0.0001290904
2760.	2770.	0.0001253808
2770.	2780.	0.0001503377
2780.	2790.	0.0001375643
2790.	2800.	0.000140045
2800.	2810.	0.0001180037
2810.	2820.	0.0001185666
2820.	2830.	0.0001150122
2830.	2840.	0.0001137772
2840.	2850.	0.0001426204
2850.	2860.	0.00009490461
2860.	2870.	0.00009747262
2870.	2880.	0.00009989961
2880.	2890.	0.0001039625
2890.	2900.	0.0001137168
2900.	2910.	0.0001064038
2910.	2920.	0.00009289432
2920.	2930.	0.0001168541
2930.	2940.	0.0001001799
2940.	2950.	0.00009309777
2950.	2960.	0.00009196274
2960.	2970.	0.00007243024
2970.	2980.	0.00009984681
2980.	2990.	0.00007712425
2990.	3000.	0.0000769449
3000.	3010.	0.00009091979
3010.	3020.	0.00008086862
3020.	3030.	0.00006655863
3030.	3040.	0.00008323207
3040.	3050.	0.0000645136
3050.	3060.	0.0000715518
3060.	3070.	0.00006574212
3070.	3080.	0.00008616374
3080.	3090.	0.00007394753
3090.	3100.	0.00005866001
3100.	3110.	0.00006198301
3110.	3120.	0.00005955388
3120.	3130.	0.00007884155
3130.	3140.	0.00005576619
3140.	3150.	0.00007072861
3150.	3160.	0.00005573102
3160.	3170.	0.00005273919
3170.	3180.	0.00005496251
3180.	3190.	0.00004991778
3190.	3200.	0.00004321623
3200.	3210.	0.00005385028
3210.	3220.	0.0000527781
3220.	3230.	0.00004563831
3230.	3240.	0.00005330391
3240.	3250.	0.0000464708
3250.	3260.	0.00006794573
3260.	3270.	0.00005009062
3270.	3280.	0.00003909088
3280.	3290.	0.00004260333
3290.	3300.	0.000042344
3300.	3310.	0.00004020707
3310.	3320.	0.00003742269
3320.	3330.	0.00003571868
3330.	3340.	0.00003360221
3340.	3350.	0.00004041016
3350.	3360.	0.00003483962
3360.	3370.	0.00003798163
3370.	3380.	0.00003872541
3380.	3390.	0.00004435362
3390.	3400.	0.00003605739
3400.	3410.	0.00003329545
3410.	3420.	0.00003715944
3420.	3430.	0.00004077625
3430.	3440.	0.00003010594
3440.	3450.	0.00003177811
3450.	3460.	0.00002811141
3460.	3470.	0.00002376105
3470.	3480.	0.00002624299
3480.	3490.	0.00002989519
3490.	3500.	0.00002901026
3500.	3510.	0.00002368188
3510.	3520.	0.00003031287
3520.	3530.	0.00002287817
3530.	3540.	0.0000205831
3540.	3550.	0.00002802077
3550.	3560.	0.00002466186
3560.	3570.	0.00002097723
3570.	3580.	0.00002223037
3580.	3590.	0.00002199407
3590.	3600.	0.00002505051
3600.	3610.	0.00002485324
3610.	3620.	0.0000218633
3620.	3630.	0.0000226137
3630.	3640.	0.00002423011
3640.	3650.	0.00002106242
3650.	3660.	0.00002021688
3660.	3670.	0.00001954987
3670.	3680.	0.00001553633
3680.	3690.	0.00001715405
3690.	3700.	0.00001716872
3700.	3710.	0.00001835976
3710.	3720.	0.00001187087
3720.	3730.	0.00002040819
3730.	3740.	0.0000147072
3740.	3750.	0.00001555129
3750.	3760.	0.00001493896
3760.	3770.	0.00001315452
3770.	3780.	0.00001182345
3780.	3790.	0.00001388078
3790.	3800.	0.00001131615
3800.	3810.	0.00001246656
3810.	3820.	0.00001418383
3820.	3830.	0.0000111996
3830.	3840.	0.00001764456
3840.	3850.	0.00001394062
3850.	3860.	0.00001251083
3860.	3870.	0.00001032059
3870.	3880.	8.505373e-6
3880.	3890.	0.00001015421
3890.	3900.	6.455447e-6
3900.	3910.	8.652631e-6
3910.	3920.	0.00001008318
3920.	3930.	9.02463e-6
3930.	3940.	7.679188e-6
3940.	3950.	8.395619e-6
3950.	3960.	9.693133e-6
3960.	3970.	7.655815e-6
3970.	3980.	9.06814e-6
3980.	3990.	8.584905e-6
3990.	4000.	6.846321e-6
4000.	4010.	0.00001000217
4010.	4020.	5.381146e-6
4020.	4030.	0.00001130112
4030.	4040.	7.676883e-6
4040.	4050.	0.00001012452
4050.	4060.	8.339361e-6
4060.	4070.	0.00001063169
4070.	4080.	8.040347e-6
4080.	4090.	5.015256e-6
4090.	4100.	4.440972e-6
4100.	4110.	5.327559e-6
4110.	4120.	6.059564e-6
4120.	4130.	5.357447e-6
4130.	4140.	7.017781e-6
4140.	4150.	5.430514e-6
4150.	4160.	4.774812e-6
4160.	4170.	3.323463e-6
4170.	4180.	2.943193e-6
4180.	4190.	4.67505e-6
4190.	4200.	5.183572e-6
4200.	4210.	5.247e-6
4210.	4220.	5.122516e-6
4220.	4230.	4.801759e-6
4230.	4240.	6.062659e-6
4240.	4250.	4.433393e-6
4250.	4260.	3.035962e-6
4260.	4270.	3.998419e-6
4270.	4280.	5.549727e-6
4280.	4290.	3.925741e-6
4290.	4300.	2.2983e-6
4300.	4310.	2.594581e-6
4310.	4320.	2.877708e-6
4320.	4330.	1.478329e-6
4330.	4340.	2.849332e-6
4340.	4350.	2.898557e-6
4350.	4360.	1.917542e-6
4360.	4370.	2.840423e-6
4370.	4380.	3.215238e-6
4380.	4390.	2.079604e-6
4390.	4400.	2.480926e-6
4400.	4410.	1.808546e-6
4410.	4420.	1.483452e-6
4420.	4430.	2.144166e-6
4430.	4440.	1.98556e-6
4440.	4450.	1.256609e-6
4450.	4460.	2.33931e-6
4460.	4470.	1.520948e-6
4470.	4480.	2.203748e-6
4480.	4490.	2.738585e-6
4490.	4500.	1.207041e-6
4500.	4510.	2.638706e-6
4510.	4520.	1.861113e-6
4520.	4530.	1.483294e-6
4530.	4540.	1.891271e-6
4540.	4550.	1.169824e-6
4550.	4560.	1.551937e-6
4560.	4570.	9.539853e-7
4570.	4580.	1.493647e-6
4580.	4590.	9.440916e-7
4590.	4600.	1.849205e-6
4600.	4610.	9.030187e-7
4610.	4620.	7.265717e-7
4620.	4630.	1.52412e-6
4630.	4640.	1.459735e-6
4640.	4650.	1.612106e-6
4650.	4660.	8.261859e-7
4660.	4670.	3.46224e-7
4670.	4680.	1.027884e-6
4680.	4690.	6.735938e-7
4690.	4700.	0.
4700.	4710.	4.941705e-7
4710.	4720.	7.83885e-7
4720.	4730.	7.823944e-7
4730.	4740.	6.847974e-7
4740.	4750.	5.17354e-7
4750.	4760.	3.386092e-7
4760.	4770.	7.80827e-7
4770.	4780.	4.650703e-7
4780.	4790.	1.636294e-7
4790.	4800.	0.
4800.	4810.	4.68581e-7
4810.	4820.	1.527766e-7
4820.	4830.	3.186355e-7
4830.	4840.	2.908919e-7
4840.	4850.	2.88384e-7
4850.	4860.	6.019272e-7
4860.	4870.	1.417026e-7
4870.	4880.	0.
4880.	4890.	0.
4890.	4900.	1.483335e-7
4900.	4910.	0.
4910.	4920.	0.
4920.	4930.	1.38731e-7
4930.	4940.	1.386074e-7
4940.	4950.	0.
4950.	4960.	0.
4960.	4970.	1.381283e-7
4970.	4980.	0.
4980.	4990.	0.
4990.	5000.	0.
5000.	5010.	0.
5010.	5020.	0.
5020.	5030.	0.
5030.	5040.	0.
5040.	5050.	0.
5050.	5060.	0.
5060.	5070.	0.
5070.	5080.	0.
5080.	5090.	0.
5090.	5100.	0.
5100.	5110.	0.
5110.	5120.	0.
5120.	5130.	0.
5130.	5140.	0.
5140.	5150.	0.
5150.	5160.	0.
5160.	5170.	0.
5170.	5180.	0.
5180.	5190.	0.
5190.	5200.	0.
5200.	5210.	0.
5210.	5220.	0.
5220.	5230.	0.
5230.	5240.	0.
5240.	5250.	0.
5250.	5260.	0.
5260.	5270.	0.
5270.	5280.	0.
5280.	5290.	0.
5290.	5300.	0.
5300.	5310.	0.
5310.	5320.	0.
5320.	5330.	0.
5330.	5340.	0.
5340.	5350.	0.
5350.	5360.	0.
5360.	5370.	0.
5370.	5380.	0.
5380.	5390.	0.
5390.	5400.	0.
5400.	5410.	0.
5410.	5420.	0.
5420.	5430.	0.
5430.	5440.	0.
5440.	5450.	0.
5450.	5460.	0.
5460.	5470.	0.
5470.	5480.	0.
5480.	5490.	0.
5490.	5500.	0.
5500.	5510.	0.
5510.	5520.	0.
5520.	5530.	0.
5530.	5540.	0.
5540.	5550.	0.
5550.	5560.	0.
5560.	5570.	0.
5570.	5580.	0.
5580.	5590.	0.
5590.	5600.	0.
5600.	5610.	0.
5610.	5620.	0.
5620.	5630.	0.
5630.	5640.	0.
5640.	5650.	0.
5650.	5660.	0.
5660.	5670.	0.
5670.	5680.	0.
5680.	5690.	0.
5690.	5700.	0.
5700.	5710.	0.
5710.	5720.	0.
5720.	5730.	0.
5730.	5740.	0.
5740.	5750.	0.
5750.	5760.	0.
5760.	5770.	0.
5770.	5780.	0.
5780.	5790.	0.
5790.	5800.	0.
5800.	5810.	0.
5810.	5820.	0.
5820.	5830.	0.
5830.	5840.	0.
5840.	5850.	0.
5850.	5860.	0.
5860.	5870.	0.
5870.	5880.	0.
5880.	5890.	0.
5890.	5900.	0.
5900.	5910.	0.
5910.	5920.	0.
5920.	5930.	0.
5930.	5940.	0.
5940.	5950.	0.
5950.	5960.	0.
5960.	5970.	0.
5970.	5980.	0.
5980.	5990.	0.
5990.	6000.	0.
6000.	6010.	0.
6010.	6020.	0.
6020.	6030.	0.
6030.	6040.	0.
6040.	6050.	0.
6050.	6060.	0.
6060.	6070.	0.
6070.	6080.	0.
6080.	6090.	0.
6090.	6100.	0.
6100.	6110.	0.
6110.	6120.	0.
6120.	6130.	0.
6130.	6140.	0.
6140.	6150.	0.
6150.	6160.	0.
6160.	6170.	0.
6170.	6180.	0.
6180.	6190.	0.
6190.	6200.	0.
6200.	6210.	0.
6210.	6220.	0.
6220.	6230.	0.
6230.	6240.	0.
6240.	6250.	0.
6250.	6260.	0.
6260.	6270.	0.
6270.	6280.	0.
6280.	6290.	0.
6290.	6300.	0.
6300.	6310.	0.
6310.	6320.	0.
6320.	6330.	0.
6330.	6340.	0.
6340.	6350.	0.
6350.	6360.	0.
6360.	6370.	0.
6370.	6380.	0.
6380.	6390.	0.
6390.	6400.	0.
6400.	6410.	0.
6410.	6420.	0.
6420.	6430.	0.
6430.	6440.	0.
6440.	6450.	0.
6450.	6460.	0.
6460.	6470.	0.
6470.	6480.	0.
6480.	6490.	0.
6490.	6500.	0.
6500.	6510.	0.
6510.	6520.	0.
6520.	6530.	0.
6530.	6540.	0.
6540.	6550.	0.
6550.	6560.	0.
6560.	6570.	0.
6570.	6580.	0.
6580.	6590.	0.
6590.	6600.	0.
6600.	6610.	0.
6610.	6620.	0.
6620.	6630.	0.
6630.	6640.	0.
6640.	6650.	0.
6650.	6660.	0.
6660.	6670.	0.
6670.	6680.	0.
6680.	6690.	0.
6690.	6700.	0.
6700.	6710.	0.
6710.	6720.	0.
6720.	6730.	0.
6730.	6740.	0.
6740.	6750.	0.
6750.	6760.	0.
6760.	6770.	0.
6770.	6780.	0.
6780.	6790.	0.
6790.	6800.	0.
6800.	6810.	0.
6810.	6820.	0.
6820.	6830.	0.
6830.	6840.	0.
6840.	6850.	0.
6850.	6860.	0.
6860.	6870.	0.
6870.	6880.	0.
6880.	6890.	0.
6890.	6900.	0.
6900.	6910.	0.
6910.	6920.	0.
6920.	6930.	0.
6930.	6940.	0.
6940.	6950.	0.
6950.	6960.	0.
6960.	6970.	0.
6970.	6980.	0.
6980.	6990.	0.
6990.	7000.	0.
7000.	7010.	0.
7010.	7020.	0.
7020.	7030.	0.
7030.	7040.	0.
7040.	7050.	0.
7050.	7060.	0.
7060.	7070.	0.
7070.	7080.	0.
7080.	7090.	0.
7090.	7100.	0.
7100.	7110.	0.
7110.	7120.	0.
7120.	7130.	0.
7130.	7140.	0.
7140.	7150.	0.
7150.	7160.	0.
7160.	7170.	0.
7170.	7180.	0.
7180.	7190.	0.
7190.	7200.	0.
7200.	7210.	0.
7210.	7220.	0.
7220.	7230.	0.
7230.	7240.	0.
7240.	7250.	0.
7250.	7260.	0.
7260.	7270.	0.
7270.	7280.	0.
7280.	7290.	0.
7290.	7300.	0.
7300.	7310.	0.
7310.	7320.	0.
7320.	7330.	0.
7330.	7340.	0.
7340.	7350.	0.
7350.	7360.	0.
7360.	7370.	0.
7370.	7380.	0.
7380.	7390.	0.
7390.	7400.	0.
7400.	7410.	0.
7410.	7420.	0.
7420.	7430.	0.
7430.	7440.	0.
7440.	7450.	0.
7450.	7460.	0.
7460.	7470.	0.
7470.	7480.	0.
7480.	7490.	0.
7490.	7500.	0.
7500.	7510.	0.
7510.	7520.	0.
7520.	7530.	0.
7530.	7540.	0.
7540.	7550.	0.
7550.	7560.	0.
7560.	7570.	0.
7570.	7580.	0.
7580.	7590.	0.
7590.	7600.	0.
7600.	7610.	0.
7610.	7620.	0.
7620.	7630.	0.
7630.	7640.	0.
7640.	7650.	0.
7650.	7660.	0.
7660.	7670.	0.
7670.	7680.	0.
7680.	7690.	0.
7690.	7700.	0.
7700.	7710.	0.
7710.	7720.	0.
7720.	7730.	0.
7730.	7740.	0.
7740.	7750.	0.
7750.	7760.	0.
7760.	7770.	0.
7770.	7780.	0.
7780.	7790.	0.
7790.	7800.	0.
7800.	7810.	0.
7810.	7820.	0.
7820.	7830.	0.
7830.	7840.	0.
7840.	7850.	0.
7850.	7860.	0.
7860.	7870.	0.
7870.	7880.	0.
7880.	7890.	0.
7890.	7900.	0.
7900.	7910.	0.
7910.	7920.	0.
7920.	7930.	0.
7930.	7940.	0.
7940.	7950.	0.
7950.	7960.	0.
7960.	7970.	0.
7970.	7980.	0.
7980.	7990.	0.
7990.	8000.	0.
8000.	8010.	0.
8010.	8020.	0.
8020.	8030.	0.
8030.	8040.	0.
8040.	8050.	0.
8050.	8060.	0.
8060.	8070.	0.
8070.	8080.	0.
8080.	8090.	0.
8090.	8100.	0.
8100.	8110.	0.
8110.	8120.	0.
8120.	8130.	0.
8130.	8140.	0.
8140.	8150.	0.
8150.	8160.	0.
8160.	8170.	0.
8170.	8180.	0.
8180.	8190.	0.
8190.	8200.	0.
8200.	8210.	0.
8210.	8220.	0.
8220.	8230.	0.
8230.	8240.	0.
8240.	8250.	0.
8250.	8260.	0.
8260.	8270.	0.
8270.	8280.	0.
8280.	8290.	0.
8290.	8300.	0.
8300.	8310.	0.
8310.	8320.	0.
8320.	8330.	0.
8330.	8340.	0.
8340.	8350.	0.
8350.	8360.	0.
8360.	8370.	0.
8370.	8380.	0.
8380.	8390.	0.
8390.	8400.	0.
8400.	8410.	0.
8410.	8420.	0.
8420.	8430.	0.
8430.	8440.	0.
8440.	8450.	0.
8450.	8460.	0.
8460.	8470.	0.
8470.	8480.	0.
8480.	8490.	0.
8490.	8500.	0.
8500.	8510.	0.
8510.	8520.	0.
8520.	8530.	0.
8530.	8540.	0.
8540.	8550.	0.
8550.	8560.	0.
8560.	8570.	0.
8570.	8580.	0.
8580.	8590.	0.
8590.	8600.	0.
8600.	8610.	0.
8610.	8620.	0.
8620.	8630.	0.
8630.	8640.	0.
8640.	8650.	0.
8650.	8660.	0.
8660.	8670.	0.
8670.	8680.	0.
8680.	8690.	0.
8690.	8700.	0.
8700.	8710.	0.
8710.	8720.	0.
8720.	8730.	0.
8730.	8740.	0.
8740.	8750.	0.
8750.	8760.	0.
8760.	8770.	0.
8770.	8780.	0.
8780.	8790.	0.
8790.	8800.	0.
8800.	8810.	0.
8810.	8820.	0.
8820.	8830.	0.
8830.	8840.	0.
8840.	8850.	0.
8850.	8860.	0.
8860.	8870.	0.
8870.	8880.	0.
8880.	8890.	0.
8890.	8900.	0.
8900.	8910.	0.
8910.	8920.	0.
8920.	8930.	0.
8930.	8940.	0.
8940.	8950.	0.
8950.	8960.	0.
8960.	8970.	0.
8970.	8980.	0.
8980.	8990.	0.
8990.	9000.	0.
9000.	9010.	0.
9010.	9020.	0.
9020.	9030.	0.
9030.	9040.	0.
9040.	9050.	0.
9050.	9060.	0.
9060.	9070.	0.
9070.	9080.	0.
9080.	9090.	0.
9090.	9100.	0.
9100.	9110.	0.
9110.	9120.	0.
9120.	9130.	0.
9130.	9140.	0.
9140.	9150.	0.
9150.	9160.	0.
9160.	9170.	0.
9170.	9180.	0.
9180.	9190.	0.
9190.	9200.	0.
9200.	9210.	0.
9210.	9220.	0.
9220.	9230.	0.
9230.	9240.	0.
9240.	9250.	0.
9250.	9260.	0.
9260.	9270.	0.
9270.	9280.	0.
9280.	9290.	0.
9290.	9300.	0.
9300.	9310.	0.
9310.	9320.	0.
9320.	9330.	0.
9330.	9340.	0.
9340.	9350.	0.
9350.	9360.	0.
9360.	9370.	0.
9370.	9380.	0.
9380.	9390.	0.
9390.	9400.	0.
9400.	9410.	0.
9410.	9420.	0.
9420.	9430.	0.
9430.	9440.	0.
9440.	9450.	0.
9450.	9460.	0.
9460.	9470.	0.
9470.	9480.	0.
9480.	9490.	0.
9490.	9500.	0.
9500.	9510.	0.
9510.	9520.	0.
9520.	9530.	0.
9530.	9540.	0.
9540.	9550.	0.
9550.	9560.	0.
9560.	9570.	0.
9570.	9580.	0.
9580.	9590.	0.
9590.	9600.	0.
9600.	9610.	0.
9610.	9620.	0.
9620.	9630.	0.
9630.	9640.	0.
9640.	9650.	0.
9650.	9660.	0.
9660.	9670.	0.
9670.	9680.	0.
9680.	9690.	0.
9690.	9700.	0.
9700.	9710.	0.
9710.	9720.	0.
9720.	9730.	0.
9730.	9740.	0.
9740.	9750.	0.
9750.	9760.	0.
9760.	9770.	0.
9770.	9780.	0.
9780.	9790.	0.
9790.	9800.	0.
9800.	9810.	0.
9810.	9820.	0.
9820.	9830.	0.
9830.	9840.	0.
9840.	9850.	0.
9850.	9860.	0.
9860.	9870.	0.
9870.	9880.	0.
9880.	9890.	0.
9890.	9900.	0.
9900.	9910.	0.
9910.	9920.	0.
9920.	9930.	0.
9930.	9940.	0.
9940.	9950.	0.
9950.	9960.	0.
9960.	9970.	0.
9970.	9980.	0.
9980.	9990.	0.
9990.	10000.	0.
10000.	10010.	0.