-10.	0.	0.
0.	10.	0.
10.	20.	0.
20.	30.	0.
30.	40.	0.
40.	50.	0.
50.	60.	0.
60.	70.	0.
70.	80.	0.
80.	90.	0.
90.	100.	0.
100.	110.	0.
110.	120.	0.
120.	130.	0.
130.	140.	0.
140.	150.	0.
150.	160.	0.6571569
160.	170.	0.6419861
170.	180.	0.6482471
180.	190.	0.6171832
190.	200.	0.5902131
200.	210.	0.5536107
210.	220.	0.5129147
220.	230.	0.491483
230.	240.	0.4611416
240.	250.	0.4401916
250.	260.	0.393957
260.	270.	0.376619
270.	280.	0.3585587
280.	290.	0.3193074
290.	300.	0.2981166
300.	310.	0.277889
310.	320.	0.2798154
320.	330.	0.2559757
330.	340.	0.2328584
340.	350.	0.2172061
350.	360.	0.211186
360.	370.	0.1996273
370.	380.	0.1875871
380.	390.	0.1663963
390.	400.	0.1649514
400.	410.	0.1541152
410.	420.	0.1367772
420.	430.	0.1471319
430.	440.	0.1293123
440.	450.	0.123533
450.	460.	0.106195
460.	470.	0.1184761
470.	480.	0.1066766
480.	490.	0.09295073
490.	500.	0.09463637
500.	510.	0.09102429
510.	520.	0.08091048
520.	530.	0.07922485
530.	540.	0.07489036
540.	550.	0.06838862
550.	560.	0.07007426
560.	570.	0.05875642
570.	580.	0.05562596
580.	590.	0.05682998
590.	600.	0.0575524
600.	610.	0.05466274
610.	620.	0.05201388
620.	630.	0.04647537
630.	640.	0.05080986
640.	650.	0.03997363
650.	660.	0.03925122
660.	670.	0.03901041
670.	680.	0.03997363
680.	690.	0.03539834
690.	700.	0.03876961
700.	710.	0.03539834
710.	720.	0.03202707
720.	730.	0.02721097
730.	740.	0.0334719
740.	750.	0.02600694
750.	760.	0.02841499
760.	770.	0.02191326
770.	780.	0.02552533
780.	790.	0.02359889
790.	800.	0.02191326
800.	810.	0.02239487
810.	820.	0.01830118
820.	830.	0.01757877
830.	840.	0.0190236
840.	850.	0.02095004
850.	860.	0.0192644
860.	870.	0.01372589
870.	880.	0.01492991
880.	890.	0.01613394
890.	900.	0.01204025
900.	910.	0.01468911
910.	920.	0.01396669
920.	930.	0.01348508
930.	940.	0.01372589
940.	950.	0.01035462
950.	960.	0.01324428
960.	970.	0.01179945
970.	980.	0.01324428
980.	990.	0.0096322
990.	1000.	0.00818737
1000.	1010.	0.00912944
1010.	1020.	0.0134692
1020.	1030.	0.009776725
1030.	1040.	0.008417442
1040.	1050.	0.00963394
1050.	1060.	0.008378412
1060.	1070.	0.008425875
1070.	1080.	0.005779033
1080.	1090.	0.006327518
1090.	1100.	0.006412507
1100.	1110.	0.006075266
1110.	1120.	0.006048032
1120.	1130.	0.006045239
1130.	1140.	0.007097506
1140.	1150.	0.00481571
1150.	1160.	0.00640058
1160.	1170.	0.005385516
1170.	1180.	0.004018121
1180.	1190.	0.005211143
1190.	1200.	0.004632646
1200.	1210.	0.004635609
1210.	1220.	0.005087789
1220.	1230.	0.004634479
1230.	1240.	0.004413028
1240.	1250.	0.004141359
1250.	1260.	0.004187201
1260.	1270.	0.003990422
1270.	1280.	0.003987391
1280.	1290.	0.004597848
1290.	1300.	0.003934876
1300.	1310.	0.003506112
1310.	1320.	0.003827557
1320.	1330.	0.003468529
1330.	1340.	0.003702943
1340.	1350.	0.002849437
1350.	1360.	0.003078161
1360.	1370.	0.002643794
1370.	1380.	0.002951487
1380.	1390.	0.002875354
1390.	1400.	0.002809456
1400.	1410.	0.002595922
1410.	1420.	0.002549198
1420.	1430.	0.002332639
1430.	1440.	0.002311383
1440.	1450.	0.002702451
1450.	1460.	0.00210018
1460.	1470.	0.002366139
1470.	1480.	0.002243913
1480.	1490.	0.002178041
1490.	1500.	0.002007055
1500.	1510.	0.002012979
1510.	1520.	0.001950608
1520.	1530.	0.002067808
1530.	1540.	0.001956145
1540.	1550.	0.001860991
1550.	1560.	0.001804406
1560.	1570.	0.001621547
1570.	1580.	0.001812283
1580.	1590.	0.001960259
1590.	1600.	0.001680686
1600.	1610.	0.001632071
1610.	1620.	0.001440441
1620.	1630.	0.001258675
1630.	1640.	0.001348187
1640.	1650.	0.001470857
1650.	1660.	0.001416731
1660.	1670.	0.001390857
1670.	1680.	0.001188124
1680.	1690.	0.00118987
1690.	1700.	0.001205693
1700.	1710.	0.00119666
1710.	1720.	0.00123918
1720.	1730.	0.001160361
1730.	1740.	0.001225808
1740.	1750.	0.0012283
1750.	1760.	0.001119951
1760.	1770.	0.0009319499
1770.	1780.	0.0009857551
1780.	1790.	0.0008566413
1790.	1800.	0.0008712401
1800.	1810.	0.0008844929
1810.	1820.	0.0007809905
1820.	1830.	0.0009323226
1830.	1840.	0.0008710636
1840.	1850.	0.0009217896
1850.	1860.	0.0008510597
1860.	1870.	0.0007786589
1870.	1880.	0.0007541985
1880.	1890.	0.0005748078
1890.	1900.	0.0007325795
1900.	1910.	0.0007107732
1910.	1920.	0.0006634527
1920.	1930.	0.0007151627
1930.	1940.	0.0006843009
1940.	1950.	0.0006442128
1950.	1960.	0.0005860502
1960.	1970.	0.0005946159
1970.	1980.	0.0005481342
1980.	1990.	0.0006183533
1990.	2000.	0.0006458573
2000.	2010.	0.0005889277
2010.	2020.	0.0005217479
2020.	2030.	0.0005350725
2030.	2040.	0.0004812374
2040.	2050.	0.0005004495
2050.	2060.	0.0005531854
2060.	2070.	0.0005613217
2070.	2080.	0.0004649777
2080.	2090.	0.0004988054
2090.	2100.	0.000498443
2100.	2110.	0.0004516388
2110.	2120.	0.0004030158
2120.	2130.	0.000433976
2130.	2140.	0.0004321245
2140.	2150.	0.0003782074
2150.	2160.	0.0003958823
2160.	2170.	0.0003813842
2170.	2180.	0.0003820826
2180.	2190.	0.000407013
2190.	2200.	0.0003551202
2200.	2210.	0.000379279
2210.	2220.	0.0003630991
2220.	2230.	0.0003055618
2230.	2240.	0.0003326214
2240.	2250.	0.0003158903
2250.	2260.	0.0003243215
2260.	2270.	0.0003283394
2270.	2280.	0.0003490988
2280.	2290.	0.0003212544
2290.	2300.	0.0002718986
2300.	2310.	0.0002567224
2310.	2320.	0.0002689104
2320.	2330.	0.00027877
2330.	2340.	0.0002869376
2340.	2350.	0.000233216
2350.	2360.	0.0002893021
2360.	2370.	0.0002587718
2370.	2380.	0.000289945
2380.	2390.	0.0002681954
2390.	2400.	0.0002156355
2400.	2410.	0.0002710978
2410.	2420.	0.0002196686
2420.	2430.	0.0002333817
2430.	2440.	0.0002230179
2440.	2450.	0.0002287931
2450.	2460.	0.0001892958
2460.	2470.	0.0002168456
2470.	2480.	0.0001947053
2480.	2490.	0.0001882865
2490.	2500.	0.0001856649
2500.	2510.	0.0002077743
2510.	2520.	0.0001940308
2520.	2530.	0.0001979488
2530.	2540.	0.000186887
2540.	2550.	0.0001551658
2550.	2560.	0.0001462357
2560.	2570.	0.0001648784
2570.	2580.	0.000143742
2580.	2590.	0.0001588697
2590.	2600.	0.0001664286
2600.	2610.	0.0001348224
2610.	2620.	0.0001521206
2620.	2630.	0.0001419816
2630.	2640.	0.0001474622
2640.	2650.	0.0001455298
2650.	2660.	0.0001211019
2660.	2670.	0.0001524504
2670.	2680.	0.0001400105
2680.	2690.	0.000135476
2690.	2700.	0.0001175309
2700.	2710.	0.0001192297
2710.	2720.	0.0001076781
2720.	2730.	0.0001141158
2730.	2740.	0.0001144776
2740.	2750.	0.0001115101
2750.	2760.	0.0001139719
2760.	2770.	0.0001137044
2770.	2780.	0.0001097933
2780.	2790.	0.000118704
2790.	2800.	0.0001020319
2800.	2810.	0.00009053089
2810.	2820.	0.00008424137
2820.	2830.	0.00008200702
2830.	2840.	0.0001015788
2840.	2850.	0.00008261322
2850.	2860.	0.0000872
2860.	2870.	0.00008357963
2870.	2880.	0.00008952463
2880.	2890.	0.00009271039
2890.	2900.	0.00008019487
2900.	2910.	0.00008531097
2910.	2920.	0.00007730537
2920.	2930.	0.00007460522
2930.	2940.	0.00007233422
2940.	2950.	0.00007051617
2950.	2960.	0.00006727547
2960.	2970.	0.00006845065
2970.	2980.	0.00007464662
2980.	2990.	0.00005721045
2990.	3000.	0.00006769547
3000.	3010.	0.00005956954
3010.	3020.	0.00006407872
3020.	3030.	0.00006164507
3030.	3040.	0.00006009959
3040.	3050.	0.00006314822
3050.	3060.	0.00005389346
3060.	3070.	0.00005052297
3070.	3080.	0.00004984875
3080.	3090.	0.00005471703
3090.	3100.	0.0000514702
3100.	3110.	0.00004810543
3110.	3120.	0.00005035262
3120.	3130.	0.00004600547
3130.	3140.	0.00005509153
3140.	3150.	0.00004703318
3150.	3160.	0.00005055425
3160.	3170.	0.00004861675
3170.	3180.	0.00004113566
3180.	3190.	0.00004221278
3190.	3200.	0.00003715015
3200.	3210.	0.00004553305
3210.	3220.	0.00003990704
3220.	3230.	0.00004001722
3230.	3240.	0.00003823555
3240.	3250.	0.00003444298
3250.	3260.	0.00003158478
3260.	3270.	0.00004077802
3270.	3280.	0.00003650762
3280.	3290.	0.00003430696
3290.	3300.	0.00003067243
3300.	3310.	0.00003195292
3310.	3320.	0.00003555412
3320.	3330.	0.00003136965
3330.	3340.	0.00003116189
3340.	3350.	0.00002972727
3350.	3360.	0.00003125791
3360.	3370.	0.00002737668
3370.	3380.	0.00002461304
3380.	3390.	0.00002434004
3390.	3400.	0.00002784104
3400.	3410.	0.00002906769
3410.	3420.	0.00002503861
3420.	3430.	0.0000217978
3430.	3440.	0.00002742018
3440.	3450.	0.00002463128
3450.	3460.	0.00002590659
3460.	3470.	0.0000212843
3470.	3480.	0.00002242723
3480.	3490.	0.00002191693
3490.	3500.	0.00002260853
3500.	3510.	0.00001792592
3510.	3520.	0.00001877149
3520.	3530.	0.00002071284
3530.	3540.	0.00002146456
3540.	3550.	0.00001687134
3550.	3560.	0.00001681576
3560.	3570.	0.00001713092
3570.	3580.	0.00001614552
3580.	3590.	0.00001758105
3590.	3600.	0.00001462586
3600.	3610.	0.0000177646
3610.	3620.	0.00001639759
3620.	3630.	0.00001485905
3630.	3640.	0.00001575772
3640.	3650.	0.00001365189
3650.	3660.	0.00001423557
3660.	3670.	0.0000126223
3670.	3680.	0.00001203069
3680.	3690.	0.00001355774
3690.	3700.	0.00001210965
3700.	3710.	0.00001200649
3710.	3720.	0.00001062502
3720.	3730.	0.00001099904
3730.	3740.	0.00001250035
3740.	3750.	0.00001004369
3750.	3760.	0.00001091473
3760.	3770.	0.00001141334
3770.	3780.	0.00001182149
3780.	3790.	9.988484e-6
3790.	3800.	0.00001240728
3800.	3810.	9.998323e-6
3810.	3820.	9.29536e-6
3820.	3830.	9.069883e-6
3830.	3840.	0.00001105365
3840.	3850.	7.452433e-6
3850.	3860.	9.761464e-6
3860.	3870.	8.526463e-6
3870.	3880.	0.00001102474
3880.	3890.	7.843578e-6
3890.	3900.	7.928662e-6
3900.	3910.	7.061724e-6
3910.	3920.	5.957724e-6
3920.	3930.	6.516367e-6
3930.	3940.	6.947725e-6
3940.	3950.	7.538118e-6
3950.	3960.	5.848291e-6
3960.	3970.	6.321464e-6
3970.	3980.	6.043669e-6
3980.	3990.	5.411456e-6
3990.	4000.	5.867259e-6
4000.	4010.	6.939642e-6
4010.	4020.	5.344158e-6
4020.	4030.	5.887467e-6
4030.	4040.	4.963438e-6
4040.	4050.	5.990135e-6
4050.	4060.	5.848369e-6
4060.	4070.	5.067224e-6
4070.	4080.	3.996213e-6
4080.	4090.	5.076663e-6
4090.	4100.	4.698621e-6
4100.	4110.	4.578512e-6
4110.	4120.	4.116444e-6
4120.	4130.	4.596672e-6
4130.	4140.	3.469836e-6
4140.	4150.	3.888913e-6
4150.	4160.	4.071566e-6
4160.	4170.	3.365485e-6
4170.	4180.	3.914516e-6
4180.	4190.	3.274025e-6
4190.	4200.	3.58087e-6
4200.	4210.	2.916945e-6
4210.	4220.	3.52114e-6
4220.	4230.	2.837677e-6
4230.	4240.	2.586053e-6
4240.	4250.	3.045879e-6
4250.	4260.	2.635307e-6
4260.	4270.	2.760976e-6
4270.	4280.	2.487394e-6
4280.	4290.	2.762517e-6
4290.	4300.	2.531939e-6
4300.	4310.	3.026969e-6
4310.	4320.	2.684772e-6
4320.	4330.	2.20899e-6
4330.	4340.	1.958975e-6
4340.	4350.	2.218058e-6
4350.	4360.	1.869494e-6
4360.	4370.	1.915384e-6
4370.	4380.	2.369568e-6
4380.	4390.	2.23525e-6
4390.	4400.	1.270836e-6
4400.	4410.	1.647682e-6
4410.	4420.	1.98185e-6
4420.	4430.	1.636437e-6
4430.	4440.	1.424661e-6
4440.	4450.	1.342626e-6
4450.	4460.	1.293592e-6
4460.	4470.	1.641179e-6
4470.	4480.	1.5888e-6
4480.	4490.	1.332065e-6
4490.	4500.	1.518824e-6
4500.	4510.	1.094305e-6
4510.	4520.	9.949364e-7
4520.	4530.	1.037793e-6
4530.	4540.	9.413359e-7
4540.	4550.	1.011091e-6
4550.	4560.	8.614957e-7
4560.	4570.	7.450479e-7
4570.	4580.	8.129244e-7
4580.	4590.	6.225457e-7
4590.	4600.	7.675636e-7
4600.	4610.	7.318094e-7
4610.	4620.	6.726219e-7
4620.	4630.	5.660023e-7
4630.	4640.	7.280807e-7
4640.	4650.	7.907272e-7
4650.	4660.	5.204983e-7
4660.	4670.	3.973012e-7
4670.	4680.	5.996706e-7
4680.	4690.	6.603161e-7
4690.	4700.	5.845543e-7
4700.	4710.	4.878187e-7
4710.	4720.	3.728002e-7
4720.	4730.	4.547327e-7
4730.	4740.	3.21114e-7
4740.	4750.	2.9537e-7
4750.	4760.	3.749864e-7
4760.	4770.	4.524832e-7
4770.	4780.	2.842569e-7
4780.	4790.	1.203099e-7
4790.	4800.	2.377699e-7
4800.	4810.	2.542432e-7
4810.	4820.	1.934586e-7
4820.	4830.	2.484033e-7
4830.	4840.	2.074452e-7
4840.	4850.	2.422541e-7
4850.	4860.	1.655582e-7
4860.	4870.	1.271714e-7
4870.	4880.	2.691655e-7
4880.	4890.	1.5963e-7
4890.	4900.	7.01324e-8
4900.	4910.	6.930394e-8
4910.	4920.	5.114013e-8
4920.	4930.	1.695333e-8
4930.	4940.	0.
4940.	4950.	0.
4950.	4960.	0.
4960.	4970.	0.
4970.	4980.	3.190037e-8
4980.	4990.	0.
4990.	5000.	0.
5000.	5010.	0.
5010.	5020.	0.
5020.	5030.	0.
5030.	5040.	0.
5040.	5050.	0.
5050.	5060.	0.
5060.	5070.	0.
5070.	5080.	0.
5080.	5090.	0.
5090.	5100.	0.
5100.	5110.	0.
5110.	5120.	0.
5120.	5130.	0.
5130.	5140.	0.
5140.	5150.	0.
5150.	5160.	0.
5160.	5170.	0.
5170.	5180.	0.
5180.	5190.	0.
5190.	5200.	0.
5200.	5210.	0.
5210.	5220.	0.
5220.	5230.	0.
5230.	5240.	0.
5240.	5250.	0.
5250.	5260.	0.
5260.	5270.	0.
5270.	5280.	0.
5280.	5290.	0.
5290.	5300.	0.
5300.	5310.	0.
5310.	5320.	0.
5320.	5330.	0.
5330.	5340.	0.
5340.	5350.	0.
5350.	5360.	0.
5360.	5370.	0.
5370.	5380.	0.
5380.	5390.	0.
5390.	5400.	0.
5400.	5410.	0.
5410.	5420.	0.
5420.	5430.	0.
5430.	5440.	0.
5440.	5450.	0.
5450.	5460.	0.
5460.	5470.	0.
5470.	5480.	0.
5480.	5490.	0.
5490.	5500.	0.
5500.	5510.	0.
5510.	5520.	0.
5520.	5530.	0.
5530.	5540.	0.
5540.	5550.	0.
5550.	5560.	0.
5560.	5570.	0.
5570.	5580.	0.
5580.	5590.	0.
5590.	5600.	0.
5600.	5610.	0.
5610.	5620.	0.
5620.	5630.	0.
5630.	5640.	0.
5640.	5650.	0.
5650.	5660.	0.
5660.	5670.	0.
5670.	5680.	0.
5680.	5690.	0.
5690.	5700.	0.
5700.	5710.	0.
5710.	5720.	0.
5720.	5730.	0.
5730.	5740.	0.
5740.	5750.	0.
5750.	5760.	0.
5760.	5770.	0.
5770.	5780.	0.
5780.	5790.	0.
5790.	5800.	0.
5800.	5810.	0.
5810.	5820.	0.
5820.	5830.	0.
5830.	5840.	0.
5840.	5850.	0.
5850.	5860.	0.
5860.	5870.	0.
5870.	5880.	0.
5880.	5890.	0.
5890.	5900.	0.
5900.	5910.	0.
5910.	5920.	0.
5920.	5930.	0.
5930.	5940.	0.
5940.	5950.	0.
5950.	5960.	0.
5960.	5970.	0.
5970.	5980.	0.
5980.	5990.	0.
5990.	6000.	0.
6000.	6010.	0.
6010.	6020.	0.
6020.	6030.	0.
6030.	6040.	0.
6040.	6050.	0.
6050.	6060.	0.
6060.	6070.	0.
6070.	6080.	0.
6080.	6090.	0.
6090.	6100.	0.
6100.	6110.	0.
6110.	6120.	0.
6120.	6130.	0.
6130.	6140.	0.
6140.	6150.	0.
6150.	6160.	0.
6160.	6170.	0.
6170.	6180.	0.
6180.	6190.	0.
6190.	6200.	0.
6200.	6210.	0.
6210.	6220.	0.
6220.	6230.	0.
6230.	6240.	0.
6240.	6250.	0.
6250.	6260.	0.
6260.	6270.	0.
6270.	6280.	0.
6280.	6290.	0.
6290.	6300.	0.
6300.	6310.	0.
6310.	6320.	0.
6320.	6330.	0.
6330.	6340.	0.
6340.	6350.	0.
6350.	6360.	0.
6360.	6370.	0.
6370.	6380.	0.
6380.	6390.	0.
6390.	6400.	0.
6400.	6410.	0.
6410.	6420.	0.
6420.	6430.	0.
6430.	6440.	0.
6440.	6450.	0.
6450.	6460.	0.
6460.	6470.	0.
6470.	6480.	0.
6480.	6490.	0.
6490.	6500.	0.
6500.	6510.	0.
6510.	6520.	0.
6520.	6530.	0.
6530.	6540.	0.
6540.	6550.	0.
6550.	6560.	0.
6560.	6570.	0.
6570.	6580.	0.
6580.	6590.	0.
6590.	6600.	0.
6600.	6610.	0.
6610.	6620.	0.
6620.	6630.	0.
6630.	6640.	0.
6640.	6650.	0.
6650.	6660.	0.
6660.	6670.	0.
6670.	6680.	0.
6680.	6690.	0.
6690.	6700.	0.
6700.	6710.	0.
6710.	6720.	0.
6720.	6730.	0.
6730.	6740.	0.
6740.	6750.	0.
6750.	6760.	0.
6760.	6770.	0.
6770.	6780.	0.
6780.	6790.	0.
6790.	6800.	0.
6800.	6810.	0.
6810.	6820.	0.
6820.	6830.	0.
6830.	6840.	0.
6840.	6850.	0.
6850.	6860.	0.
6860.	6870.	0.
6870.	6880.	0.
6880.	6890.	0.
6890.	6900.	0.
6900.	6910.	0.
6910.	6920.	0.
6920.	6930.	0.
6930.	6940.	0.
6940.	6950.	0.
6950.	6960.	0.
6960.	6970.	0.
6970.	6980.	0.
6980.	6990.	0.
6990.	7000.	0.
7000.	7010.	0.
7010.	7020.	0.
7020.	7030.	0.
7030.	7040.	0.
7040.	7050.	0.
7050.	7060.	0.
7060.	7070.	0.
7070.	7080.	0.
7080.	7090.	0.
7090.	7100.	0.
7100.	7110.	0.
7110.	7120.	0.
7120.	7130.	0.
7130.	7140.	0.
7140.	7150.	0.
7150.	7160.	0.
7160.	7170.	0.
7170.	7180.	0.
7180.	7190.	0.
7190.	7200.	0.
7200.	7210.	0.
7210.	7220.	0.
7220.	7230.	0.
7230.	7240.	0.
7240.	7250.	0.
7250.	7260.	0.
7260.	7270.	0.
7270.	7280.	0.
7280.	7290.	0.
7290.	7300.	0.
7300.	7310.	0.
7310.	7320.	0.
7320.	7330.	0.
7330.	7340.	0.
7340.	7350.	0.
7350.	7360.	0.
7360.	7370.	0.
7370.	7380.	0.
7380.	7390.	0.
7390.	7400.	0.
7400.	7410.	0.
7410.	7420.	0.
7420.	7430.	0.
7430.	7440.	0.
7440.	7450.	0.
7450.	7460.	0.
7460.	7470.	0.
7470.	7480.	0.
7480.	7490.	0.
7490.	7500.	0.
7500.	7510.	0.
7510.	7520.	0.
7520.	7530.	0.
7530.	7540.	0.
7540.	7550.	0.
7550.	7560.	0.
7560.	7570.	0.
7570.	7580.	0.
7580.	7590.	0.
7590.	7600.	0.
7600.	7610.	0.
7610.	7620.	0.
7620.	7630.	0.
7630.	7640.	0.
7640.	7650.	0.
7650.	7660.	0.
7660.	7670.	0.
7670.	7680.	0.
7680.	7690.	0.
7690.	7700.	0.
7700.	7710.	0.
7710.	7720.	0.
7720.	7730.	0.
7730.	7740.	0.
7740.	7750.	0.
7750.	7760.	0.
7760.	7770.	0.
7770.	7780.	0.
7780.	7790.	0.
7790.	7800.	0.
7800.	7810.	0.
7810.	7820.	0.
7820.	7830.	0.
7830.	7840.	0.
7840.	7850.	0.
7850.	7860.	0.
7860.	7870.	0.
7870.	7880.	0.
7880.	7890.	0.
7890.	7900.	0.
7900.	7910.	0.
7910.	7920.	0.
7920.	7930.	0.
7930.	7940.	0.
7940.	7950.	0.
7950.	7960.	0.
7960.	7970.	0.
7970.	7980.	0.
7980.	7990.	0.
7990.	8000.	0.
8000.	8010.	0.
8010.	8020.	0.
8020.	8030.	0.
8030.	8040.	0.
8040.	8050.	0.
8050.	8060.	0.
8060.	8070.	0.
8070.	8080.	0.
8080.	8090.	0.
8090.	8100.	0.
8100.	8110.	0.
8110.	8120.	0.
8120.	8130.	0.
8130.	8140.	0.
8140.	8150.	0.
8150.	8160.	0.
8160.	8170.	0.
8170.	8180.	0.
8180.	8190.	0.
8190.	8200.	0.
8200.	8210.	0.
8210.	8220.	0.
8220.	8230.	0.
8230.	8240.	0.
8240.	8250.	0.
8250.	8260.	0.
8260.	8270.	0.
8270.	8280.	0.
8280.	8290.	0.
8290.	8300.	0.
8300.	8310.	0.
8310.	8320.	0.
8320.	8330.	0.
8330.	8340.	0.
8340.	8350.	0.
8350.	8360.	0.
8360.	8370.	0.
8370.	8380.	0.
8380.	8390.	0.
8390.	8400.	0.
8400.	8410.	0.
8410.	8420.	0.
8420.	8430.	0.
8430.	8440.	0.
8440.	8450.	0.
8450.	8460.	0.
8460.	8470.	0.
8470.	8480.	0.
8480.	8490.	0.
8490.	8500.	0.
8500.	8510.	0.
8510.	8520.	0.
8520.	8530.	0.
8530.	8540.	0.
8540.	8550.	0.
8550.	8560.	0.
8560.	8570.	0.
8570.	8580.	0.
8580.	8590.	0.
8590.	8600.	0.
8600.	8610.	0.
8610.	8620.	0.
8620.	8630.	0.
8630.	8640.	0.
8640.	8650.	0.
8650.	8660.	0.
8660.	8670.	0.
8670.	8680.	0.
8680.	8690.	0.
8690.	8700.	0.
8700.	8710.	0.
8710.	8720.	0.
8720.	8730.	0.
8730.	8740.	0.
8740.	8750.	0.
8750.	8760.	0.
8760.	8770.	0.
8770.	8780.	0.
8780.	8790.	0.
8790.	8800.	0.
8800.	8810.	0.
8810.	8820.	0.
8820.	8830.	0.
8830.	8840.	0.
8840.	8850.	0.
8850.	8860.	0.
8860.	8870.	0.
8870.	8880.	0.
8880.	8890.	0.
8890.	8900.	0.
8900.	8910.	0.
8910.	8920.	0.
8920.	8930.	0.
8930.	8940.	0.
8940.	8950.	0.
8950.	8960.	0.
8960.	8970.	0.
8970.	8980.	0.
8980.	8990.	0.
8990.	9000.	0.
9000.	9010.	0.
9010.	9020.	0.
9020.	9030.	0.
9030.	9040.	0.
9040.	9050.	0.
9050.	9060.	0.
9060.	9070.	0.
9070.	9080.	0.
9080.	9090.	0.
9090.	9100.	0.
9100.	9110.	0.
9110.	9120.	0.
9120.	9130.	0.
9130.	9140.	0.
9140.	9150.	0.
9150.	9160.	0.
9160.	9170.	0.
9170.	9180.	0.
9180.	9190.	0.
9190.	9200.	0.
9200.	9210.	0.
9210.	9220.	0.
9220.	9230.	0.
9230.	9240.	0.
9240.	9250.	0.
9250.	9260.	0.
9260.	9270.	0.
9270.	9280.	0.
9280.	9290.	0.
9290.	9300.	0.
9300.	9310.	0.
9310.	9320.	0.
9320.	9330.	0.
9330.	9340.	0.
9340.	9350.	0.
9350.	9360.	0.
9360.	9370.	0.
9370.	9380.	0.
9380.	9390.	0.
9390.	9400.	0.
9400.	9410.	0.
9410.	9420.	0.
9420.	9430.	0.
9430.	9440.	0.
9440.	9450.	0.
9450.	9460.	0.
9460.	9470.	0.
9470.	9480.	0.
9480.	9490.	0.
9490.	9500.	0.
9500.	9510.	0.
9510.	9520.	0.
9520.	9530.	0.
9530.	9540.	0.
9540.	9550.	0.
9550.	9560.	0.
9560.	9570.	0.
9570.	9580.	0.
9580.	9590.	0.
9590.	9600.	0.
9600.	9610.	0.
9610.	9620.	0.
9620.	9630.	0.
9630.	9640.	0.
9640.	9650.	0.
9650.	9660.	0.
9660.	9670.	0.
9670.	9680.	0.
9680.	9690.	0.
9690.	9700.	0.
9700.	9710.	0.
9710.	9720.	0.
9720.	9730.	0.
9730.	9740.	0.
9740.	9750.	0.
9750.	9760.	0.
9760.	9770.	0.
9770.	9780.	0.
9780.	9790.	0.
9790.	9800.	0.
9800.	9810.	0.
9810.	9820.	0.
9820.	9830.	0.
9830.	9840.	0.
9840.	9850.	0.
9850.	9860.	0.
9860.	9870.	0.
9870.	9880.	0.
9880.	9890.	0.
9890.	9900.	0.
9900.	9910.	0.
9910.	9920.	0.
9920.	9930.	0.
9930.	9940.	0.
9940.	9950.	0.
9950.	9960.	0.
9960.	9970.	0.
9970.	9980.	0.
9980.	9990.	0.
9990.	10000.	0.
10000.	10010.	0.