-10.5	-10.	0.
-10.	-9.5	0.
-9.5	-9.	0.
-9.	-8.5	0.
-8.5	-8.	0.
-8.	-7.5	0.
-7.5	-7.	0.
-7.	-6.5	0.
-6.5	-6.	0.
-6.	-5.5	0.
-5.5	-5.	0.
-5.	-4.5	0.
-4.5	-4.	0.
-4.	-3.5	0.
-3.5	-3.	0.
-3.	-2.5	3.081459
-2.5	-2.	10.76066
-2.	-1.5	14.15873
-1.5	-1.	16.97066
-1.	-0.5	18.67889
-0.5	0.	19.17086
0.	0.5	19.1415
0.5	1.	18.44906
1.	1.5	16.57318
1.5	2.	13.66282
2.	2.5	10.36531
2.5	3.	3.033885
3.	3.5	0.
3.5	4.	0.
4.	4.5	0.
4.5	5.	0.
5.	5.5	0.
5.5	6.	0.
6.	6.5	0.
6.5	7.	0.
7.	7.5	0.
7.5	8.	0.
8.	8.5	0.
8.5	9.	0.
9.	9.5	0.
9.5	10.	0.
10.	10.5	0.