-10.5	-10.	0.
-10.	-9.5	0.
-9.5	-9.	0.
-9.	-8.5	0.
-8.5	-8.	0.
-8.	-7.5	0.
-7.5	-7.	0.
-7.	-6.5	0.
-6.5	-6.	0.
-6.	-5.5	0.
-5.5	-5.	0.
-5.	-4.5	0.
-4.5	-4.	0.
-4.	-3.5	0.
-3.5	-3.	0.
-3.	-2.5	4.41796
-2.5	-2.	12.78753
-2.	-1.5	15.06561
-1.5	-1.	16.61307
-1.	-0.5	17.17578
-0.5	0.	17.08139
0.	0.5	17.08713
0.5	1.	17.00982
1.	1.5	16.21073
1.5	2.	14.57973
2.	2.5	11.99107
2.5	3.	4.131188
3.	3.5	0.
3.5	4.	0.
4.	4.5	0.
4.5	5.	0.
5.	5.5	0.
5.5	6.	0.
6.	6.5	0.
6.5	7.	0.
7.	7.5	0.
7.5	8.	0.
8.	8.5	0.
8.5	9.	0.
9.	9.5	0.
9.5	10.	0.
10.	10.5	0.