-10.	0.	0.
0.	10.	0.
10.	20.	0.
20.	30.	0.
30.	40.	0.
40.	50.	0.
50.	60.	0.
60.	70.	0.
70.	80.	0.
80.	90.	0.
90.	100.	0.
100.	110.	0.
110.	120.	0.
120.	130.	0.
130.	140.	0.
140.	150.	0.
150.	160.	0.
160.	170.	0.
170.	180.	0.
180.	190.	0.
190.	200.	0.
200.	210.	0.
210.	220.	0.
220.	230.	0.
230.	240.	0.
240.	250.	0.
250.	260.	0.
260.	270.	0.
270.	280.	0.
280.	290.	0.
290.	300.	0.
300.	310.	0.
310.	320.	0.
320.	330.	0.
330.	340.	0.
340.	350.	0.
350.	360.	0.
360.	370.	0.
370.	380.	0.
380.	390.	0.
390.	400.	0.
400.	410.	0.
410.	420.	0.
420.	430.	0.
430.	440.	0.
440.	450.	0.
450.	460.	0.
460.	470.	0.
470.	480.	0.
480.	490.	0.
490.	500.	0.
500.	510.	1.020691
510.	520.	1.183693
520.	530.	1.33898
530.	540.	1.449125
540.	550.	1.556644
550.	560.	1.662521
560.	570.	1.759699
570.	580.	1.791544
580.	590.	1.829627
590.	600.	1.922372
600.	610.	1.992465
610.	620.	1.987704
620.	630.	2.036129
630.	640.	2.008059
640.	650.	2.056648
650.	660.	2.043023
660.	670.	2.069123
670.	680.	2.068631
680.	690.	2.05714
690.	700.	2.062721
700.	710.	2.034488
710.	720.	2.020371
720.	730.	2.011506
730.	740.	1.985735
740.	750.	1.947816
750.	760.	1.918597
760.	770.	1.893318
770.	780.	1.877723
780.	790.	1.826344
790.	800.	1.855891
800.	810.	1.830284
810.	820.	1.81748
820.	830.	1.765608
830.	840.	1.744269
840.	850.	1.737538
850.	860.	1.690591
860.	870.	1.626408
870.	880.	1.615574
880.	890.	1.562061
890.	900.	1.56715
900.	910.	1.546302
910.	920.	1.533335
920.	930.	1.50034
930.	940.	1.462093
940.	950.	1.426144
950.	960.	1.411534
960.	970.	1.380182
970.	980.	1.348829
980.	990.	1.334548
990.	1000.	1.318625
1000.	1010.	1.27808
1010.	1020.	1.286123
1020.	1030.	1.251323
1030.	1040.	1.189602
1040.	1050.	1.1919
1050.	1060.	1.181723
1060.	1070.	1.155623
1070.	1080.	1.111959
1080.	1090.	1.09144
1090.	1100.	1.122793
1100.	1110.	1.064683
1110.	1120.	1.036942
1120.	1130.	1.017572
1130.	1140.	0.9955758
1140.	1150.	0.9844136
1150.	1160.	0.9637305
1160.	1170.	0.9578211
1170.	1180.	0.9391079
1180.	1190.	0.909889
1190.	1200.	0.9108739
1200.	1210.	0.8773871
1210.	1220.	0.8484965
1220.	1230.	0.8503022
1230.	1240.	0.8292909
1240.	1250.	0.8379909
1250.	1260.	0.8053248
1260.	1270.	0.7884173
1270.	1280.	0.7636305
1280.	1290.	0.7385154
1290.	1300.	0.757721
1300.	1310.	0.7278455
1310.	1320.	0.7061776
1320.	1330.	0.7352323
1330.	1340.	0.714221
1340.	1350.	0.6831965
1350.	1360.	0.6656323
1360.	1370.	0.6483965
1370.	1380.	0.6646474
1380.	1390.	0.6441285
1390.	1400.	0.6388757
1400.	1410.	0.6237738
1410.	1420.	0.5950474
1420.	1430.	0.5824078
1430.	1440.	0.5868398
1440.	1450.	0.5697681
1450.	1460.	0.5618889
1460.	1470.	0.5503983
1470.	1480.	0.5339832
1480.	1490.	0.5155983
1490.	1500.	0.5265964
1500.	1510.	0.5201945
1510.	1520.	0.4942587
1520.	1530.	0.4950794
1530.	1540.	0.4857228
1540.	1550.	0.4786643
1550.	1560.	0.4832606
1560.	1570.	0.457653
1570.	1580.	0.4527285
1580.	1590.	0.4561756
1590.	1600.	0.4494454
1600.	1610.	0.4230171
1610.	1620.	0.4343436
1620.	1630.	0.4190775
1630.	1640.	0.4143171
1640.	1650.	0.4089001
1650.	1660.	0.3937983
1660.	1670.	0.3923209
1670.	1680.	0.3910077
1680.	1690.	0.3806662
1690.	1700.	0.365236
1700.	1710.	0.3550586
1710.	1720.	0.3655643
1720.	1730.	0.3535813
1730.	1740.	0.3332265
1740.	1750.	0.3248548
1750.	1760.	0.3419265
1760.	1770.	0.3363454
1770.	1780.	0.3264963
1780.	1790.	0.3248548
1790.	1800.	0.3146775
1800.	1810.	0.325019
1810.	1820.	0.2985907
1820.	1830.	0.3058133
1830.	1840.	0.2976058
1840.	1850.	0.2839812
1850.	1860.	0.2889058
1860.	1870.	0.2833246
1870.	1880.	0.2711775
1880.	1890.	0.2736397
1890.	1900.	0.2572246
1900.	1910.	0.2787284
1910.	1920.	0.2734756
1920.	1930.	0.2690435
1930.	1940.	0.2613284
1940.	1950.	0.2481963
1950.	1960.	0.2591944
1960.	1970.	0.2431076
1970.	1980.	0.2394963
1980.	1990.	0.2321095
1990.	2000.	0.2452416
2000.	2010.	0.2247227
2010.	2020.	0.2216039
2020.	2030.	0.223902
2030.	2040.	0.2160227
2040.	2050.	0.2224246
2050.	2060.	0.2089642
2060.	2070.	0.2081435
2070.	2080.	0.2124114
2080.	2090.	0.2007567
2090.	2100.	0.1984586
2100.	2110.	0.1866397
2110.	2120.	0.1887737
2120.	2130.	0.1864755
2130.	2140.	0.1877887
2140.	2150.	0.1818793
2150.	2160.	0.1897586
2160.	2170.	0.1771189
2170.	2180.	0.1649718
2180.	2190.	0.1751491
2190.	2200.	0.1785963
2200.	2210.	0.1740001
2210.	2220.	0.1721944
2220.	2230.	0.1615246
2230.	2240.	0.1564359
2240.	2250.	0.1649718
2250.	2260.	0.1628378
2260.	2270.	0.1628378
2270.	2280.	0.1582416
2280.	2290.	0.1661208
2290.	2300.	0.1508548
2300.	2310.	0.1456019
2310.	2320.	0.1424831
2320.	2330.	0.1406774
2330.	2340.	0.1423189
2340.	2350.	0.1411699
2350.	2360.	0.1515114
2360.	2370.	0.1273812
2370.	2380.	0.1350963
2380.	2390.	0.1250831
2390.	2400.	0.1362453
2400.	2410.	0.1306642
2410.	2420.	0.1178604
2420.	2430.	0.1211434
2430.	2440.	0.1168755
2440.	2450.	0.1316491
2450.	2460.	0.1249189
2460.	2470.	0.1218
2470.	2480.	0.1234416
2480.	2490.	0.1127717
2490.	2500.	0.1132642
2500.	2510.	0.1089963
2510.	2520.	0.1060415
2520.	2530.	0.1025944
2530.	2540.	0.1063698
2540.	2550.	0.1144132
2550.	2560.	0.1034151
2560.	2570.	0.1050566
2570.	2580.	0.1044
2580.	2590.	0.09258117
2590.	2600.	0.1078472
2600.	2610.	0.09537173
2610.	2620.	0.1002963
2620.	2630.	0.09241701
2630.	2640.	0.09176041
2640.	2650.	0.101117
2650.	2660.	0.09274532
2660.	2670.	0.08732833
2670.	2680.	0.08962645
2680.	2690.	0.09126796
2690.	2700.	0.08683588
2700.	2710.	0.0907755
2710.	2720.	0.08437362
2720.	2730.	0.07977739
2730.	2740.	0.08798494
2740.	2750.	0.07830003
2750.	2760.	0.07797173
2760.	2770.	0.07682267
2770.	2780.	0.07452456
2780.	2790.	0.07731512
2790.	2800.	0.07813588
2800.	2810.	0.07616607
2810.	2820.	0.07534531
2820.	2830.	0.0737038
2830.	2840.	0.0730472
2840.	2850.	0.07501701
2850.	2860.	0.07550946
2860.	2870.	0.07386795
2870.	2880.	0.07009248
2880.	2890.	0.06451134
2890.	2900.	0.06582455
2900.	2910.	0.06812267
2910.	2920.	0.06992833
2920.	2930.	0.06122832
2930.	2940.	0.06451134
2940.	2950.	0.06664531
2950.	2960.	0.0579453
2960.	2970.	0.06631701
2970.	2980.	0.06122832
2980.	2990.	0.06057172
2990.	3000.	0.06254153
3000.	3010.	0.06221323
3010.	3020.	0.05942266
3020.	3030.	0.05531889
3030.	3040.	0.05925851
3040.	3050.	0.05893021
3050.	3060.	0.06188493
3060.	3070.	0.05055851
3070.	3080.	0.05039436
3080.	3090.	0.05187172
3090.	3100.	0.05302077
3100.	3110.	0.05105096
3110.	3120.	0.05252832
3120.	3130.	0.05318492
3130.	3140.	0.0499019
3140.	3150.	0.05023021
3150.	3160.	0.04661888
3160.	3170.	0.04596228
3170.	3180.	0.04908115
3180.	3190.	0.04497737
3190.	3200.	0.04629058
3200.	3210.	0.04760379
3210.	3220.	0.04563398
3220.	3230.	0.04415662
3230.	3240.	0.04530568
3240.	3250.	0.04317171
3250.	3260.	0.04317171
3260.	3270.	0.03939624
3270.	3280.	0.04514153
3280.	3290.	0.03791888
3290.	3300.	0.0408736
3300.	3310.	0.0412019
3310.	3320.	0.03594907
3320.	3330.	0.04202266
3330.	3340.	0.04579813
3340.	3350.	0.04169435
3350.	3360.	0.03956039
3360.	3370.	0.03627737
3370.	3380.	0.04038115
3380.	3390.	0.04070945
3390.	3400.	0.03545662
3400.	3410.	0.0412019
3410.	3420.	0.03627737
3420.	3430.	0.04103775
3430.	3440.	0.03512831
3440.	3450.	0.03102454
3450.	3460.	0.03594907
3460.	3470.	0.03480001
3470.	3480.	0.03627737
3480.	3490.	0.03266605
3490.	3500.	0.03759058
3500.	3510.	0.03430756
3510.	3520.	0.03529247
3520.	3530.	0.03545662
3530.	3540.	0.03118869
3540.	3550.	0.03184529
3550.	3560.	0.02823397
3560.	3570.	0.02971133
3570.	3580.	0.03151699
3580.	3590.	0.03053209
3590.	3600.	0.03463586
3600.	3610.	0.02905473
3610.	3620.	0.02872643
3620.	3630.	0.03266605
3630.	3640.	0.02971133
3640.	3650.	0.02757737
3650.	3660.	0.02396605
3660.	3670.	0.02757737
3670.	3680.	0.02626416
3680.	3690.	0.0244585
3690.	3700.	0.02495095
3700.	3710.	0.02806982
3710.	3720.	0.02577171
3720.	3730.	0.0238019
3730.	3740.	0.02626416
3740.	3750.	0.02330944
3750.	3760.	0.02593586
3760.	3770.	0.0238019
3770.	3780.	0.0247868
3780.	3790.	0.02347359
3790.	3800.	0.02642831
3800.	3810.	0.02692076
3810.	3820.	0.02298114
3820.	3830.	0.02117548
3830.	3840.	0.0238019
3840.	3850.	0.0241302
3850.	3860.	0.02248869
3860.	3870.	0.02363774
3870.	3880.	0.02068303
3880.	3890.	0.0238019
3890.	3900.	0.02133963
3900.	3910.	0.01920567
3910.	3920.	0.02068303
3920.	3930.	0.01986227
3930.	3940.	0.02248869
3940.	3950.	0.02199623
3950.	3960.	0.02265284
3960.	3970.	0.02314529
3970.	3980.	0.02232454
3980.	3990.	0.02117548
3990.	4000.	0.01904152
4000.	4010.	0.01986227
4010.	4020.	0.01772831
4020.	4030.	0.01822076
4030.	4040.	0.02035472
4040.	4050.	0.01657925
4050.	4060.	0.01789246
4060.	4070.	0.01789246
4070.	4080.	0.02051888
4080.	4090.	0.0167434
4090.	4100.	0.01411699
4100.	4110.	0.01526604
4110.	4120.	0.0164151
4120.	4130.	0.01838491
4130.	4140.	0.0167434
4140.	4150.	0.01625095
4150.	4160.	0.01559435
4160.	4170.	0.01838491
4170.	4180.	0.01543019
4180.	4190.	0.01510189
4190.	4200.	0.01690755
4200.	4210.	0.01904152
4210.	4220.	0.01625095
4220.	4230.	0.01543019
4230.	4240.	0.0164151
4240.	4250.	0.01526604
4250.	4260.	0.01740001
4260.	4270.	0.01346038
4270.	4280.	0.01329623
4280.	4290.	0.01313208
4290.	4300.	0.01247548
4300.	4310.	0.01625095
4310.	4320.	0.01477359
4320.	4330.	0.01444529
4330.	4340.	0.01329623
4340.	4350.	0.01411699
4350.	4360.	0.0160868
4360.	4370.	0.01329623
4370.	4380.	0.01493774
4380.	4390.	0.01280378
4390.	4400.	0.01083397
4400.	4410.	0.01263963
4410.	4420.	0.01181887
4420.	4430.	0.01362453
4430.	4440.	0.01050566
4440.	4450.	0.01346038
4450.	4460.	0.01263963
4460.	4470.	0.01214717
4470.	4480.	0.01329623
4480.	4490.	0.01001321
4490.	4500.	0.01116227
4500.	4510.	0.01280378
4510.	4520.	0.01001321
4520.	4530.	0.01181887
4530.	4540.	0.009520758
4540.	4550.	0.01149057
4550.	4560.	0.01329623
4560.	4570.	0.01198302
4570.	4580.	0.01132642
4580.	4590.	0.01083397
4590.	4600.	0.01001321
4600.	4610.	0.01165472
4610.	4620.	0.01132642
4620.	4630.	0.01149057
4630.	4640.	0.01001321
4640.	4650.	0.007386795
4650.	4660.	0.01050566
4660.	4670.	0.009356607
4670.	4680.	0.007715097
4680.	4690.	0.01378868
4690.	4700.	0.01181887
4700.	4710.	0.01083397
4710.	4720.	0.008371701
4720.	4730.	0.007550946
4730.	4740.	0.009028305
4740.	4750.	0.008043399
4750.	4760.	0.008700003
4760.	4770.	0.007386795
4770.	4780.	0.00984906
4780.	4790.	0.006073587
4790.	4800.	0.007058493
4800.	4810.	0.01083397
4810.	4820.	0.006730191
4820.	4830.	0.008700003
4830.	4840.	0.007879248
4840.	4850.	0.01017736
4850.	4860.	0.009028305
4860.	4870.	0.009192456
4870.	4880.	0.009356607
4880.	4890.	0.006073587
4890.	4900.	0.006401889
4900.	4910.	0.008700003
4910.	4920.	0.008371701
4920.	4930.	0.006730191
4930.	4940.	0.007222644
4940.	4950.	0.006894342
4950.	4960.	0.00820755
4960.	4970.	0.007058493
4970.	4980.	0.006073587
4980.	4990.	0.00820755
4990.	5000.	0.006237738
5000.	5010.	0.007058493
5010.	5020.	0.006730191
5020.	5030.	0.006073587
5030.	5040.	0.004760379
5040.	5050.	0.00656604
5050.	5060.	0.006401889
5060.	5070.	0.007550946
5070.	5080.	0.006401889
5080.	5090.	0.006401889
5090.	5100.	0.006237738
5100.	5110.	0.006237738
5110.	5120.	0.007550946
5120.	5130.	0.005416983
5130.	5140.	0.00656604
5140.	5150.	0.006730191
5150.	5160.	0.008371701
5160.	5170.	0.006073587
5170.	5180.	0.00656604
5180.	5190.	0.003447171
5190.	5200.	0.00328302
5200.	5210.	0.006401889
5210.	5220.	0.007879248
5220.	5230.	0.007386795
5230.	5240.	0.005252832
5240.	5250.	0.007386795
5250.	5260.	0.007058493
5260.	5270.	0.006073587
5270.	5280.	0.006237738
5280.	5290.	0.00492453
5290.	5300.	0.005581134
5300.	5310.	0.005745285
5310.	5320.	0.005416983
5320.	5330.	0.00656604
5330.	5340.	0.005581134
5340.	5350.	0.003611322
5350.	5360.	0.006401889
5360.	5370.	0.004596228
5370.	5380.	0.006401889
5380.	5390.	0.005416983
5390.	5400.	0.005088681
5400.	5410.	0.004596228
5410.	5420.	0.004432077
5420.	5430.	0.004267926
5430.	5440.	0.005745285
5440.	5450.	0.003118869
5450.	5460.	0.004760379
5460.	5470.	0.005252832
5470.	5480.	0.005252832
5480.	5490.	0.005581134
5490.	5500.	0.003939624
5500.	5510.	0.004267926
5510.	5520.	0.00492453
5520.	5530.	0.004103775
5530.	5540.	0.003775473
5540.	5550.	0.004432077
5550.	5560.	0.00492453
5560.	5570.	0.003118869
5570.	5580.	0.005416983
5580.	5590.	0.005252832
5590.	5600.	0.004596228
5600.	5610.	0.003447171
5610.	5620.	0.004103775
5620.	5630.	0.003118869
5630.	5640.	0.003611322
5640.	5650.	0.003775473
5650.	5660.	0.004432077
5660.	5670.	0.005088681
5670.	5680.	0.004760379
5680.	5690.	0.004432077
5690.	5700.	0.003447171
5700.	5710.	0.004103775
5710.	5720.	0.004596228
5720.	5730.	0.004103775
5730.	5740.	0.003939624
5740.	5750.	0.004103775
5750.	5760.	0.002790567
5760.	5770.	0.003611322
5770.	5780.	0.002954718
5780.	5790.	0.005088681
5790.	5800.	0.001805661
5800.	5810.	0.004103775
5810.	5820.	0.002790567
5820.	5830.	0.002626416
5830.	5840.	0.002790567
5840.	5850.	0.002626416
5850.	5860.	0.00328302
5860.	5870.	0.003118869
5870.	5880.	0.002626416
5880.	5890.	0.00328302
5890.	5900.	0.004103775
5900.	5910.	0.003775473
5910.	5920.	0.002954718
5920.	5930.	0.00328302
5930.	5940.	0.004267926
5940.	5950.	0.00328302
5950.	5960.	0.002298114
5960.	5970.	0.002626416
5970.	5980.	0.002298114
5980.	5990.	0.001969812
5990.	6000.	0.003118869
6000.	6010.	0.00328302
6010.	6020.	0.002298114
6020.	6030.	0.004103775
6030.	6040.	0.002298114
6040.	6050.	0.00164151
6050.	6060.	0.001805661
6060.	6070.	0.002298114
6070.	6080.	0.002790567
6080.	6090.	0.002790567
6090.	6100.	0.001477359
6100.	6110.	0.002954718
6110.	6120.	0.002626416
6120.	6130.	0.00328302
6130.	6140.	0.002133963
6140.	6150.	0.003118869
6150.	6160.	0.002790567
6160.	6170.	0.001477359
6170.	6180.	0.002298114
6180.	6190.	0.002133963
6190.	6200.	0.00164151
6200.	6210.	0.002626416
6210.	6220.	0.003118869
6220.	6230.	0.002954718
6230.	6240.	0.002133963
6240.	6250.	0.001969812
6250.	6260.	0.002626416
6260.	6270.	0.001313208
6270.	6280.	0.001805661
6280.	6290.	0.002626416
6290.	6300.	0.001313208
6300.	6310.	0.002462265
6310.	6320.	0.002462265
6320.	6330.	0.001805661
6330.	6340.	0.001149057
6340.	6350.	0.001313208
6350.	6360.	0.00164151
6360.	6370.	0.002133963
6370.	6380.	0.001805661
6380.	6390.	0.001805661
6390.	6400.	0.001477359
6400.	6410.	0.002462265
6410.	6420.	0.001477359
6420.	6430.	0.001477359
6430.	6440.	0.001313208
6440.	6450.	0.002298114
6450.	6460.	0.002462265
6460.	6470.	0.001805661
6470.	6480.	0.000984906
6480.	6490.	0.001969812
6490.	6500.	0.002298114
6500.	6510.	0.001805661
6510.	6520.	0.000984906
6520.	6530.	0.001477359
6530.	6540.	0.00164151
6540.	6550.	0.001477359
6550.	6560.	0.001313208
6560.	6570.	0.001149057
6570.	6580.	0.001477359
6580.	6590.	0.000656604
6590.	6600.	0.002133963
6600.	6610.	0.001805661
6610.	6620.	0.002790567
6620.	6630.	0.001477359
6630.	6640.	0.001313208
6640.	6650.	0.001313208
6650.	6660.	0.001805661
6660.	6670.	0.000656604
6670.	6680.	0.001313208
6680.	6690.	0.000820755
6690.	6700.	0.001149057
6700.	6710.	0.001969812
6710.	6720.	0.001805661
6720.	6730.	0.00164151
6730.	6740.	0.00164151
6740.	6750.	0.00164151
6750.	6760.	0.001313208
6760.	6770.	0.001477359
6770.	6780.	0.001805661
6780.	6790.	0.001313208
6790.	6800.	0.001805661
6800.	6810.	0.001969812
6810.	6820.	0.002133963
6820.	6830.	0.001969812
6830.	6840.	0.000820755
6840.	6850.	0.001477359
6850.	6860.	0.00164151
6860.	6870.	0.000820755
6870.	6880.	0.000328302
6880.	6890.	0.001149057
6890.	6900.	0.001969812
6900.	6910.	0.001149057
6910.	6920.	0.000984906
6920.	6930.	0.000820755
6930.	6940.	0.00164151
6940.	6950.	0.001149057
6950.	6960.	0.000656604
6960.	6970.	0.001313208
6970.	6980.	0.000820755
6980.	6990.	0.001477359
6990.	7000.	0.000656604
7000.	7010.	0.000984906
7010.	7020.	0.000492453
7020.	7030.	0.000656604
7030.	7040.	0.000820755
7040.	7050.	0.000820755
7050.	7060.	0.000656604
7060.	7070.	0.000820755
7070.	7080.	0.001313208
7080.	7090.	0.000492453
7090.	7100.	0.001149057
7100.	7110.	0.000984906
7110.	7120.	0.000984906
7120.	7130.	0.000984906
7130.	7140.	0.000820755
7140.	7150.	0.001149057
7150.	7160.	0.000984906
7160.	7170.	0.000328302
7170.	7180.	0.001477359
7180.	7190.	0.000656604
7190.	7200.	0.001149057
7200.	7210.	0.000820755
7210.	7220.	0.000656604
7220.	7230.	0.001313208
7230.	7240.	0.000984906
7240.	7250.	0.001149057
7250.	7260.	0.000820755
7260.	7270.	0.000328302
7270.	7280.	0.001477359
7280.	7290.	0.001149057
7290.	7300.	0.000492453
7300.	7310.	0.001149057
7310.	7320.	0.000820755
7320.	7330.	0.000984906
7330.	7340.	0.000984906
7340.	7350.	0.000492453
7350.	7360.	0.001477359
7360.	7370.	0.000328302
7370.	7380.	0.000492453
7380.	7390.	0.001149057
7390.	7400.	0.000328302
7400.	7410.	0.000492453
7410.	7420.	0.000656604
7420.	7430.	0.000328302
7430.	7440.	0.000492453
7440.	7450.	0.000328302
7450.	7460.	0.000164151
7460.	7470.	0.000984906
7470.	7480.	0.000984906
7480.	7490.	0.000656604
7490.	7500.	0.000492453
7500.	7510.	0.000492453
7510.	7520.	0.000492453
7520.	7530.	0.000492453
7530.	7540.	0.000984906
7540.	7550.	0.000820755
7550.	7560.	0.000984906
7560.	7570.	0.000984906
7570.	7580.	0.000328302
7580.	7590.	0.000164151
7590.	7600.	0.000820755
7600.	7610.	0.
7610.	7620.	0.000164151
7620.	7630.	0.000656604
7630.	7640.	0.000492453
7640.	7650.	0.000820755
7650.	7660.	0.000164151
7660.	7670.	0.000164151
7670.	7680.	0.000656604
7680.	7690.	0.000656604
7690.	7700.	0.000820755
7700.	7710.	0.000984906
7710.	7720.	0.000164151
7720.	7730.	0.000656604
7730.	7740.	0.000656604
7740.	7750.	0.000492453
7750.	7760.	0.000164151
7760.	7770.	0.000820755
7770.	7780.	0.000328302
7780.	7790.	0.000656604
7790.	7800.	0.000656604
7800.	7810.	0.000820755
7810.	7820.	0.000492453
7820.	7830.	0.000820755
7830.	7840.	0.000656604
7840.	7850.	0.000164151
7850.	7860.	0.000984906
7860.	7870.	0.000164151
7870.	7880.	0.000164151
7880.	7890.	0.000164151
7890.	7900.	0.
7900.	7910.	0.000820755
7910.	7920.	0.000492453
7920.	7930.	0.000492453
7930.	7940.	0.000820755
7940.	7950.	0.000492453
7950.	7960.	0.000492453
7960.	7970.	0.000820755
7970.	7980.	0.000164151
7980.	7990.	0.000328302
7990.	8000.	0.000328302
8000.	8010.	0.000492453
8010.	8020.	0.000492453
8020.	8030.	0.
8030.	8040.	0.000164151
8040.	8050.	0.000328302
8050.	8060.	0.000328302
8060.	8070.	0.000328302
8070.	8080.	0.000164151
8080.	8090.	0.000164151
8090.	8100.	0.000656604
8100.	8110.	0.000164151
8110.	8120.	0.000656604
8120.	8130.	0.000328302
8130.	8140.	0.000164151
8140.	8150.	0.000492453
8150.	8160.	0.000492453
8160.	8170.	0.000820755
8170.	8180.	0.000164151
8180.	8190.	0.000164151
8190.	8200.	0.000656604
8200.	8210.	0.000164151
8210.	8220.	0.000492453
8220.	8230.	0.
8230.	8240.	0.000164151
8240.	8250.	0.000164151
8250.	8260.	0.000164151
8260.	8270.	0.000328302
8270.	8280.	0.000328302
8280.	8290.	0.000164151
8290.	8300.	0.000656604
8300.	8310.	0.
8310.	8320.	0.000328302
8320.	8330.	0.000656604
8330.	8340.	0.000328302
8340.	8350.	0.000492453
8350.	8360.	0.000328302
8360.	8370.	0.
8370.	8380.	0.000492453
8380.	8390.	0.000656604
8390.	8400.	0.000492453
8400.	8410.	0.
8410.	8420.	0.
8420.	8430.	0.001149057
8430.	8440.	0.
8440.	8450.	0.000328302
8450.	8460.	0.000328302
8460.	8470.	0.
8470.	8480.	0.
8480.	8490.	0.000164151
8490.	8500.	0.000492453
8500.	8510.	0.
8510.	8520.	0.000164151
8520.	8530.	0.
8530.	8540.	0.000164151
8540.	8550.	0.
8550.	8560.	0.000328302
8560.	8570.	0.000492453
8570.	8580.	0.000492453
8580.	8590.	0.
8590.	8600.	0.000164151
8600.	8610.	0.000164151
8610.	8620.	0.
8620.	8630.	0.
8630.	8640.	0.000328302
8640.	8650.	0.000492453
8650.	8660.	0.000328302
8660.	8670.	0.000328302
8670.	8680.	0.000164151
8680.	8690.	0.000328302
8690.	8700.	0.000164151
8700.	8710.	0.000164151
8710.	8720.	0.
8720.	8730.	0.
8730.	8740.	0.000164151
8740.	8750.	0.000164151
8750.	8760.	0.
8760.	8770.	0.000328302
8770.	8780.	0.000164151
8780.	8790.	0.
8790.	8800.	0.
8800.	8810.	0.000492453
8810.	8820.	0.000328302
8820.	8830.	0.000328302
8830.	8840.	0.
8840.	8850.	0.
8850.	8860.	0.000164151
8860.	8870.	0.000492453
8870.	8880.	0.000164151
8880.	8890.	0.000328302
8890.	8900.	0.000164151
8900.	8910.	0.000492453
8910.	8920.	0.000164151
8920.	8930.	0.
8930.	8940.	0.000492453
8940.	8950.	0.
8950.	8960.	0.000164151
8960.	8970.	0.000164151
8970.	8980.	0.000164151
8980.	8990.	0.000164151
8990.	9000.	0.000328302
9000.	9010.	0.
9010.	9020.	0.000328302
9020.	9030.	0.
9030.	9040.	0.
9040.	9050.	0.000164151
9050.	9060.	0.
9060.	9070.	0.000328302
9070.	9080.	0.
9080.	9090.	0.
9090.	9100.	0.000164151
9100.	9110.	0.
9110.	9120.	0.000164151
9120.	9130.	0.000164151
9130.	9140.	0.000164151
9140.	9150.	0.000328302
9150.	9160.	0.
9160.	9170.	0.
9170.	9180.	0.
9180.	9190.	0.000164151
9190.	9200.	0.000164151
9200.	9210.	0.000164151
9210.	9220.	0.000492453
9220.	9230.	0.000328302
9230.	9240.	0.000164151
9240.	9250.	0.
9250.	9260.	0.000164151
9260.	9270.	0.
9270.	9280.	0.000328302
9280.	9290.	0.
9290.	9300.	0.
9300.	9310.	0.
9310.	9320.	0.
9320.	9330.	0.
9330.	9340.	0.000164151
9340.	9350.	0.
9350.	9360.	0.
9360.	9370.	0.
9370.	9380.	0.
9380.	9390.	0.
9390.	9400.	0.
9400.	9410.	0.
9410.	9420.	0.
9420.	9430.	0.000164151
9430.	9440.	0.
9440.	9450.	0.
9450.	9460.	0.000164151
9460.	9470.	0.
9470.	9480.	0.000164151
9480.	9490.	0.
9490.	9500.	0.
9500.	9510.	0.
9510.	9520.	0.
9520.	9530.	0.
9530.	9540.	0.
9540.	9550.	0.000164151
9550.	9560.	0.000328302
9560.	9570.	0.
9570.	9580.	0.
9580.	9590.	0.
9590.	9600.	0.000328302
9600.	9610.	0.
9610.	9620.	0.000164151
9620.	9630.	0.000164151
9630.	9640.	0.000164151
9640.	9650.	0.000164151
9650.	9660.	0.
9660.	9670.	0.
9670.	9680.	0.000164151
9680.	9690.	0.
9690.	9700.	0.
9700.	9710.	0.000164151
9710.	9720.	0.
9720.	9730.	0.
9730.	9740.	0.
9740.	9750.	0.000164151
9750.	9760.	0.
9760.	9770.	0.
9770.	9780.	0.
9780.	9790.	0.
9790.	9800.	0.
9800.	9810.	0.
9810.	9820.	0.
9820.	9830.	0.
9830.	9840.	0.
9840.	9850.	0.
9850.	9860.	0.
9860.	9870.	0.
9870.	9880.	0.
9880.	9890.	0.
9890.	9900.	0.
9900.	9910.	0.
9910.	9920.	0.
9920.	9930.	0.
9930.	9940.	0.
9940.	9950.	0.
9950.	9960.	0.
9960.	9970.	0.
9970.	9980.	0.
9980.	9990.	0.
9990.	10000.	0.
10000.	10010.	0.