-10.	0.	0.
0.	10.	0.
10.	20.	0.
20.	30.	0.
30.	40.	0.
40.	50.	0.
50.	60.	0.
60.	70.	0.
70.	80.	0.
80.	90.	0.
90.	100.	0.
100.	110.	0.
110.	120.	0.
120.	130.	0.
130.	140.	0.
140.	150.	0.
150.	160.	0.
160.	170.	0.
170.	180.	0.
180.	190.	0.
190.	200.	0.
200.	210.	0.
210.	220.	0.
220.	230.	0.
230.	240.	0.
240.	250.	0.
250.	260.	0.
260.	270.	0.
270.	280.	0.
280.	290.	0.
290.	300.	0.
300.	310.	0.
310.	320.	0.
320.	330.	0.
330.	340.	0.
340.	350.	0.
350.	360.	0.
360.	370.	0.
370.	380.	0.
380.	390.	0.
390.	400.	0.
400.	410.	0.
410.	420.	0.
420.	430.	0.
430.	440.	0.
440.	450.	0.
450.	460.	0.
460.	470.	0.
470.	480.	0.
480.	490.	0.
490.	500.	0.
500.	510.	1.619333
510.	520.	1.786035
520.	530.	2.023846
530.	540.	2.153717
540.	550.	2.271877
550.	560.	2.368322
560.	570.	2.474986
570.	580.	2.555889
580.	590.	2.639559
590.	600.	2.647649
600.	610.	2.685333
610.	620.	2.700875
620.	630.	2.743242
630.	640.	2.795403
640.	650.	2.738558
650.	660.	2.767513
660.	670.	2.737494
670.	680.	2.731107
680.	690.	2.737068
690.	700.	2.675114
700.	710.	2.699172
710.	720.	2.660849
720.	730.	2.627424
730.	740.	2.617417
740.	750.	2.55525
750.	760.	2.502024
760.	770.	2.49074
770.	780.	2.485205
780.	790.	2.474986
790.	800.	2.397489
800.	810.	2.401109
810.	820.	2.356186
820.	830.	2.275922
830.	840.	2.228658
840.	850.	2.196936
850.	860.	2.200342
860.	870.	2.09964
870.	880.	2.13711
880.	890.	2.061743
890.	900.	1.987866
900.	910.	2.003408
910.	920.	1.935918
920.	930.	1.918247
930.	940.	1.846286
940.	950.	1.879286
950.	960.	1.789654
960.	970.	1.793274
970.	980.	1.747074
980.	990.	1.729829
990.	1000.	1.667661
1000.	1010.	1.626571
1010.	1020.	1.610391
1020.	1030.	1.580797
1030.	1040.	1.562275
1040.	1050.	1.496275
1050.	1060.	1.48712
1060.	1070.	1.451779
1070.	1080.	1.467959
1080.	1090.	1.406856
1090.	1100.	1.373857
1100.	1110.	1.310199
1110.	1120.	1.357463
1120.	1130.	1.307218
1130.	1140.	1.255696
1140.	1150.	1.29487
1150.	1160.	1.193954
1160.	1170.	1.196083
1170.	1180.	1.159464
1180.	1190.	1.146903
1190.	1200.	1.113477
1200.	1210.	1.122419
1210.	1220.	1.087929
1220.	1230.	1.054504
1230.	1240.	1.058762
1240.	1250.	1.025975
1250.	1260.	1.025123
1260.	1270.	0.9916975
1270.	1280.	0.9740266
1280.	1290.	0.9740266
1290.	1300.	0.9454978
1300.	1310.	0.9242076
1310.	1320.	0.9312333
1320.	1330.	0.8969561
1330.	1340.	0.9110077
1340.	1350.	0.851608
1350.	1360.	0.8616144
1360.	1370.	0.8381952
1370.	1380.	0.7922083
1380.	1390.	0.8011502
1390.	1400.	0.8047696
1400.	1410.	0.7683633
1410.	1420.	0.7502666
1420.	1430.	0.749415
1430.	1440.	0.7387699
1440.	1450.	0.7202475
1450.	1460.	0.6932089
1460.	1470.	0.6998089
1470.	1480.	0.6902283
1480.	1490.	0.6742606
1490.	1500.	0.6508414
1500.	1510.	0.6382802
1510.	1520.	0.6493511
1520.	1530.	0.6093255
1530.	1540.	0.608261
1540.	1550.	0.6022998
1550.	1560.	0.5912289
1560.	1570.	0.5933579
1570.	1580.	0.5477968
1580.	1590.	0.5758999
1590.	1600.	0.5484356
1600.	1610.	0.540984
1610.	1620.	0.5416227
1620.	1630.	0.5271454
1630.	1640.	0.5111777
1640.	1650.	0.4979778
1650.	1660.	0.4892488
1660.	1670.	0.4875456
1670.	1680.	0.4809456
1680.	1690.	0.4615715
1690.	1700.	0.4630618
1700.	1710.	0.4602941
1710.	1720.	0.4462426
1720.	1730.	0.4398555
1730.	1740.	0.4402813
1740.	1750.	0.4189911
1750.	1760.	0.4243137
1760.	1770.	0.39983
1770.	1780.	0.4034493
1780.	1790.	0.3942945
1790.	1800.	0.3994042
1800.	1810.	0.3915268
1810.	1820.	0.3942945
1820.	1830.	0.3774752
1830.	1840.	0.3600173
1840.	1850.	0.3544818
1850.	1860.	0.3557592
1860.	1870.	0.3557592
1870.	1880.	0.3563979
1880.	1890.	0.3436238
1890.	1900.	0.3406432
1900.	1910.	0.3353206
1910.	1920.	0.33894
1920.	1930.	0.3246755
1930.	1940.	0.3131788
1940.	1950.	0.3082821
1950.	1960.	0.3035983
1960.	1970.	0.3033853
1970.	1980.	0.2918886
1980.	1990.	0.2950822
1990.	2000.	0.2865661
2000.	2010.	0.2880564
2010.	2020.	0.2884822
2020.	2030.	0.2908241
2030.	2040.	0.2812435
2040.	2050.	0.2614437
2050.	2060.	0.2546308
2060.	2070.	0.2697468
2070.	2080.	0.2505857
2080.	2090.	0.2448373
2090.	2100.	0.2591017
2100.	2110.	0.2529276
2110.	2120.	0.236747
2120.	2130.	0.241218
2130.	2140.	0.2337664
2140.	2150.	0.2329148
2150.	2160.	0.2222697
2160.	2170.	0.2241858
2170.	2180.	0.2122633
2180.	2190.	0.210773
2190.	2200.	0.2246116
2200.	2210.	0.2088569
2210.	2220.	0.212902
2220.	2230.	0.2152439
2230.	2240.	0.2118375
2240.	2250.	0.2090698
2250.	2260.	0.1950182
2260.	2270.	0.1962956
2270.	2280.	0.1882054
2280.	2290.	0.1867151
2290.	2300.	0.1790506
2300.	2310.	0.1894828
2310.	2320.	0.1762829
2320.	2330.	0.1873538
2330.	2340.	0.1807538
2340.	2350.	0.1692571
2350.	2360.	0.1690442
2360.	2370.	0.1705345
2370.	2380.	0.1624442
2380.	2390.	0.164999
2390.	2400.	0.1686184
2400.	2410.	0.1637216
2410.	2420.	0.1483927
2420.	2430.	0.1496701
2430.	2440.	0.1603152
2440.	2450.	0.1507346
2450.	2460.	0.1601023
2460.	2470.	0.1424314
2470.	2480.	0.1443476
2480.	2490.	0.1488185
2490.	2500.	0.139025
2500.	2510.	0.1394508
2510.	2520.	0.139025
2520.	2530.	0.1294444
2530.	2540.	0.1268896
2540.	2550.	0.126038
2550.	2560.	0.1283799
2560.	2570.	0.1192251
2570.	2580.	0.1166703
2580.	2590.	0.1360444
2590.	2600.	0.1230574
2600.	2610.	0.1264638
2610.	2620.	0.1205025
2620.	2630.	0.1226316
2630.	2640.	0.1185864
2640.	2650.	0.1158187
2650.	2660.	0.1104961
2660.	2670.	0.1045349
2670.	2680.	0.1073026
2680.	2690.	0.1004897
2690.	2700.	0.1092187
2700.	2710.	0.1066639
2710.	2720.	0.1079413
2720.	2730.	0.1015543
2730.	2740.	0.102193
2740.	2750.	0.095593
2750.	2760.	0.1032575
2760.	2770.	0.1017672
2770.	2780.	0.095593
2780.	2790.	0.09112206
2790.	2800.	0.09346398
2800.	2810.	0.09027045
2810.	2820.	0.08835433
2820.	2830.	0.08984464
2830.	2840.	0.08132856
2840.	2850.	0.08409629
2850.	2860.	0.08963174
2860.	2870.	0.08792853
2870.	2880.	0.08686402
2880.	2890.	0.0849479
2890.	2900.	0.08196727
2900.	2910.	0.08005115
2910.	2920.	0.07983825
2920.	2930.	0.08132856
2930.	2940.	0.06919315
2940.	2950.	0.07153507
2950.	2960.	0.07345119
2960.	2970.	0.07834794
2970.	2980.	0.0743028
2980.	2990.	0.07047056
2990.	3000.	0.07536731
3000.	3010.	0.0749415
3010.	3020.	0.06961895
3020.	3030.	0.06834154
3030.	3040.	0.06876735
3040.	3050.	0.06472221
3050.	3060.	0.06493511
3060.	3070.	0.06514801
3070.	3080.	0.06152868
3080.	3090.	0.06876735
3090.	3100.	0.0634448
3100.	3110.	0.07025766
3110.	3120.	0.0634448
3120.	3130.	0.06472221
3130.	3140.	0.05833515
3140.	3150.	0.0636577
3150.	3160.	0.05705774
3160.	3170.	0.05641903
3170.	3180.	0.05578032
3180.	3190.	0.05812225
3190.	3200.	0.05429001
3200.	3210.	0.05407711
3210.	3220.	0.05663193
3220.	3230.	0.05152228
3230.	3240.	0.04960617
3240.	3250.	0.05748354
3250.	3260.	0.05258679
3260.	3270.	0.04960617
3270.	3280.	0.05173519
3280.	3290.	0.05003197
3290.	3300.	0.0534384
3300.	3310.	0.05194809
3310.	3320.	0.0536513
3320.	3330.	0.04939326
3330.	3340.	0.04343201
3340.	3350.	0.04939326
3350.	3360.	0.04556103
3360.	3370.	0.0423675
3370.	3380.	0.05514162
3380.	3390.	0.04960617
3390.	3400.	0.04385781
3400.	3410.	0.04321911
3410.	3420.	0.04769005
3420.	3430.	0.04470942
3430.	3440.	0.04492232
3440.	3450.	0.0430062
3450.	3460.	0.0423675
3460.	3470.	0.0430062
3470.	3480.	0.04151589
3480.	3490.	0.03938687
3490.	3500.	0.04023848
3500.	3510.	0.04045138
3510.	3520.	0.03534173
3520.	3530.	0.03789656
3530.	3540.	0.03959977
3540.	3550.	0.03747075
3550.	3560.	0.04513522
3560.	3570.	0.0425804
3570.	3580.	0.04023848
3580.	3590.	0.03598044
3590.	3600.	0.03619334
3600.	3610.	0.03704495
3610.	3620.	0.03534173
3620.	3630.	0.03363852
3630.	3640.	0.03449012
3640.	3650.	0.03534173
3650.	3660.	0.02959338
3660.	3670.	0.03321271
3670.	3680.	0.02831597
3680.	3690.	0.03406432
3690.	3700.	0.0323611
3700.	3710.	0.03108369
3710.	3720.	0.03087079
3720.	3730.	0.03683205
3730.	3740.	0.03342561
3740.	3750.	0.03491593
3750.	3760.	0.02767726
3760.	3770.	0.03342561
3770.	3780.	0.02639985
3780.	3790.	0.03257401
3790.	3800.	0.02767726
3800.	3810.	0.03023208
3810.	3820.	0.02831597
3820.	3830.	0.02618695
3830.	3840.	0.02874177
3840.	3850.	0.0323611
3850.	3860.	0.02576114
3860.	3870.	0.02278051
3870.	3880.	0.02554824
3880.	3890.	0.03087079
3890.	3900.	0.02852887
3900.	3910.	0.03001918
3910.	3920.	0.02682565
3920.	3930.	0.02895467
3930.	3940.	0.02618695
3940.	3950.	0.021716
3950.	3960.	0.02448373
3960.	3970.	0.02597404
3970.	3980.	0.02256761
3980.	3990.	0.02661275
3990.	4000.	0.02320632
4000.	4010.	0.02639985
4010.	4020.	0.02214181
4020.	4030.	0.02341922
4030.	4040.	0.02341922
4040.	4050.	0.02214181
4050.	4060.	0.02065149
4060.	4070.	0.02214181
4070.	4080.	0.0210773
4080.	4090.	0.02427083
4090.	4100.	0.02469663
4100.	4110.	0.01873538
4110.	4120.	0.02065149
4120.	4130.	0.01788377
4130.	4140.	0.01809667
4140.	4150.	0.02214181
4150.	4160.	0.01745796
4160.	4170.	0.01681926
4170.	4180.	0.0210773
4180.	4190.	0.0210773
4190.	4200.	0.0210773
4200.	4210.	0.01852247
4210.	4220.	0.01916118
4220.	4230.	0.01383863
4230.	4240.	0.01681926
4240.	4250.	0.01916118
4250.	4260.	0.02278051
4260.	4270.	0.01745796
4270.	4280.	0.02022569
4280.	4290.	0.01830957
4290.	4300.	0.01405153
4300.	4310.	0.01788377
4310.	4320.	0.01575475
4320.	4330.	0.01639345
4330.	4340.	0.01511604
4340.	4350.	0.01618055
4350.	4360.	0.01426443
4360.	4370.	0.01426443
4370.	4380.	0.01681926
4380.	4390.	0.01660636
4390.	4400.	0.01554185
4400.	4410.	0.01660636
4410.	4420.	0.01319992
4420.	4430.	0.01362573
4430.	4440.	0.01639345
4440.	4450.	0.01596765
4450.	4460.	0.01256122
4460.	4470.	0.01447734
4470.	4480.	0.01405153
4480.	4490.	0.01532894
4490.	4500.	0.01341283
4500.	4510.	0.01405153
4510.	4520.	0.01554185
4520.	4530.	0.01447734
4530.	4540.	0.01490314
4540.	4550.	0.01447734
4550.	4560.	0.0104322
4560.	4570.	0.01277412
4570.	4580.	0.01490314
4580.	4590.	0.01319992
4590.	4600.	0.01192251
4600.	4610.	0.01490314
4610.	4620.	0.01383863
4620.	4630.	0.010858
4630.	4640.	0.01383863
4640.	4650.	0.01192251
4650.	4660.	0.010858
4660.	4670.	0.01192251
4670.	4680.	0.01149671
4680.	4690.	0.01490314
4690.	4700.	0.008941884
4700.	4710.	0.01149671
4710.	4720.	0.009154786
4720.	4730.	0.01170961
4730.	4740.	0.01149671
4740.	4750.	0.01447734
4750.	4760.	0.01128381
4760.	4770.	0.00745157
4770.	4780.	0.007877374
4780.	4790.	0.0104322
4790.	4800.	0.01511604
4800.	4810.	0.008090276
4810.	4820.	0.0106451
4820.	4830.	0.01149671
4830.	4840.	0.01341283
4840.	4850.	0.007025766
4850.	4860.	0.0106451
4860.	4870.	0.0102193
4870.	4880.	0.01000639
4880.	4890.	0.00851608
4890.	4900.	0.01000639
4900.	4910.	0.01149671
4910.	4920.	0.009154786
4920.	4930.	0.01277412
4930.	4940.	0.009367688
4940.	4950.	0.008728982
4950.	4960.	0.009367688
4960.	4970.	0.00745157
4970.	4980.	0.007238668
4980.	4990.	0.007238668
4990.	5000.	0.00958059
5000.	5010.	0.008090276
5010.	5020.	0.00851608
5020.	5030.	0.006599962
5030.	5040.	0.007025766
5040.	5050.	0.007664472
5050.	5060.	0.009367688
5060.	5070.	0.007877374
5070.	5080.	0.008090276
5080.	5090.	0.007664472
5090.	5100.	0.008728982
5100.	5110.	0.007238668
5110.	5120.	0.007664472
5120.	5130.	0.007664472
5130.	5140.	0.009154786
5140.	5150.	0.006599962
5150.	5160.	0.006599962
5160.	5170.	0.006812864
5170.	5180.	0.007025766
5180.	5190.	0.006174158
5190.	5200.	0.009367688
5200.	5210.	0.00532255
5210.	5220.	0.009154786
5220.	5230.	0.007877374
5230.	5240.	0.005961256
5240.	5250.	0.00958059
5250.	5260.	0.004896746
5260.	5270.	0.009154786
5270.	5280.	0.007238668
5280.	5290.	0.005961256
5290.	5300.	0.006174158
5300.	5310.	0.00638706
5310.	5320.	0.008728982
5320.	5330.	0.005535452
5330.	5340.	0.006812864
5340.	5350.	0.005109648
5350.	5360.	0.008303178
5360.	5370.	0.00638706
5370.	5380.	0.005535452
5380.	5390.	0.00745157
5390.	5400.	0.003832236
5400.	5410.	0.00638706
5410.	5420.	0.006174158
5420.	5430.	0.005961256
5430.	5440.	0.006599962
5440.	5450.	0.004683844
5450.	5460.	0.005748354
5460.	5470.	0.004896746
5470.	5480.	0.00425804
5480.	5490.	0.006174158
5490.	5500.	0.00638706
5500.	5510.	0.005961256
5510.	5520.	0.008090276
5520.	5530.	0.005535452
5530.	5540.	0.003832236
5540.	5550.	0.005961256
5550.	5560.	0.006599962
5560.	5570.	0.004470942
5570.	5580.	0.005748354
5580.	5590.	0.004045138
5590.	5600.	0.00425804
5600.	5610.	0.004896746
5610.	5620.	0.004045138
5620.	5630.	0.005748354
5630.	5640.	0.00532255
5640.	5650.	0.00319353
5650.	5660.	0.006174158
5660.	5670.	0.004470942
5670.	5680.	0.004045138
5680.	5690.	0.005748354
5690.	5700.	0.004470942
5700.	5710.	0.005748354
5710.	5720.	0.005109648
5720.	5730.	0.004470942
5730.	5740.	0.006174158
5740.	5750.	0.004470942
5750.	5760.	0.004470942
5760.	5770.	0.002341922
5770.	5780.	0.003619334
5780.	5790.	0.005109648
5790.	5800.	0.004896746
5800.	5810.	0.00319353
5810.	5820.	0.004683844
5820.	5830.	0.002341922
5830.	5840.	0.00319353
5840.	5850.	0.002554824
5850.	5860.	0.004470942
5860.	5870.	0.004683844
5870.	5880.	0.00425804
5880.	5890.	0.002980628
5890.	5900.	0.005109648
5900.	5910.	0.003832236
5910.	5920.	0.00319353
5920.	5930.	0.003406432
5930.	5940.	0.002767726
5940.	5950.	0.004045138
5950.	5960.	0.003406432
5960.	5970.	0.00425804
5970.	5980.	0.00212902
5980.	5990.	0.003406432
5990.	6000.	0.004896746
6000.	6010.	0.004470942
6010.	6020.	0.003832236
6020.	6030.	0.003406432
6030.	6040.	0.002341922
6040.	6050.	0.00319353
6050.	6060.	0.003619334
6060.	6070.	0.003406432
6070.	6080.	0.003619334
6080.	6090.	0.00319353
6090.	6100.	0.002554824
6100.	6110.	0.002767726
6110.	6120.	0.002554824
6120.	6130.	0.002980628
6130.	6140.	0.002980628
6140.	6150.	0.002767726
6150.	6160.	0.003406432
6160.	6170.	0.003619334
6170.	6180.	0.002767726
6180.	6190.	0.004470942
6190.	6200.	0.002767726
6200.	6210.	0.00212902
6210.	6220.	0.00212902
6220.	6230.	0.002767726
6230.	6240.	0.001916118
6240.	6250.	0.002341922
6250.	6260.	0.00319353
6260.	6270.	0.002341922
6270.	6280.	0.00319353
6280.	6290.	0.002554824
6290.	6300.	0.00212902
6300.	6310.	0.00212902
6310.	6320.	0.002980628
6320.	6330.	0.002767726
6330.	6340.	0.003832236
6340.	6350.	0.002980628
6350.	6360.	0.00212902
6360.	6370.	0.001490314
6370.	6380.	0.002341922
6380.	6390.	0.002341922
6390.	6400.	0.001703216
6400.	6410.	0.001916118
6410.	6420.	0.001277412
6420.	6430.	0.001916118
6430.	6440.	0.002980628
6440.	6450.	0.002767726
6450.	6460.	0.001916118
6460.	6470.	0.00212902
6470.	6480.	0.001916118
6480.	6490.	0.001490314
6490.	6500.	0.001916118
6500.	6510.	0.00212902
6510.	6520.	0.001703216
6520.	6530.	0.001916118
6530.	6540.	0.002767726
6540.	6550.	0.00212902
6550.	6560.	0.000851608
6560.	6570.	0.002767726
6570.	6580.	0.001916118
6580.	6590.	0.00212902
6590.	6600.	0.00106451
6600.	6610.	0.002554824
6610.	6620.	0.001916118
6620.	6630.	0.00106451
6630.	6640.	0.001490314
6640.	6650.	0.002341922
6650.	6660.	0.002341922
6660.	6670.	0.00319353
6670.	6680.	0.001916118
6680.	6690.	0.001490314
6690.	6700.	0.002767726
6700.	6710.	0.001490314
6710.	6720.	0.000851608
6720.	6730.	0.000851608
6730.	6740.	0.001916118
6740.	6750.	0.001490314
6750.	6760.	0.00319353
6760.	6770.	0.001490314
6770.	6780.	0.00212902
6780.	6790.	0.001277412
6790.	6800.	0.001916118
6800.	6810.	0.001703216
6810.	6820.	0.001277412
6820.	6830.	0.001703216
6830.	6840.	0.000851608
6840.	6850.	0.001490314
6850.	6860.	0.001277412
6860.	6870.	0.002554824
6870.	6880.	0.001703216
6880.	6890.	0.001916118
6890.	6900.	0.001490314
6900.	6910.	0.000851608
6910.	6920.	0.00106451
6920.	6930.	0.00212902
6930.	6940.	0.001703216
6940.	6950.	0.001277412
6950.	6960.	0.000851608
6960.	6970.	0.001277412
6970.	6980.	0.001277412
6980.	6990.	0.002554824
6990.	7000.	0.001277412
7000.	7010.	0.000425804
7010.	7020.	0.002980628
7020.	7030.	0.00106451
7030.	7040.	0.000638706
7040.	7050.	0.001277412
7050.	7060.	0.000851608
7060.	7070.	0.00106451
7070.	7080.	0.000851608
7080.	7090.	0.001703216
7090.	7100.	0.001916118
7100.	7110.	0.001490314
7110.	7120.	0.000851608
7120.	7130.	0.001703216
7130.	7140.	0.001916118
7140.	7150.	0.000638706
7150.	7160.	0.001490314
7160.	7170.	0.000425804
7170.	7180.	0.000638706
7180.	7190.	0.00106451
7190.	7200.	0.001277412
7200.	7210.	0.000638706
7210.	7220.	0.00106451
7220.	7230.	0.002554824
7230.	7240.	0.000638706
7240.	7250.	0.000851608
7250.	7260.	0.001703216
7260.	7270.	0.001490314
7270.	7280.	0.001490314
7280.	7290.	0.00106451
7290.	7300.	0.000851608
7300.	7310.	0.000212902
7310.	7320.	0.000425804
7320.	7330.	0.000425804
7330.	7340.	0.00106451
7340.	7350.	0.000212902
7350.	7360.	0.00106451
7360.	7370.	0.002341922
7370.	7380.	0.000638706
7380.	7390.	0.000638706
7390.	7400.	0.000851608
7400.	7410.	0.001916118
7410.	7420.	0.000638706
7420.	7430.	0.000638706
7430.	7440.	0.001703216
7440.	7450.	0.000851608
7450.	7460.	0.00106451
7460.	7470.	0.001277412
7470.	7480.	0.000851608
7480.	7490.	0.000638706
7490.	7500.	0.000638706
7500.	7510.	0.001277412
7510.	7520.	0.000425804
7520.	7530.	0.000638706
7530.	7540.	0.
7540.	7550.	0.001490314
7550.	7560.	0.001277412
7560.	7570.	0.001490314
7570.	7580.	0.001277412
7580.	7590.	0.000638706
7590.	7600.	0.00106451
7600.	7610.	0.000851608
7610.	7620.	0.001703216
7620.	7630.	0.000425804
7630.	7640.	0.000638706
7640.	7650.	0.00106451
7650.	7660.	0.000425804
7660.	7670.	0.000638706
7670.	7680.	0.000212902
7680.	7690.	0.000851608
7690.	7700.	0.000638706
7700.	7710.	0.000638706
7710.	7720.	0.00106451
7720.	7730.	0.000638706
7730.	7740.	0.
7740.	7750.	0.000851608
7750.	7760.	0.000212902
7760.	7770.	0.000638706
7770.	7780.	0.00106451
7780.	7790.	0.000212902
7790.	7800.	0.00106451
7800.	7810.	0.000425804
7810.	7820.	0.000425804
7820.	7830.	0.000425804
7830.	7840.	0.000851608
7840.	7850.	0.000638706
7850.	7860.	0.001490314
7860.	7870.	0.001490314
7870.	7880.	0.000425804
7880.	7890.	0.000638706
7890.	7900.	0.000425804
7900.	7910.	0.000425804
7910.	7920.	0.000212902
7920.	7930.	0.00106451
7930.	7940.	0.000212902
7940.	7950.	0.001277412
7950.	7960.	0.000851608
7960.	7970.	0.000425804
7970.	7980.	0.00106451
7980.	7990.	0.000638706
7990.	8000.	0.000638706
8000.	8010.	0.000425804
8010.	8020.	0.000425804
8020.	8030.	0.000638706
8030.	8040.	0.
8040.	8050.	0.000851608
8050.	8060.	0.000212902
8060.	8070.	0.000425804
8070.	8080.	0.000425804
8080.	8090.	0.000638706
8090.	8100.	0.000212902
8100.	8110.	0.
8110.	8120.	0.000425804
8120.	8130.	0.000425804
8130.	8140.	0.000212902
8140.	8150.	0.000638706
8150.	8160.	0.000425804
8160.	8170.	0.000851608
8170.	8180.	0.
8180.	8190.	0.000638706
8190.	8200.	0.000212902
8200.	8210.	0.000212902
8210.	8220.	0.00106451
8220.	8230.	0.000638706
8230.	8240.	0.000212902
8240.	8250.	0.000638706
8250.	8260.	0.000212902
8260.	8270.	0.000212902
8270.	8280.	0.000425804
8280.	8290.	0.000638706
8290.	8300.	0.000851608
8300.	8310.	0.000425804
8310.	8320.	0.000425804
8320.	8330.	0.000212902
8330.	8340.	0.000425804
8340.	8350.	0.000212902
8350.	8360.	0.000425804
8360.	8370.	0.000212902
8370.	8380.	0.000212902
8380.	8390.	0.
8390.	8400.	0.000425804
8400.	8410.	0.000638706
8410.	8420.	0.
8420.	8430.	0.000425804
8430.	8440.	0.000212902
8440.	8450.	0.000212902
8450.	8460.	0.
8460.	8470.	0.000212902
8470.	8480.	0.000212902
8480.	8490.	0.
8490.	8500.	0.000212902
8500.	8510.	0.000425804
8510.	8520.	0.000638706
8520.	8530.	0.000638706
8530.	8540.	0.000212902
8540.	8550.	0.000425804
8550.	8560.	0.000212902
8560.	8570.	0.000212902
8570.	8580.	0.000425804
8580.	8590.	0.
8590.	8600.	0.000212902
8600.	8610.	0.000212902
8610.	8620.	0.000638706
8620.	8630.	0.000212902
8630.	8640.	0.000638706
8640.	8650.	0.
8650.	8660.	0.
8660.	8670.	0.000638706
8670.	8680.	0.000212902
8680.	8690.	0.000212902
8690.	8700.	0.
8700.	8710.	0.
8710.	8720.	0.000212902
8720.	8730.	0.000212902
8730.	8740.	0.000212902
8740.	8750.	0.000212902
8750.	8760.	0.000851608
8760.	8770.	0.
8770.	8780.	0.
8780.	8790.	0.000212902
8790.	8800.	0.000212902
8800.	8810.	0.000212902
8810.	8820.	0.000425804
8820.	8830.	0.000425804
8830.	8840.	0.000638706
8840.	8850.	0.000425804
8850.	8860.	0.
8860.	8870.	0.000212902
8870.	8880.	0.
8880.	8890.	0.000212902
8890.	8900.	0.
8900.	8910.	0.000212902
8910.	8920.	0.
8920.	8930.	0.000212902
8930.	8940.	0.000212902
8940.	8950.	0.
8950.	8960.	0.000212902
8960.	8970.	0.000212902
8970.	8980.	0.000425804
8980.	8990.	0.000212902
8990.	9000.	0.
9000.	9010.	0.
9010.	9020.	0.000638706
9020.	9030.	0.
9030.	9040.	0.000212902
9040.	9050.	0.000212902
9050.	9060.	0.000212902
9060.	9070.	0.000212902
9070.	9080.	0.
9080.	9090.	0.000638706
9090.	9100.	0.
9100.	9110.	0.000212902
9110.	9120.	0.
9120.	9130.	0.
9130.	9140.	0.
9140.	9150.	0.
9150.	9160.	0.
9160.	9170.	0.000212902
9170.	9180.	0.000212902
9180.	9190.	0.
9190.	9200.	0.000425804
9200.	9210.	0.000212902
9210.	9220.	0.
9220.	9230.	0.
9230.	9240.	0.000212902
9240.	9250.	0.000212902
9250.	9260.	0.000212902
9260.	9270.	0.
9270.	9280.	0.000425804
9280.	9290.	0.000212902
9290.	9300.	0.
9300.	9310.	0.000212902
9310.	9320.	0.
9320.	9330.	0.
9330.	9340.	0.000212902
9340.	9350.	0.000212902
9350.	9360.	0.
9360.	9370.	0.
9370.	9380.	0.000212902
9380.	9390.	0.
9390.	9400.	0.
9400.	9410.	0.
9410.	9420.	0.
9420.	9430.	0.
9430.	9440.	0.
9440.	9450.	0.
9450.	9460.	0.
9460.	9470.	0.
9470.	9480.	0.
9480.	9490.	0.000212902
9490.	9500.	0.000212902
9500.	9510.	0.
9510.	9520.	0.
9520.	9530.	0.
9530.	9540.	0.
9540.	9550.	0.000212902
9550.	9560.	0.
9560.	9570.	0.
9570.	9580.	0.
9580.	9590.	0.
9590.	9600.	0.
9600.	9610.	0.000425804
9610.	9620.	0.
9620.	9630.	0.000212902
9630.	9640.	0.000212902
9640.	9650.	0.
9650.	9660.	0.
9660.	9670.	0.000425804
9670.	9680.	0.
9680.	9690.	0.
9690.	9700.	0.000212902
9700.	9710.	0.
9710.	9720.	0.
9720.	9730.	0.
9730.	9740.	0.
9740.	9750.	0.
9750.	9760.	0.
9760.	9770.	0.000212902
9770.	9780.	0.
9780.	9790.	0.
9790.	9800.	0.
9800.	9810.	0.
9810.	9820.	0.
9820.	9830.	0.
9830.	9840.	0.
9840.	9850.	0.
9850.	9860.	0.
9860.	9870.	0.
9870.	9880.	0.
9880.	9890.	0.
9890.	9900.	0.
9900.	9910.	0.
9910.	9920.	0.
9920.	9930.	0.
9930.	9940.	0.
9940.	9950.	0.
9950.	9960.	0.
9960.	9970.	0.
9970.	9980.	0.
9980.	9990.	0.
9990.	10000.	0.
10000.	10010.	0.