-10.	0.	0.
0.	10.	0.
10.	20.	0.
20.	30.	0.
30.	40.	0.
40.	50.	0.
50.	60.	0.
60.	70.	0.
70.	80.	0.
80.	90.	0.
90.	100.	0.
100.	110.	0.
110.	120.	0.
120.	130.	0.
130.	140.	0.
140.	150.	0.
150.	160.	0.
160.	170.	0.
170.	180.	0.
180.	190.	0.
190.	200.	0.
200.	210.	0.
210.	220.	0.
220.	230.	0.
230.	240.	0.
240.	250.	0.
250.	260.	0.
260.	270.	0.
270.	280.	0.
280.	290.	0.
290.	300.	0.
300.	310.	0.
310.	320.	0.
320.	330.	0.
330.	340.	0.
340.	350.	0.
350.	360.	0.
360.	370.	0.
370.	380.	0.
380.	390.	0.
390.	400.	0.
400.	410.	0.
410.	420.	0.
420.	430.	0.
430.	440.	0.
440.	450.	0.
450.	460.	0.
460.	470.	0.
470.	480.	0.
480.	490.	0.
490.	500.	0.
500.	510.	1.307947
510.	520.	1.391119
520.	530.	1.4779
530.	540.	1.557626
540.	550.	1.656547
550.	560.	1.693293
560.	570.	1.783847
570.	580.	1.795987
580.	590.	1.881455
590.	600.	1.903766
600.	610.	1.956917
610.	620.	2.019419
620.	630.	2.022208
630.	640.	2.03812
640.	650.	2.047635
650.	660.	2.035823
660.	670.	2.044354
670.	680.	2.08553
680.	690.	2.042877
690.	700.	2.036972
700.	710.	2.011709
710.	720.	2.033363
720.	730.	2.023356
730.	740.	1.988578
740.	750.	1.953308
750.	760.	1.968564
760.	770.	1.940512
770.	780.	1.897696
780.	790.	1.892118
790.	800.	1.864558
800.	810.	1.833389
810.	820.	1.815508
820.	830.	1.774989
830.	840.	1.762849
840.	850.	1.712487
850.	860.	1.682466
860.	870.	1.682138
870.	880.	1.654414
880.	890.	1.61291
890.	900.	1.574359
900.	910.	1.539253
910.	920.	1.511693
920.	930.	1.50185
930.	940.	1.477243
940.	950.	1.441973
950.	960.	1.44591
960.	970.	1.397517
970.	980.	1.381768
980.	990.	1.338788
990.	1000.	1.345021
1000.	1010.	1.312704
1010.	1020.	1.27727
1020.	1030.	1.231173
1030.	1040.	1.202629
1040.	1050.	1.195903
1050.	1060.	1.175889
1060.	1070.	1.139142
1070.	1080.	1.135205
1080.	1090.	1.120933
1090.	1100.	1.116012
1100.	1110.	1.0896
1110.	1120.	1.032676
1120.	1130.	1.043831
1130.	1140.	1.007741
1140.	1150.	1.000523
1150.	1160.	0.9686976
1160.	1170.	0.9593469
1170.	1180.	0.9431063
1180.	1190.	0.917843
1190.	1200.	0.9012743
1200.	1210.	0.8878224
1210.	1220.	0.8907753
1220.	1230.	0.861903
1230.	1240.	0.8210553
1240.	1250.	0.8307341
1250.	1260.	0.8153137
1260.	1270.	0.8112125
1270.	1280.	0.7762705
1280.	1290.	0.7510072
1290.	1300.	0.7331261
1300.	1310.	0.7118
1310.	1320.	0.7155731
1320.	1330.	0.7196743
1330.	1340.	0.6939189
1340.	1350.	0.6829277
1350.	1360.	0.6812873
1360.	1370.	0.6573364
1370.	1380.	0.669968
1380.	1390.	0.6433924
1390.	1400.	0.6243629
1400.	1410.	0.6220663
1410.	1420.	0.6010683
1420.	1430.	0.5803983
1430.	1440.	0.5853197
1440.	1450.	0.5720319
1450.	1460.	0.5485732
1460.	1470.	0.533973
1470.	1480.	0.554807
1480.	1490.	0.5354495
1490.	1500.	0.5290516
1500.	1510.	0.5106784
1510.	1520.	0.4898444
1520.	1530.	0.4909927
1530.	1540.	0.4688464
1540.	1550.	0.470979
1550.	1560.	0.4806578
1560.	1570.	0.4673699
1570.	1580.	0.4553945
1580.	1590.	0.4504731
1590.	1600.	0.4370212
1600.	1610.	0.4371853
1610.	1620.	0.4191401
1620.	1630.	0.4148749
1630.	1640.	0.404704
1640.	1650.	0.4002747
1650.	1660.	0.3917443
1660.	1670.	0.3901038
1670.	1680.	0.387479
1680.	1690.	0.3782924
1690.	1700.	0.3833779
1700.	1710.	0.3653327
1710.	1720.	0.3571304
1720.	1730.	0.3507325
1730.	1740.	0.366481
1740.	1750.	0.3397414
1750.	1760.	0.3369526
1760.	1770.	0.3238288
1770.	1780.	0.3262895
1780.	1790.	0.3223524
1790.	1800.	0.3011903
1800.	1810.	0.3108691
1810.	1820.	0.3020106
1820.	1830.	0.3025027
1830.	1840.	0.2890508
1840.	1850.	0.2910194
1850.	1860.	0.2880666
1860.	1870.	0.2695292
1870.	1880.	0.286262
1880.	1890.	0.261819
1890.	1900.	0.2673966
1900.	1910.	0.2662483
1910.	1920.	0.2504998
1920.	1930.	0.2554212
1930.	1940.	0.2434458
1940.	1950.	0.2564055
1950.	1960.	0.2445941
1960.	1970.	0.2362277
1970.	1980.	0.2254006
1980.	1990.	0.2299939
1990.	2000.	0.2149016
2000.	2010.	0.2150656
2010.	2020.	0.2126049
2020.	2030.	0.219987
2030.	2040.	0.2108004
2040.	2050.	0.2135892
2050.	2060.	0.1927552
2060.	2070.	0.2035823
2070.	2080.	0.1998093
2080.	2090.	0.2053869
2090.	2100.	0.1939036
2100.	2110.	0.1866855
2110.	2120.	0.2003014
2120.	2130.	0.1924271
2130.	2140.	0.170937
2140.	2150.	0.1811079
2150.	2160.	0.1794674
2160.	2170.	0.1714291
2170.	2180.	0.1669999
2180.	2190.	0.1714291
2190.	2200.	0.1684763
2200.	2210.	0.1625706
2210.	2220.	0.1596177
2220.	2230.	0.1573211
2230.	2240.	0.1463299
2240.	2250.	0.1576492
2250.	2260.	0.1438692
2260.	2270.	0.1568289
2270.	2280.	0.153548
2280.	2290.	0.1414085
2290.	2300.	0.1496109
2300.	2310.	0.1453457
2310.	2320.	0.1351747
2320.	2330.	0.1355028
2330.	2340.	0.1412445
2340.	2350.	0.1295971
2350.	2360.	0.1300893
2360.	2370.	0.1240195
2370.	2380.	0.1266443
2380.	2390.	0.1287769
2390.	2400.	0.122215
2400.	2410.	0.1299252
2410.	2420.	0.1215588
2420.	2430.	0.122051
2430.	2440.	0.1259881
2440.	2450.	0.1112239
2450.	2460.	0.1130284
2460.	2470.	0.1128643
2470.	2480.	0.1136846
2480.	2490.	0.1076148
2490.	2500.	0.108271
2500.	2510.	0.1077789
2510.	2520.	0.1076148
2520.	2530.	0.1038418
2530.	2540.	0.1007249
2540.	2550.	0.1051541
2550.	2560.	0.09727988
2560.	2570.	0.09842821
2570.	2580.	0.09531132
2580.	2590.	0.09645964
2590.	2600.	0.09810011
2600.	2610.	0.09186633
2610.	2620.	0.09219442
2620.	2630.	0.08497635
2630.	2640.	0.08136732
2640.	2650.	0.08924158
2650.	2660.	0.0879292
2660.	2670.	0.08481231
2670.	2680.	0.07923471
2680.	2690.	0.07792233
2690.	2700.	0.08054708
2700.	2710.	0.08382802
2710.	2720.	0.08317184
2720.	2730.	0.07923471
2730.	2740.	0.07201664
2740.	2750.	0.07743019
2750.	2760.	0.07513353
2760.	2770.	0.07923471
2770.	2780.	0.07267283
2780.	2790.	0.07201664
2790.	2800.	0.07103236
2800.	2810.	0.07234473
2810.	2820.	0.07283687
2820.	2830.	0.07382116
2830.	2840.	0.07349306
2840.	2850.	0.07267283
2850.	2860.	0.06725928
2860.	2870.	0.06840761
2870.	2880.	0.06348619
2880.	2890.	0.06545476
2890.	2900.	0.06118954
2900.	2910.	0.06529071
2910.	2920.	0.06365024
2920.	2930.	0.05938502
2930.	2940.	0.06299405
2940.	2950.	0.05856478
2950.	2960.	0.05692431
2960.	2970.	0.05462766
2970.	2980.	0.05692431
2980.	2990.	0.06102549
2990.	3000.	0.05774455
3000.	3010.	0.05315123
3010.	3020.	0.05069053
3020.	3030.	0.0551198
3030.	3040.	0.0551198
3040.	3050.	0.05134672
3050.	3060.	0.04872196
3060.	3070.	0.05397147
3070.	3080.	0.04494888
3080.	3090.	0.04822982
3090.	3100.	0.04790173
3100.	3110.	0.04609721
3110.	3120.	0.04445674
3120.	3130.	0.04708149
3130.	3140.	0.04560507
3140.	3150.	0.05151076
3150.	3160.	0.04691745
3160.	3170.	0.04281627
3170.	3180.	0.04133985
3180.	3190.	0.04068366
3190.	3200.	0.03904319
3200.	3210.	0.04265222
3210.	3220.	0.03855105
3220.	3230.	0.03805891
3230.	3240.	0.04314436
3240.	3250.	0.03805891
3250.	3260.	0.03444987
3260.	3270.	0.03625439
3270.	3280.	0.0387151
3280.	3290.	0.04068366
3290.	3300.	0.03461392
3300.	3310.	0.03723867
3310.	3320.	0.03805891
3320.	3330.	0.03773081
3330.	3340.	0.03691058
3340.	3350.	0.0328094
3350.	3360.	0.03576225
3360.	3370.	0.03231726
3370.	3380.	0.02969251
3380.	3390.	0.03428583
3390.	3400.	0.03428583
3400.	3410.	0.03362964
3410.	3420.	0.03116893
3420.	3430.	0.03215321
3430.	3440.	0.02985656
3440.	3450.	0.03198917
3450.	3460.	0.03018465
3460.	3470.	0.02887227
3470.	3480.	0.03116893
3480.	3490.	0.02870823
3490.	3500.	0.03116893
3500.	3510.	0.02952846
3510.	3520.	0.02509919
3520.	3530.	0.02641157
3530.	3540.	0.02920037
3540.	3550.	0.03100489
3550.	3560.	0.02608348
3560.	3570.	0.02821609
3570.	3580.	0.0275599
3580.	3590.	0.02624752
3590.	3600.	0.02329468
3600.	3610.	0.02460705
3610.	3620.	0.02591943
3620.	3630.	0.02444301
3630.	3640.	0.02411491
3640.	3650.	0.02575538
3650.	3660.	0.02411491
3660.	3670.	0.01952159
3670.	3680.	0.02313063
3680.	3690.	0.02608348
3690.	3700.	0.02050588
3700.	3710.	0.02362277
3710.	3720.	0.02280254
3720.	3730.	0.02017778
3730.	3740.	0.02378682
3740.	3750.	0.02116206
3750.	3760.	0.02165421
3760.	3770.	0.02247444
3770.	3780.	0.01952159
3780.	3790.	0.01804517
3790.	3800.	0.02181825
3800.	3810.	0.01755303
3810.	3820.	0.01968564
3820.	3830.	0.02066992
3830.	3840.	0.02066992
3840.	3850.	0.01902945
3850.	3860.	0.01837327
3860.	3870.	0.01902945
3870.	3880.	0.01902945
3880.	3890.	0.0191935
3890.	3900.	0.0219823
3900.	3910.	0.01755303
3910.	3920.	0.01984969
3920.	3930.	0.01952159
3930.	3940.	0.01607661
3940.	3950.	0.01656875
3950.	3960.	0.01870136
3960.	3970.	0.01837327
3970.	3980.	0.01755303
3980.	3990.	0.01574851
3990.	4000.	0.01509233
4000.	4010.	0.01689684
4010.	4020.	0.01443614
4020.	4030.	0.01574851
4030.	4040.	0.01607661
4040.	4050.	0.01558447
4050.	4060.	0.01771708
4060.	4070.	0.01607661
4070.	4080.	0.01607661
4080.	4090.	0.01312376
4090.	4100.	0.01427209
4100.	4110.	0.01246757
4110.	4120.	0.01312376
4120.	4130.	0.013944
4130.	4140.	0.01427209
4140.	4150.	0.013944
4150.	4160.	0.01131924
4160.	4170.	0.01689684
4170.	4180.	0.01213948
4180.	4190.	0.01427209
4190.	4200.	0.01246757
4200.	4210.	0.01164734
4210.	4220.	0.01312376
4220.	4230.	0.01345186
4230.	4240.	0.01312376
4240.	4250.	0.01377995
4250.	4260.	0.01345186
4260.	4270.	0.01017091
4270.	4280.	0.01345186
4280.	4290.	0.01066306
4290.	4300.	0.01427209
4300.	4310.	0.008530445
4310.	4320.	0.01017091
4320.	4330.	0.01460018
4330.	4340.	0.01279567
4340.	4350.	0.01328781
4350.	4360.	0.009842821
4360.	4370.	0.01099115
4370.	4380.	0.01345186
4380.	4390.	0.01000687
4390.	4400.	0.01164734
4400.	4410.	0.009186633
4410.	4420.	0.009842821
4420.	4430.	0.008530445
4430.	4440.	0.009186633
4440.	4450.	0.00935068
4450.	4460.	0.01099115
4460.	4470.	0.008530445
4470.	4480.	0.008366398
4480.	4490.	0.007874257
4490.	4500.	0.008858539
4500.	4510.	0.009186633
4510.	4520.	0.01099115
4520.	4530.	0.009022586
4530.	4540.	0.01033496
4540.	4550.	0.009514727
4550.	4560.	0.008530445
4560.	4570.	0.009678774
4570.	4580.	0.008038304
4580.	4590.	0.009514727
4590.	4600.	0.007054022
4600.	4610.	0.008858539
4610.	4620.	0.008858539
4620.	4630.	0.008202351
4630.	4640.	0.008694492
4640.	4650.	0.008202351
4650.	4660.	0.008202351
4660.	4670.	0.009842821
4670.	4680.	0.00771021
4680.	4690.	0.00935068
4690.	4700.	0.005577598
4700.	4710.	0.006889975
4710.	4720.	0.01000687
4720.	4730.	0.008202351
4730.	4740.	0.007218069
4740.	4750.	0.00606974
4750.	4760.	0.008038304
4760.	4770.	0.007054022
4770.	4780.	0.00771021
4780.	4790.	0.00771021
4790.	4800.	0.007054022
4800.	4810.	0.006233787
4810.	4820.	0.007218069
4820.	4830.	0.009678774
4830.	4840.	0.006561881
4840.	4850.	0.006397834
4850.	4860.	0.005249504
4860.	4870.	0.007054022
4870.	4880.	0.006397834
4880.	4890.	0.007054022
4890.	4900.	0.005413551
4900.	4910.	0.00492141
4910.	4920.	0.006561881
4920.	4930.	0.004757363
4930.	4940.	0.008530445
4940.	4950.	0.00606974
4950.	4960.	0.005413551
4960.	4970.	0.004593316
4970.	4980.	0.005085457
4980.	4990.	0.005577598
4990.	5000.	0.005905693
5000.	5010.	0.00606974
5010.	5020.	0.005577598
5020.	5030.	0.006561881
5030.	5040.	0.005249504
5040.	5050.	0.005577598
5050.	5060.	0.004593316
5060.	5070.	0.005413551
5070.	5080.	0.006233787
5080.	5090.	0.006397834
5090.	5100.	0.006561881
5100.	5110.	0.00492141
5110.	5120.	0.004593316
5120.	5130.	0.005413551
5130.	5140.	0.006233787
5140.	5150.	0.006561881
5150.	5160.	0.005085457
5160.	5170.	0.004101175
5170.	5180.	0.00328094
5180.	5190.	0.005413551
5190.	5200.	0.005249504
5200.	5210.	0.005085457
5210.	5220.	0.003773081
5220.	5230.	0.002460705
5230.	5240.	0.002296658
5240.	5250.	0.004265222
5250.	5260.	0.004265222
5260.	5270.	0.005249504
5270.	5280.	0.004429269
5280.	5290.	0.004101175
5290.	5300.	0.004757363
5300.	5310.	0.004757363
5310.	5320.	0.004593316
5320.	5330.	0.002952846
5330.	5340.	0.004265222
5340.	5350.	0.004265222
5350.	5360.	0.004101175
5360.	5370.	0.004265222
5370.	5380.	0.00328094
5380.	5390.	0.003937128
5390.	5400.	0.003937128
5400.	5410.	0.002952846
5410.	5420.	0.002624752
5420.	5430.	0.002952846
5430.	5440.	0.003444987
5440.	5450.	0.002296658
5450.	5460.	0.002952846
5460.	5470.	0.002624752
5470.	5480.	0.002788799
5480.	5490.	0.002624752
5490.	5500.	0.002788799
5500.	5510.	0.003116893
5510.	5520.	0.003773081
5520.	5530.	0.002624752
5530.	5540.	0.004101175
5540.	5550.	0.002788799
5550.	5560.	0.004593316
5560.	5570.	0.003444987
5570.	5580.	0.003773081
5580.	5590.	0.004593316
5590.	5600.	0.002132611
5600.	5610.	0.00328094
5610.	5620.	0.002624752
5620.	5630.	0.001968564
5630.	5640.	0.002952846
5640.	5650.	0.00164047
5650.	5660.	0.001148329
5660.	5670.	0.002952846
5670.	5680.	0.001804517
5680.	5690.	0.002952846
5690.	5700.	0.00328094
5700.	5710.	0.002132611
5710.	5720.	0.002132611
5720.	5730.	0.002132611
5730.	5740.	0.002132611
5740.	5750.	0.00164047
5750.	5760.	0.004101175
5760.	5770.	0.001804517
5770.	5780.	0.00164047
5780.	5790.	0.002132611
5790.	5800.	0.002296658
5800.	5810.	0.002296658
5810.	5820.	0.001968564
5820.	5830.	0.001968564
5830.	5840.	0.00328094
5840.	5850.	0.001968564
5850.	5860.	0.002296658
5860.	5870.	0.003116893
5870.	5880.	0.001804517
5880.	5890.	0.0009842821
5890.	5900.	0.001804517
5900.	5910.	0.001312376
5910.	5920.	0.002296658
5920.	5930.	0.00164047
5930.	5940.	0.001476423
5940.	5950.	0.002132611
5950.	5960.	0.001804517
5960.	5970.	0.002460705
5970.	5980.	0.001476423
5980.	5990.	0.002460705
5990.	6000.	0.002788799
6000.	6010.	0.002296658
6010.	6020.	0.001804517
6020.	6030.	0.001804517
6030.	6040.	0.001968564
6040.	6050.	0.0008202351
6050.	6060.	0.002132611
6060.	6070.	0.002952846
6070.	6080.	0.002132611
6080.	6090.	0.002296658
6090.	6100.	0.002132611
6100.	6110.	0.0006561881
6110.	6120.	0.001476423
6120.	6130.	0.001476423
6130.	6140.	0.001312376
6140.	6150.	0.001804517
6150.	6160.	0.001312376
6160.	6170.	0.001968564
6170.	6180.	0.002132611
6180.	6190.	0.001804517
6190.	6200.	0.001476423
6200.	6210.	0.00164047
6210.	6220.	0.001148329
6220.	6230.	0.0006561881
6230.	6240.	0.0006561881
6240.	6250.	0.001148329
6250.	6260.	0.001476423
6260.	6270.	0.00164047
6270.	6280.	0.002624752
6280.	6290.	0.000492141
6290.	6300.	0.001148329
6300.	6310.	0.0008202351
6310.	6320.	0.0006561881
6320.	6330.	0.0009842821
6330.	6340.	0.0008202351
6340.	6350.	0.00164047
6350.	6360.	0.001476423
6360.	6370.	0.001148329
6370.	6380.	0.001968564
6380.	6390.	0.001148329
6390.	6400.	0.001804517
6400.	6410.	0.0006561881
6410.	6420.	0.001148329
6420.	6430.	0.001148329
6430.	6440.	0.0009842821
6440.	6450.	0.001312376
6450.	6460.	0.001804517
6460.	6470.	0.001148329
6470.	6480.	0.0006561881
6480.	6490.	0.0006561881
6490.	6500.	0.001312376
6500.	6510.	0.001148329
6510.	6520.	0.00164047
6520.	6530.	0.0006561881
6530.	6540.	0.0009842821
6540.	6550.	0.000492141
6550.	6560.	0.0009842821
6560.	6570.	0.0009842821
6570.	6580.	0.0008202351
6580.	6590.	0.0006561881
6590.	6600.	0.0009842821
6600.	6610.	0.0006561881
6610.	6620.	0.0008202351
6620.	6630.	0.001312376
6630.	6640.	0.0006561881
6640.	6650.	0.0009842821
6650.	6660.	0.000492141
6660.	6670.	0.001312376
6670.	6680.	0.0006561881
6680.	6690.	0.0009842821
6690.	6700.	0.000328094
6700.	6710.	0.0006561881
6710.	6720.	0.0009842821
6720.	6730.	0.001148329
6730.	6740.	0.001148329
6740.	6750.	0.001148329
6750.	6760.	0.000492141
6760.	6770.	0.001312376
6770.	6780.	0.0006561881
6780.	6790.	0.0009842821
6790.	6800.	0.001148329
6800.	6810.	0.0008202351
6810.	6820.	0.001968564
6820.	6830.	0.0006561881
6830.	6840.	0.000164047
6840.	6850.	0.0009842821
6850.	6860.	0.0008202351
6860.	6870.	0.0006561881
6870.	6880.	0.000492141
6880.	6890.	0.0006561881
6890.	6900.	0.000492141
6900.	6910.	0.0006561881
6910.	6920.	0.0006561881
6920.	6930.	0.0009842821
6930.	6940.	0.0006561881
6940.	6950.	0.000164047
6950.	6960.	0.0008202351
6960.	6970.	0.0009842821
6970.	6980.	0.0008202351
6980.	6990.	0.0006561881
6990.	7000.	0.000328094
7000.	7010.	0.000328094
7010.	7020.	0.0006561881
7020.	7030.	0.0006561881
7030.	7040.	0.0006561881
7040.	7050.	0.0006561881
7050.	7060.	0.0008202351
7060.	7070.	0.000328094
7070.	7080.	0.000492141
7080.	7090.	0.0006561881
7090.	7100.	0.000492141
7100.	7110.	0.000164047
7110.	7120.	0.000492141
7120.	7130.	0.0006561881
7130.	7140.	0.001148329
7140.	7150.	0.000328094
7150.	7160.	0.000492141
7160.	7170.	0.0006561881
7170.	7180.	0.0009842821
7180.	7190.	0.000164047
7190.	7200.	0.000328094
7200.	7210.	0.0006561881
7210.	7220.	0.000328094
7220.	7230.	0.001148329
7230.	7240.	0.000492141
7240.	7250.	0.000328094
7250.	7260.	0.000164047
7260.	7270.	0.000164047
7270.	7280.	0.0006561881
7280.	7290.	0.000328094
7290.	7300.	0.0008202351
7300.	7310.	0.000328094
7310.	7320.	0.0006561881
7320.	7330.	0.0006561881
7330.	7340.	0.000492141
7340.	7350.	0.0008202351
7350.	7360.	0.000328094
7360.	7370.	0.000492141
7370.	7380.	0.000328094
7380.	7390.	0.000328094
7390.	7400.	0.000328094
7400.	7410.	0.0006561881
7410.	7420.	0.000328094
7420.	7430.	0.000328094
7430.	7440.	0.0006561881
7440.	7450.	0.000492141
7450.	7460.	0.0009842821
7460.	7470.	0.000164047
7470.	7480.	0.0006561881
7480.	7490.	0.000328094
7490.	7500.	0.000164047
7500.	7510.	0.000164047
7510.	7520.	0.
7520.	7530.	0.000164047
7530.	7540.	0.
7540.	7550.	0.
7550.	7560.	0.000164047
7560.	7570.	0.0006561881
7570.	7580.	0.000492141
7580.	7590.	0.000328094
7590.	7600.	0.
7600.	7610.	0.0006561881
7610.	7620.	0.000328094
7620.	7630.	0.000328094
7630.	7640.	0.000164047
7640.	7650.	0.
7650.	7660.	0.000492141
7660.	7670.	0.0006561881
7670.	7680.	0.000328094
7680.	7690.	0.000164047
7690.	7700.	0.000492141
7700.	7710.	0.000492141
7710.	7720.	0.
7720.	7730.	0.000164047
7730.	7740.	0.000492141
7740.	7750.	0.000164047
7750.	7760.	0.000328094
7760.	7770.	0.000328094
7770.	7780.	0.000164047
7780.	7790.	0.000164047
7790.	7800.	0.000164047
7800.	7810.	0.000328094
7810.	7820.	0.000164047
7820.	7830.	0.000164047
7830.	7840.	0.000164047
7840.	7850.	0.000164047
7850.	7860.	0.
7860.	7870.	0.
7870.	7880.	0.000328094
7880.	7890.	0.000328094
7890.	7900.	0.000164047
7900.	7910.	0.000328094
7910.	7920.	0.000164047
7920.	7930.	0.
7930.	7940.	0.000164047
7940.	7950.	0.000492141
7950.	7960.	0.000492141
7960.	7970.	0.0006561881
7970.	7980.	0.000492141
7980.	7990.	0.000164047
7990.	8000.	0.000164047
8000.	8010.	0.000164047
8010.	8020.	0.
8020.	8030.	0.000164047
8030.	8040.	0.
8040.	8050.	0.000328094
8050.	8060.	0.000328094
8060.	8070.	0.
8070.	8080.	0.000328094
8080.	8090.	0.000164047
8090.	8100.	0.000164047
8100.	8110.	0.
8110.	8120.	0.000164047
8120.	8130.	0.
8130.	8140.	0.
8140.	8150.	0.000328094
8150.	8160.	0.000492141
8160.	8170.	0.000492141
8170.	8180.	0.000164047
8180.	8190.	0.
8190.	8200.	0.
8200.	8210.	0.000164047
8210.	8220.	0.000492141
8220.	8230.	0.
8230.	8240.	0.
8240.	8250.	0.000328094
8250.	8260.	0.
8260.	8270.	0.000164047
8270.	8280.	0.
8280.	8290.	0.
8290.	8300.	0.000328094
8300.	8310.	0.000164047
8310.	8320.	0.
8320.	8330.	0.
8330.	8340.	0.000164047
8340.	8350.	0.000164047
8350.	8360.	0.000164047
8360.	8370.	0.
8370.	8380.	0.
8380.	8390.	0.
8390.	8400.	0.
8400.	8410.	0.000164047
8410.	8420.	0.000328094
8420.	8430.	0.000164047
8430.	8440.	0.
8440.	8450.	0.
8450.	8460.	0.
8460.	8470.	0.
8470.	8480.	0.000164047
8480.	8490.	0.000164047
8490.	8500.	0.
8500.	8510.	0.
8510.	8520.	0.
8520.	8530.	0.000328094
8530.	8540.	0.
8540.	8550.	0.
8550.	8560.	0.000164047
8560.	8570.	0.
8570.	8580.	0.000164047
8580.	8590.	0.
8590.	8600.	0.
8600.	8610.	0.000164047
8610.	8620.	0.
8620.	8630.	0.000164047
8630.	8640.	0.
8640.	8650.	0.000164047
8650.	8660.	0.000164047
8660.	8670.	0.000164047
8670.	8680.	0.
8680.	8690.	0.
8690.	8700.	0.000164047
8700.	8710.	0.
8710.	8720.	0.
8720.	8730.	0.000164047
8730.	8740.	0.
8740.	8750.	0.
8750.	8760.	0.
8760.	8770.	0.
8770.	8780.	0.000164047
8780.	8790.	0.
8790.	8800.	0.
8800.	8810.	0.000164047
8810.	8820.	0.
8820.	8830.	0.
8830.	8840.	0.
8840.	8850.	0.
8850.	8860.	0.
8860.	8870.	0.
8870.	8880.	0.000164047
8880.	8890.	0.
8890.	8900.	0.
8900.	8910.	0.
8910.	8920.	0.
8920.	8930.	0.
8930.	8940.	0.
8940.	8950.	0.
8950.	8960.	0.
8960.	8970.	0.
8970.	8980.	0.
8980.	8990.	0.
8990.	9000.	0.
9000.	9010.	0.
9010.	9020.	0.
9020.	9030.	0.000164047
9030.	9040.	0.
9040.	9050.	0.
9050.	9060.	0.
9060.	9070.	0.
9070.	9080.	0.
9080.	9090.	0.
9090.	9100.	0.
9100.	9110.	0.
9110.	9120.	0.
9120.	9130.	0.
9130.	9140.	0.000164047
9140.	9150.	0.
9150.	9160.	0.
9160.	9170.	0.
9170.	9180.	0.
9180.	9190.	0.
9190.	9200.	0.000164047
9200.	9210.	0.
9210.	9220.	0.
9220.	9230.	0.
9230.	9240.	0.
9240.	9250.	0.
9250.	9260.	0.
9260.	9270.	0.
9270.	9280.	0.
9280.	9290.	0.
9290.	9300.	0.
9300.	9310.	0.000164047
9310.	9320.	0.
9320.	9330.	0.
9330.	9340.	0.
9340.	9350.	0.
9350.	9360.	0.
9360.	9370.	0.
9370.	9380.	0.
9380.	9390.	0.
9390.	9400.	0.
9400.	9410.	0.
9410.	9420.	0.
9420.	9430.	0.
9430.	9440.	0.
9440.	9450.	0.
9450.	9460.	0.
9460.	9470.	0.
9470.	9480.	0.
9480.	9490.	0.000328094
9490.	9500.	0.
9500.	9510.	0.
9510.	9520.	0.
9520.	9530.	0.
9530.	9540.	0.
9540.	9550.	0.000328094
9550.	9560.	0.000164047
9560.	9570.	0.
9570.	9580.	0.
9580.	9590.	0.
9590.	9600.	0.
9600.	9610.	0.
9610.	9620.	0.
9620.	9630.	0.
9630.	9640.	0.
9640.	9650.	0.
9650.	9660.	0.
9660.	9670.	0.
9670.	9680.	0.
9680.	9690.	0.
9690.	9700.	0.
9700.	9710.	0.
9710.	9720.	0.
9720.	9730.	0.
9730.	9740.	0.
9740.	9750.	0.
9750.	9760.	0.
9760.	9770.	0.
9770.	9780.	0.
9780.	9790.	0.
9790.	9800.	0.
9800.	9810.	0.
9810.	9820.	0.
9820.	9830.	0.
9830.	9840.	0.
9840.	9850.	0.
9850.	9860.	0.
9860.	9870.	0.
9870.	9880.	0.
9880.	9890.	0.
9890.	9900.	0.
9900.	9910.	0.
9910.	9920.	0.
9920.	9930.	0.
9930.	9940.	0.
9940.	9950.	0.
9950.	9960.	0.
9960.	9970.	0.
9970.	9980.	0.
9980.	9990.	0.
9990.	10000.	0.
10000.	10010.	0.