    +0.0000000e+00   +2.0000000e+01   +0.0000000e+00  
    +2.0000000e+01   +4.0000000e+01   +0.0000000e+00  
    +4.0000000e+01   +6.0000000e+01   +0.0000000e+00  
    +6.0000000e+01   +8.0000000e+01   +0.0000000e+00  
    +8.0000000e+01   +1.0000000e+02   +0.0000000e+00  
    +1.0000000e+02   +1.2000000e+02   +0.0000000e+00  
    +1.2000000e+02   +1.4000000e+02   +0.0000000e+00  
    +1.4000000e+02   +1.6000000e+02   +0.0000000e+00  
    +1.6000000e+02   +1.8000000e+02   +0.0000000e+00  
    +1.8000000e+02   +2.0000000e+02   +0.0000000e+00  
    +2.0000000e+02   +2.2000000e+02   +0.0000000e+00  
    +2.2000000e+02   +2.4000000e+02   +0.0000000e+00  
    +2.4000000e+02   +2.6000000e+02   +0.0000000e+00  
    +2.6000000e+02   +2.8000000e+02   +0.0000000e+00  
    +2.8000000e+02   +3.0000000e+02   +0.0000000e+00  
    +3.0000000e+02   +3.2000000e+02   +0.0000000e+00  
    +3.2000000e+02   +3.4000000e+02   +0.0000000e+00  
    +3.4000000e+02   +3.6000000e+02   +1.9542164e-04  
    +3.6000000e+02   +3.8000000e+02   +5.0965938e-04  
    +3.8000000e+02   +4.0000000e+02   +5.9817584e-04  
    +4.0000000e+02   +4.2000000e+02   +6.7062342e-04  
    +4.2000000e+02   +4.4000000e+02   +6.8762781e-04  
    +4.4000000e+02   +4.6000000e+02   +7.0013035e-04  
    +4.6000000e+02   +4.8000000e+02   +6.9932776e-04  
    +4.8000000e+02   +5.0000000e+02   +7.4017677e-04  
    +5.0000000e+02   +5.2000000e+02   +7.1508702e-04  
    +5.2000000e+02   +5.4000000e+02   +7.4249150e-04  
    +5.4000000e+02   +5.6000000e+02   +7.1413321e-04  
    +5.6000000e+02   +5.8000000e+02   +7.3272760e-04  
    +5.8000000e+02   +6.0000000e+02   +7.4330337e-04  
    +6.0000000e+02   +6.2000000e+02   +7.7509038e-04  
    +6.2000000e+02   +6.4000000e+02   +7.9324016e-04  
    +6.4000000e+02   +6.6000000e+02   +7.9514733e-04  
    +6.6000000e+02   +6.8000000e+02   +8.3399178e-04  
    +6.8000000e+02   +7.0000000e+02   +8.7169059e-04  
    +7.0000000e+02   +7.2000000e+02   +9.1403716e-04  
    +7.2000000e+02   +7.4000000e+02   +9.6252166e-04  
    +7.4000000e+02   +7.6000000e+02   +9.9013661e-04  
    +7.6000000e+02   +7.8000000e+02   +1.0881256e-03  
    +7.8000000e+02   +8.0000000e+02   +1.1438825e-03  
    +8.0000000e+02   +8.2000000e+02   +1.2548698e-03  
    +8.2000000e+02   +8.4000000e+02   +1.3628421e-03  
    +8.4000000e+02   +8.6000000e+02   +1.5291508e-03  
    +8.6000000e+02   +8.8000000e+02   +1.6795456e-03  
    +8.8000000e+02   +9.0000000e+02   +2.0103758e-03  
    +9.0000000e+02   +9.2000000e+02   +2.3265117e-03  
    +9.2000000e+02   +9.4000000e+02   +2.9409990e-03  
    +9.4000000e+02   +9.6000000e+02   +3.8521074e-03  
    +9.6000000e+02   +9.8000000e+02   +5.9296942e-03  
    +9.8000000e+02   +1.0000000e+03   +1.1567362e-01  
