-10.	0.	0.
0.	10.	0.
10.	20.	0.
20.	30.	0.
30.	40.	0.
40.	50.	0.
50.	60.	0.
60.	70.	0.
70.	80.	0.
80.	90.	0.
90.	100.	0.
100.	110.	0.
110.	120.	0.
120.	130.	0.
130.	140.	0.
140.	150.	0.
150.	160.	0.9818506
160.	170.	0.9592008
170.	180.	1.007095
180.	190.	1.004365
190.	200.	0.9646742
200.	210.	0.8539839
210.	220.	0.825636
220.	230.	0.8304396
230.	240.	0.7791573
240.	250.	0.7018983
250.	260.	0.7157775
260.	270.	0.6462362
270.	280.	0.5721481
280.	290.	0.5534534
290.	300.	0.529386
300.	310.	0.4878404
310.	320.	0.4759137
320.	330.	0.4088623
330.	340.	0.3876344
340.	350.	0.3843921
350.	360.	0.3270022
360.	370.	0.3331955
370.	380.	0.3066234
380.	390.	0.3568663
390.	400.	0.3077903
400.	410.	0.2693197
410.	420.	0.2483608
420.	430.	0.220596
430.	440.	0.2181629
440.	450.	0.2535994
450.	460.	0.1804591
460.	470.	0.1906117
470.	480.	0.17574
480.	490.	0.1836936
490.	500.	0.1437981
500.	510.	0.1722501
510.	520.	0.1286816
520.	530.	0.1168342
530.	540.	0.14738
540.	550.	0.1161074
550.	560.	0.1376969
560.	570.	0.122803
570.	580.	0.1035517
580.	590.	0.1034795
590.	600.	0.073149
600.	610.	0.08657415
610.	620.	0.091108
620.	630.	0.08241617
630.	640.	0.07712003
640.	650.	0.08274911
650.	660.	0.07488021
660.	670.	0.07844232
670.	680.	0.06566713
680.	690.	0.04828098
690.	700.	0.05550941
700.	710.	0.04847335
710.	720.	0.06087685
720.	730.	0.05500432
730.	740.	0.04073376
740.	750.	0.03941611
750.	760.	0.04809154
760.	770.	0.04154842
770.	780.	0.04282715
780.	790.	0.03608181
790.	800.	0.0413038
800.	810.	0.03351085
810.	820.	0.03212573
820.	830.	0.03697192
830.	840.	0.02880573
840.	850.	0.02754256
850.	860.	0.02821216
860.	870.	0.02952249
870.	880.	0.02906469
880.	890.	0.0256518
890.	900.	0.02609064
900.	910.	0.02158063
910.	920.	0.02200207
920.	930.	0.02343088
930.	940.	0.01945986
940.	950.	0.01923815
950.	960.	0.01824228
960.	970.	0.01770511
970.	980.	0.01942381
980.	990.	0.02158397
990.	1000.	0.01861808
1000.	1010.	0.01723588
1010.	1020.	0.01568709
1020.	1030.	0.0161747
1030.	1040.	0.01345679
1040.	1050.	0.01299892
1050.	1060.	0.01153353
1060.	1070.	0.01457514
1070.	1080.	0.01490583
1080.	1090.	0.01437066
1090.	1100.	0.01021618
1100.	1110.	0.01195971
1110.	1120.	0.01167399
1120.	1130.	0.01082279
1130.	1140.	0.008610969
1140.	1150.	0.007985037
1150.	1160.	0.009822095
1160.	1170.	0.008332452
1170.	1180.	0.008547522
1180.	1190.	0.008546722
1190.	1200.	0.009155761
1200.	1210.	0.007079129
1210.	1220.	0.007460236
1220.	1230.	0.007317112
1230.	1240.	0.006628556
1240.	1250.	0.006570781
1250.	1260.	0.00564531
1260.	1270.	0.006390311
1270.	1280.	0.005723857
1280.	1290.	0.00680257
1290.	1300.	0.006213256
1300.	1310.	0.006380061
1310.	1320.	0.006250657
1320.	1330.	0.005033395
1330.	1340.	0.00576114
1340.	1350.	0.004899844
1350.	1360.	0.005491647
1360.	1370.	0.005137103
1370.	1380.	0.004620904
1380.	1390.	0.004091752
1390.	1400.	0.004179589
1400.	1410.	0.004521627
1410.	1420.	0.004247212
1420.	1430.	0.004183915
1430.	1440.	0.004244138
1440.	1450.	0.00341854
1450.	1460.	0.004221596
1460.	1470.	0.003532585
1470.	1480.	0.002972513
1480.	1490.	0.003671748
1490.	1500.	0.003979899
1500.	1510.	0.003409243
1510.	1520.	0.003459272
1520.	1530.	0.002867706
1530.	1540.	0.003068933
1540.	1550.	0.002896515
1550.	1560.	0.002611959
1560.	1570.	0.002885926
1570.	1580.	0.002662429
1580.	1590.	0.002784727
1590.	1600.	0.002705397
1600.	1610.	0.002579953
1610.	1620.	0.002336858
1620.	1630.	0.002146922
1630.	1640.	0.002183721
1640.	1650.	0.00232585
1650.	1660.	0.002119118
1660.	1670.	0.001955181
1670.	1680.	0.001996068
1680.	1690.	0.001965149
1690.	1700.	0.002207239
1700.	1710.	0.002224068
1710.	1720.	0.001814051
1720.	1730.	0.001956741
1730.	1740.	0.001727467
1740.	1750.	0.001544792
1750.	1760.	0.001832889
1760.	1770.	0.00142108
1770.	1780.	0.001879062
1780.	1790.	0.001530135
1790.	1800.	0.001576781
1800.	1810.	0.001574823
1810.	1820.	0.00126928
1820.	1830.	0.001528341
1830.	1840.	0.001513854
1840.	1850.	0.001438062
1850.	1860.	0.001382582
1860.	1870.	0.001429575
1870.	1880.	0.001320818
1880.	1890.	0.001200082
1890.	1900.	0.001215029
1900.	1910.	0.00115334
1910.	1920.	0.001247842
1920.	1930.	0.00101862
1930.	1940.	0.001187572
1940.	1950.	0.001022284
1950.	1960.	0.0009712556
1960.	1970.	0.001030238
1970.	1980.	0.0008821167
1980.	1990.	0.0009715991
1990.	2000.	0.0008813045
2000.	2010.	0.0009903712
2010.	2020.	0.0009763936
2020.	2030.	0.0008731565
2030.	2040.	0.0008707984
2040.	2050.	0.0007997609
2050.	2060.	0.0007665602
2060.	2070.	0.0007550747
2070.	2080.	0.0007160782
2080.	2090.	0.000733749
2090.	2100.	0.0006637862
2100.	2110.	0.0007402704
2110.	2120.	0.0006332271
2120.	2130.	0.0007660801
2130.	2140.	0.000646449
2140.	2150.	0.0008239552
2150.	2160.	0.0007558459
2160.	2170.	0.0005777105
2170.	2180.	0.0006424409
2180.	2190.	0.000575029
2190.	2200.	0.0005679815
2200.	2210.	0.0005959779
2210.	2220.	0.0005270209
2220.	2230.	0.0005242093
2230.	2240.	0.0005712239
2240.	2250.	0.0005657593
2250.	2260.	0.000576079
2260.	2270.	0.000569623
2270.	2280.	0.000487565
2280.	2290.	0.0005630534
2290.	2300.	0.000492298
2300.	2310.	0.0005138694
2310.	2320.	0.0004219219
2320.	2330.	0.0004102494
2330.	2340.	0.0004369651
2340.	2350.	0.0004382647
2350.	2360.	0.0003077093
2360.	2370.	0.0003451576
2370.	2380.	0.0004387155
2380.	2390.	0.0003803481
2390.	2400.	0.0003872037
2400.	2410.	0.0003312879
2410.	2420.	0.0003748817
2420.	2430.	0.0003397905
2430.	2440.	0.0004005909
2440.	2450.	0.0003611237
2450.	2460.	0.0003523123
2460.	2470.	0.000305386
2470.	2480.	0.00031241
2480.	2490.	0.000307349
2490.	2500.	0.0003552809
2500.	2510.	0.0003599521
2510.	2520.	0.0002918141
2520.	2530.	0.0002437652
2530.	2540.	0.0003373606
2540.	2550.	0.0002491153
2550.	2560.	0.0002287985
2560.	2570.	0.0002686255
2570.	2580.	0.0002690457
2580.	2590.	0.0002371366
2590.	2600.	0.0002371521
2600.	2610.	0.0002309591
2610.	2620.	0.0001923428
2620.	2630.	0.0002384974
2630.	2640.	0.0002214747
2640.	2650.	0.0001919131
2650.	2660.	0.0001930908
2660.	2670.	0.0001488465
2670.	2680.	0.0002022513
2680.	2690.	0.0001595017
2690.	2700.	0.0002048438
2700.	2710.	0.0001744132
2710.	2720.	0.0001397795
2720.	2730.	0.000170019
2730.	2740.	0.0001678247
2740.	2750.	0.0001384919
2750.	2760.	0.0001802112
2760.	2770.	0.0001674605
2770.	2780.	0.0002024122
2780.	2790.	0.0001510257
2790.	2800.	0.0001701173
2800.	2810.	0.000137806
2810.	2820.	0.0001546834
2820.	2830.	0.0001304556
2830.	2840.	0.0001375815
2840.	2850.	0.000147826
2850.	2860.	0.0001444626
2860.	2870.	0.0001349339
2870.	2880.	0.0001551573
2880.	2890.	0.0001382534
2890.	2900.	0.0001497755
2900.	2910.	0.0001365942
2910.	2920.	0.000117955
2920.	2930.	0.0001396438
2930.	2940.	0.0001283199
2940.	2950.	0.000103174
2950.	2960.	0.0001017309
2960.	2970.	0.0001014476
2970.	2980.	0.0001075221
2980.	2990.	0.00008362356
2990.	3000.	0.0001116305
3000.	3010.	0.0001258133
3010.	3020.	0.000114889
3020.	3030.	0.0001003218
3030.	3040.	0.00008972763
3040.	3050.	0.00009210615
3050.	3060.	0.00008086169
3060.	3070.	0.00009065114
3070.	3080.	0.00008081124
3080.	3090.	0.00008187316
3090.	3100.	0.00008523459
3100.	3110.	0.00008126393
3110.	3120.	0.00006697294
3120.	3130.	0.00008261935
3130.	3140.	0.00007948338
3140.	3150.	0.00006516277
3150.	3160.	0.0000680381
3160.	3170.	0.0000489909
3170.	3180.	0.00007134787
3180.	3190.	0.00006840927
3190.	3200.	0.00006560691
3200.	3210.	0.00005402837
3210.	3220.	0.00006160225
3220.	3230.	0.00004109765
3230.	3240.	0.00005552018
3240.	3250.	0.00007342595
3250.	3260.	0.00005820117
3260.	3270.	0.00006109775
3270.	3280.	0.00005504889
3280.	3290.	0.00004702803
3290.	3300.	0.00004407255
3300.	3310.	0.00005322125
3310.	3320.	0.000056632
3320.	3330.	0.0000528151
3330.	3340.	0.00004921074
3340.	3350.	0.00004267902
3350.	3360.	0.0000378018
3360.	3370.	0.00005502921
3370.	3380.	0.00004098704
3380.	3390.	0.00003247181
3390.	3400.	0.00004237501
3400.	3410.	0.00004739854
3410.	3420.	0.00004187497
3420.	3430.	0.00004323656
3430.	3440.	0.0000368633
3440.	3450.	0.00004006856
3450.	3460.	0.00003114966
3460.	3470.	0.00002883351
3470.	3480.	0.00003460312
3480.	3490.	0.00002900354
3490.	3500.	0.00003632392
3500.	3510.	0.00003428117
3510.	3520.	0.00003534138
3520.	3530.	0.00003671357
3530.	3540.	0.00003837467
3540.	3550.	0.00002710732
3550.	3560.	0.00002901698
3560.	3570.	0.00002767374
3570.	3580.	0.0000325177
3580.	3590.	0.00003436042
3590.	3600.	0.00002908582
3600.	3610.	0.00002889228
3610.	3620.	0.00001862534
3620.	3630.	0.00002394449
3630.	3640.	0.00003077269
3640.	3650.	0.00002376605
3650.	3660.	0.00003021065
3660.	3670.	0.00002345724
3670.	3680.	0.0000160583
3680.	3690.	0.00002008878
3690.	3700.	0.00001997443
3700.	3710.	0.00002151533
3710.	3720.	0.00002423483
3720.	3730.	0.00001836052
3730.	3740.	0.00001375973
3740.	3750.	0.00001807168
3750.	3760.	0.00001254486
3760.	3770.	0.00001872407
3770.	3780.	0.00001602357
3780.	3790.	0.00002013018
3790.	3800.	0.00001355237
3800.	3810.	0.00001303473
3810.	3820.	0.00001279252
3820.	3830.	0.00001926263
3830.	3840.	0.00001399852
3840.	3850.	0.00001329497
3850.	3860.	0.00001475815
3860.	3870.	0.00001967156
3870.	3880.	0.00001252406
3880.	3890.	0.00001381554
3890.	3900.	0.00001456154
3900.	3910.	0.00001647485
3910.	3920.	0.00001260939
3920.	3930.	0.00001617854
3930.	3940.	0.00001018162
3940.	3950.	9.92586e-6
3950.	3960.	0.00001035073
3960.	3970.	9.602172e-6
3970.	3980.	0.00001173328
3980.	3990.	0.00001013485
3990.	4000.	9.61237e-6
4000.	4010.	9.802334e-6
4010.	4020.	0.00001017757
4020.	4030.	9.203231e-6
4030.	4040.	8.30578e-6
4040.	4050.	6.966925e-6
4050.	4060.	9.898191e-6
4060.	4070.	6.032708e-6
4070.	4080.	6.832996e-6
4080.	4090.	8.185593e-6
4090.	4100.	8.320533e-6
4100.	4110.	7.602811e-6
4110.	4120.	7.894682e-6
4120.	4130.	6.288322e-6
4130.	4140.	4.752273e-6
4140.	4150.	5.811362e-6
4150.	4160.	5.694787e-6
4160.	4170.	4.989979e-6
4170.	4180.	6.704646e-6
4180.	4190.	6.395691e-6
4190.	4200.	5.913503e-6
4200.	4210.	6.2447e-6
4210.	4220.	7.193999e-6
4220.	4230.	5.995464e-6
4230.	4240.	4.843197e-6
4240.	4250.	3.782309e-6
4250.	4260.	5.413803e-6
4260.	4270.	3.916931e-6
4270.	4280.	6.783492e-6
4280.	4290.	3.312067e-6
4290.	4300.	6.8406e-6
4300.	4310.	3.689486e-6
4310.	4320.	4.688596e-6
4320.	4330.	2.005621e-6
4330.	4340.	2.729921e-6
4340.	4350.	3.388453e-6
4350.	4360.	2.376113e-6
4360.	4370.	4.456995e-6
4370.	4380.	3.316532e-6
4380.	4390.	3.049624e-6
4390.	4400.	2.759911e-6
4400.	4410.	3.23468e-6
4410.	4420.	4.749828e-6
4420.	4430.	2.878747e-6
4430.	4440.	2.538087e-6
4440.	4450.	3.337906e-6
4450.	4460.	2.877587e-6
4460.	4470.	2.551389e-6
4470.	4480.	1.926065e-6
4480.	4490.	9.165057e-7
4490.	4500.	1.785108e-6
4500.	4510.	1.44635e-6
4510.	4520.	1.956649e-6
4520.	4530.	8.082349e-7
4530.	4540.	1.822176e-6
4540.	4550.	1.914419e-6
4550.	4560.	2.321637e-6
4560.	4570.	1.270567e-6
4570.	4580.	4.539598e-7
4580.	4590.	2.937031e-6
4590.	4600.	9.317972e-7
4600.	4610.	1.441305e-6
4610.	4620.	1.821255e-6
4620.	4630.	1.923885e-6
4630.	4640.	9.010568e-7
4640.	4650.	6.179971e-7
4650.	4660.	9.213363e-7
4660.	4670.	1.582505e-6
4670.	4680.	1.493718e-6
4680.	4690.	4.307341e-7
4690.	4700.	1.067949e-6
4700.	4710.	4.381259e-7
4710.	4720.	8.254436e-7
4720.	4730.	1.042549e-6
4730.	4740.	6.020632e-7
4740.	4750.	8.557057e-7
4750.	4760.	3.973962e-7
4760.	4770.	5.773479e-7
4770.	4780.	1.008615e-6
4780.	4790.	3.98916e-7
4790.	4800.	6.080934e-7
4800.	4810.	2.008348e-7
4810.	4820.	1.35502e-6
4820.	4830.	5.675892e-7
4830.	4840.	0.
4840.	4850.	3.862577e-7
4850.	4860.	0.
4860.	4870.	3.787286e-7
4870.	4880.	3.655213e-7
4880.	4890.	1.827245e-7
4890.	4900.	5.428099e-7
4900.	4910.	0.
4910.	4920.	0.
4920.	4930.	1.777946e-7
4930.	4940.	1.760169e-7
4940.	4950.	0.
4950.	4960.	1.717331e-7
4960.	4970.	1.715734e-7
4970.	4980.	0.
4980.	4990.	0.
4990.	5000.	0.
5000.	5010.	0.
5010.	5020.	0.
5020.	5030.	0.
5030.	5040.	0.
5040.	5050.	0.
5050.	5060.	0.
5060.	5070.	0.
5070.	5080.	0.
5080.	5090.	0.
5090.	5100.	0.
5100.	5110.	0.
5110.	5120.	0.
5120.	5130.	0.
5130.	5140.	0.
5140.	5150.	0.
5150.	5160.	0.
5160.	5170.	0.
5170.	5180.	0.
5180.	5190.	0.
5190.	5200.	0.
5200.	5210.	0.
5210.	5220.	0.
5220.	5230.	0.
5230.	5240.	0.
5240.	5250.	0.
5250.	5260.	0.
5260.	5270.	0.
5270.	5280.	0.
5280.	5290.	0.
5290.	5300.	0.
5300.	5310.	0.
5310.	5320.	0.
5320.	5330.	0.
5330.	5340.	0.
5340.	5350.	0.
5350.	5360.	0.
5360.	5370.	0.
5370.	5380.	0.
5380.	5390.	0.
5390.	5400.	0.
5400.	5410.	0.
5410.	5420.	0.
5420.	5430.	0.
5430.	5440.	0.
5440.	5450.	0.
5450.	5460.	0.
5460.	5470.	0.
5470.	5480.	0.
5480.	5490.	0.
5490.	5500.	0.
5500.	5510.	0.
5510.	5520.	0.
5520.	5530.	0.
5530.	5540.	0.
5540.	5550.	0.
5550.	5560.	0.
5560.	5570.	0.
5570.	5580.	0.
5580.	5590.	0.
5590.	5600.	0.
5600.	5610.	0.
5610.	5620.	0.
5620.	5630.	0.
5630.	5640.	0.
5640.	5650.	0.
5650.	5660.	0.
5660.	5670.	0.
5670.	5680.	0.
5680.	5690.	0.
5690.	5700.	0.
5700.	5710.	0.
5710.	5720.	0.
5720.	5730.	0.
5730.	5740.	0.
5740.	5750.	0.
5750.	5760.	0.
5760.	5770.	0.
5770.	5780.	0.
5780.	5790.	0.
5790.	5800.	0.
5800.	5810.	0.
5810.	5820.	0.
5820.	5830.	0.
5830.	5840.	0.
5840.	5850.	0.
5850.	5860.	0.
5860.	5870.	0.
5870.	5880.	0.
5880.	5890.	0.
5890.	5900.	0.
5900.	5910.	0.
5910.	5920.	0.
5920.	5930.	0.
5930.	5940.	0.
5940.	5950.	0.
5950.	5960.	0.
5960.	5970.	0.
5970.	5980.	0.
5980.	5990.	0.
5990.	6000.	0.
6000.	6010.	0.
6010.	6020.	0.
6020.	6030.	0.
6030.	6040.	0.
6040.	6050.	0.
6050.	6060.	0.
6060.	6070.	0.
6070.	6080.	0.
6080.	6090.	0.
6090.	6100.	0.
6100.	6110.	0.
6110.	6120.	0.
6120.	6130.	0.
6130.	6140.	0.
6140.	6150.	0.
6150.	6160.	0.
6160.	6170.	0.
6170.	6180.	0.
6180.	6190.	0.
6190.	6200.	0.
6200.	6210.	0.
6210.	6220.	0.
6220.	6230.	0.
6230.	6240.	0.
6240.	6250.	0.
6250.	6260.	0.
6260.	6270.	0.
6270.	6280.	0.
6280.	6290.	0.
6290.	6300.	0.
6300.	6310.	0.
6310.	6320.	0.
6320.	6330.	0.
6330.	6340.	0.
6340.	6350.	0.
6350.	6360.	0.
6360.	6370.	0.
6370.	6380.	0.
6380.	6390.	0.
6390.	6400.	0.
6400.	6410.	0.
6410.	6420.	0.
6420.	6430.	0.
6430.	6440.	0.
6440.	6450.	0.
6450.	6460.	0.
6460.	6470.	0.
6470.	6480.	0.
6480.	6490.	0.
6490.	6500.	0.
6500.	6510.	0.
6510.	6520.	0.
6520.	6530.	0.
6530.	6540.	0.
6540.	6550.	0.
6550.	6560.	0.
6560.	6570.	0.
6570.	6580.	0.
6580.	6590.	0.
6590.	6600.	0.
6600.	6610.	0.
6610.	6620.	0.
6620.	6630.	0.
6630.	6640.	0.
6640.	6650.	0.
6650.	6660.	0.
6660.	6670.	0.
6670.	6680.	0.
6680.	6690.	0.
6690.	6700.	0.
6700.	6710.	0.
6710.	6720.	0.
6720.	6730.	0.
6730.	6740.	0.
6740.	6750.	0.
6750.	6760.	0.
6760.	6770.	0.
6770.	6780.	0.
6780.	6790.	0.
6790.	6800.	0.
6800.	6810.	0.
6810.	6820.	0.
6820.	6830.	0.
6830.	6840.	0.
6840.	6850.	0.
6850.	6860.	0.
6860.	6870.	0.
6870.	6880.	0.
6880.	6890.	0.
6890.	6900.	0.
6900.	6910.	0.
6910.	6920.	0.
6920.	6930.	0.
6930.	6940.	0.
6940.	6950.	0.
6950.	6960.	0.
6960.	6970.	0.
6970.	6980.	0.
6980.	6990.	0.
6990.	7000.	0.
7000.	7010.	0.
7010.	7020.	0.
7020.	7030.	0.
7030.	7040.	0.
7040.	7050.	0.
7050.	7060.	0.
7060.	7070.	0.
7070.	7080.	0.
7080.	7090.	0.
7090.	7100.	0.
7100.	7110.	0.
7110.	7120.	0.
7120.	7130.	0.
7130.	7140.	0.
7140.	7150.	0.
7150.	7160.	0.
7160.	7170.	0.
7170.	7180.	0.
7180.	7190.	0.
7190.	7200.	0.
7200.	7210.	0.
7210.	7220.	0.
7220.	7230.	0.
7230.	7240.	0.
7240.	7250.	0.
7250.	7260.	0.
7260.	7270.	0.
7270.	7280.	0.
7280.	7290.	0.
7290.	7300.	0.
7300.	7310.	0.
7310.	7320.	0.
7320.	7330.	0.
7330.	7340.	0.
7340.	7350.	0.
7350.	7360.	0.
7360.	7370.	0.
7370.	7380.	0.
7380.	7390.	0.
7390.	7400.	0.
7400.	7410.	0.
7410.	7420.	0.
7420.	7430.	0.
7430.	7440.	0.
7440.	7450.	0.
7450.	7460.	0.
7460.	7470.	0.
7470.	7480.	0.
7480.	7490.	0.
7490.	7500.	0.
7500.	7510.	0.
7510.	7520.	0.
7520.	7530.	0.
7530.	7540.	0.
7540.	7550.	0.
7550.	7560.	0.
7560.	7570.	0.
7570.	7580.	0.
7580.	7590.	0.
7590.	7600.	0.
7600.	7610.	0.
7610.	7620.	0.
7620.	7630.	0.
7630.	7640.	0.
7640.	7650.	0.
7650.	7660.	0.
7660.	7670.	0.
7670.	7680.	0.
7680.	7690.	0.
7690.	7700.	0.
7700.	7710.	0.
7710.	7720.	0.
7720.	7730.	0.
7730.	7740.	0.
7740.	7750.	0.
7750.	7760.	0.
7760.	7770.	0.
7770.	7780.	0.
7780.	7790.	0.
7790.	7800.	0.
7800.	7810.	0.
7810.	7820.	0.
7820.	7830.	0.
7830.	7840.	0.
7840.	7850.	0.
7850.	7860.	0.
7860.	7870.	0.
7870.	7880.	0.
7880.	7890.	0.
7890.	7900.	0.
7900.	7910.	0.
7910.	7920.	0.
7920.	7930.	0.
7930.	7940.	0.
7940.	7950.	0.
7950.	7960.	0.
7960.	7970.	0.
7970.	7980.	0.
7980.	7990.	0.
7990.	8000.	0.
8000.	8010.	0.
8010.	8020.	0.
8020.	8030.	0.
8030.	8040.	0.
8040.	8050.	0.
8050.	8060.	0.
8060.	8070.	0.
8070.	8080.	0.
8080.	8090.	0.
8090.	8100.	0.
8100.	8110.	0.
8110.	8120.	0.
8120.	8130.	0.
8130.	8140.	0.
8140.	8150.	0.
8150.	8160.	0.
8160.	8170.	0.
8170.	8180.	0.
8180.	8190.	0.
8190.	8200.	0.
8200.	8210.	0.
8210.	8220.	0.
8220.	8230.	0.
8230.	8240.	0.
8240.	8250.	0.
8250.	8260.	0.
8260.	8270.	0.
8270.	8280.	0.
8280.	8290.	0.
8290.	8300.	0.
8300.	8310.	0.
8310.	8320.	0.
8320.	8330.	0.
8330.	8340.	0.
8340.	8350.	0.
8350.	8360.	0.
8360.	8370.	0.
8370.	8380.	0.
8380.	8390.	0.
8390.	8400.	0.
8400.	8410.	0.
8410.	8420.	0.
8420.	8430.	0.
8430.	8440.	0.
8440.	8450.	0.
8450.	8460.	0.
8460.	8470.	0.
8470.	8480.	0.
8480.	8490.	0.
8490.	8500.	0.
8500.	8510.	0.
8510.	8520.	0.
8520.	8530.	0.
8530.	8540.	0.
8540.	8550.	0.
8550.	8560.	0.
8560.	8570.	0.
8570.	8580.	0.
8580.	8590.	0.
8590.	8600.	0.
8600.	8610.	0.
8610.	8620.	0.
8620.	8630.	0.
8630.	8640.	0.
8640.	8650.	0.
8650.	8660.	0.
8660.	8670.	0.
8670.	8680.	0.
8680.	8690.	0.
8690.	8700.	0.
8700.	8710.	0.
8710.	8720.	0.
8720.	8730.	0.
8730.	8740.	0.
8740.	8750.	0.
8750.	8760.	0.
8760.	8770.	0.
8770.	8780.	0.
8780.	8790.	0.
8790.	8800.	0.
8800.	8810.	0.
8810.	8820.	0.
8820.	8830.	0.
8830.	8840.	0.
8840.	8850.	0.
8850.	8860.	0.
8860.	8870.	0.
8870.	8880.	0.
8880.	8890.	0.
8890.	8900.	0.
8900.	8910.	0.
8910.	8920.	0.
8920.	8930.	0.
8930.	8940.	0.
8940.	8950.	0.
8950.	8960.	0.
8960.	8970.	0.
8970.	8980.	0.
8980.	8990.	0.
8990.	9000.	0.
9000.	9010.	0.
9010.	9020.	0.
9020.	9030.	0.
9030.	9040.	0.
9040.	9050.	0.
9050.	9060.	0.
9060.	9070.	0.
9070.	9080.	0.
9080.	9090.	0.
9090.	9100.	0.
9100.	9110.	0.
9110.	9120.	0.
9120.	9130.	0.
9130.	9140.	0.
9140.	9150.	0.
9150.	9160.	0.
9160.	9170.	0.
9170.	9180.	0.
9180.	9190.	0.
9190.	9200.	0.
9200.	9210.	0.
9210.	9220.	0.
9220.	9230.	0.
9230.	9240.	0.
9240.	9250.	0.
9250.	9260.	0.
9260.	9270.	0.
9270.	9280.	0.
9280.	9290.	0.
9290.	9300.	0.
9300.	9310.	0.
9310.	9320.	0.
9320.	9330.	0.
9330.	9340.	0.
9340.	9350.	0.
9350.	9360.	0.
9360.	9370.	0.
9370.	9380.	0.
9380.	9390.	0.
9390.	9400.	0.
9400.	9410.	0.
9410.	9420.	0.
9420.	9430.	0.
9430.	9440.	0.
9440.	9450.	0.
9450.	9460.	0.
9460.	9470.	0.
9470.	9480.	0.
9480.	9490.	0.
9490.	9500.	0.
9500.	9510.	0.
9510.	9520.	0.
9520.	9530.	0.
9530.	9540.	0.
9540.	9550.	0.
9550.	9560.	0.
9560.	9570.	0.
9570.	9580.	0.
9580.	9590.	0.
9590.	9600.	0.
9600.	9610.	0.
9610.	9620.	0.
9620.	9630.	0.
9630.	9640.	0.
9640.	9650.	0.
9650.	9660.	0.
9660.	9670.	0.
9670.	9680.	0.
9680.	9690.	0.
9690.	9700.	0.
9700.	9710.	0.
9710.	9720.	0.
9720.	9730.	0.
9730.	9740.	0.
9740.	9750.	0.
9750.	9760.	0.
9760.	9770.	0.
9770.	9780.	0.
9780.	9790.	0.
9790.	9800.	0.
9800.	9810.	0.
9810.	9820.	0.
9820.	9830.	0.
9830.	9840.	0.
9840.	9850.	0.
9850.	9860.	0.
9860.	9870.	0.
9870.	9880.	0.
9880.	9890.	0.
9890.	9900.	0.
9900.	9910.	0.
9910.	9920.	0.
9920.	9930.	0.
9930.	9940.	0.
9940.	9950.	0.
9950.	9960.	0.
9960.	9970.	0.
9970.	9980.	0.
9980.	9990.	0.
9990.	10000.	0.
10000.	10010.	0.