-10.	0.	0.
0.	10.	0.
10.	20.	0.
20.	30.	0.
30.	40.	0.
40.	50.	0.
50.	60.	0.
60.	70.	0.
70.	80.	0.
80.	90.	0.
90.	100.	0.
100.	110.	0.
110.	120.	0.
120.	130.	0.
130.	140.	0.
140.	150.	0.
150.	160.	0.3581164
160.	170.	0.3757865
170.	180.	0.3684292
180.	190.	0.4334841
190.	200.	0.3796253
200.	210.	0.4601153
210.	220.	0.4346879
220.	230.	0.4576511
230.	240.	0.4492687
240.	250.	0.4506474
250.	260.	0.4560064
260.	270.	0.3878543
270.	280.	0.4033407
280.	290.	0.3737339
290.	300.	0.400832
300.	310.	0.3578386
310.	320.	0.3676072
320.	330.	0.3453517
330.	340.	0.3512946
340.	350.	0.3167391
350.	360.	0.2904505
360.	370.	0.2763402
370.	380.	0.3023391
380.	390.	0.2718381
390.	400.	0.2328661
400.	410.	0.2733215
410.	420.	0.2474168
420.	430.	0.2101895
430.	440.	0.2119614
440.	450.	0.2200166
450.	460.	0.1841759
460.	470.	0.1862945
470.	480.	0.1835467
480.	490.	0.1643128
490.	500.	0.1347312
500.	510.	0.1464301
510.	520.	0.1481721
520.	530.	0.1548328
530.	540.	0.1685844
540.	550.	0.1162229
550.	560.	0.140254
560.	570.	0.1236809
570.	580.	0.1006688
580.	590.	0.09684648
590.	600.	0.09481318
600.	610.	0.09923036
610.	620.	0.07741097
620.	630.	0.08078586
630.	640.	0.07982653
640.	650.	0.08282564
650.	660.	0.07986051
660.	670.	0.06896099
670.	680.	0.07521226
680.	690.	0.07136598
690.	700.	0.06157744
700.	710.	0.07261185
710.	720.	0.06641787
720.	730.	0.06075312
730.	740.	0.05552587
740.	750.	0.05261692
750.	760.	0.04741586
760.	770.	0.0428699
770.	780.	0.05271955
780.	790.	0.0496453
790.	800.	0.0314615
800.	810.	0.03719756
810.	820.	0.050741
820.	830.	0.04321099
830.	840.	0.03801068
840.	850.	0.0452203
850.	860.	0.04472992
860.	870.	0.04286581
870.	880.	0.03698636
880.	890.	0.03316578
890.	900.	0.03122272
900.	910.	0.03032616
910.	920.	0.02967588
920.	930.	0.02932567
930.	940.	0.02765197
940.	950.	0.02759122
950.	960.	0.02513498
960.	970.	0.02587124
970.	980.	0.02307645
980.	990.	0.02422004
990.	1000.	0.0290189
1000.	1010.	0.02336179
1010.	1020.	0.01689717
1020.	1030.	0.02085989
1030.	1040.	0.01847355
1040.	1050.	0.02307996
1050.	1060.	0.01590623
1060.	1070.	0.01840415
1070.	1080.	0.01876714
1080.	1090.	0.01150993
1090.	1100.	0.01594662
1100.	1110.	0.01792401
1110.	1120.	0.02186308
1120.	1130.	0.01444576
1130.	1140.	0.01870218
1140.	1150.	0.01458628
1150.	1160.	0.01459493
1160.	1170.	0.01115613
1170.	1180.	0.01481981
1180.	1190.	0.01519557
1190.	1200.	0.01327991
1200.	1210.	0.01269398
1210.	1220.	0.0111261
1220.	1230.	0.01287578
1230.	1240.	0.01217985
1240.	1250.	0.005959549
1250.	1260.	0.006369842
1260.	1270.	0.01038177
1270.	1280.	0.01056066
1280.	1290.	0.009040696
1290.	1300.	0.006867654
1300.	1310.	0.006680916
1310.	1320.	0.006737741
1320.	1330.	0.009172071
1330.	1340.	0.009913483
1340.	1350.	0.005246881
1350.	1360.	0.005964878
1360.	1370.	0.005967793
1370.	1380.	0.006868368
1380.	1390.	0.006856785
1390.	1400.	0.008002295
1400.	1410.	0.00816654
1410.	1420.	0.009660235
1420.	1430.	0.009310219
1430.	1440.	0.007974174
1440.	1450.	0.006804196
1450.	1460.	0.005339204
1460.	1470.	0.008116771
1470.	1480.	0.005496791
1480.	1490.	0.006550394
1490.	1500.	0.008898864
1500.	1510.	0.004789099
1510.	1520.	0.005799307
1520.	1530.	0.004345002
1530.	1540.	0.002600939
1540.	1550.	0.003348368
1550.	1560.	0.004689431
1560.	1570.	0.003532313
1570.	1580.	0.006390151
1580.	1590.	0.007354113
1590.	1600.	0.003530477
1600.	1610.	0.004180379
1610.	1620.	0.00461782
1620.	1630.	0.004350432
1630.	1640.	0.001916997
1640.	1650.	0.002380944
1650.	1660.	0.004420227
1660.	1670.	0.003136837
1670.	1680.	0.004821602
1680.	1690.	0.002002594
1690.	1700.	0.003376442
1700.	1710.	0.003519084
1710.	1720.	0.002891174
1720.	1730.	0.003206086
1730.	1740.	0.0026301
1740.	1750.	0.001814425
1750.	1760.	0.001636938
1760.	1770.	0.001438163
1770.	1780.	0.002422231
1780.	1790.	0.001641433
1790.	1800.	0.002589973
1800.	1810.	0.001551047
1810.	1820.	0.004492136
1820.	1830.	0.002713797
1830.	1840.	0.003416137
1840.	1850.	0.004027031
1850.	1860.	0.002886354
1860.	1870.	0.002761623
1870.	1880.	0.0008841106
1880.	1890.	0.001220575
1890.	1900.	0.0008880321
1900.	1910.	0.002615993
1910.	1920.	0.001469289
1920.	1930.	0.001437013
1930.	1940.	0.001467167
1940.	1950.	0.002732085
1950.	1960.	0.0009451249
1960.	1970.	0.00187379
1970.	1980.	0.0009576144
1980.	1990.	0.0007515783
1990.	2000.	0.000970101
2000.	2010.	0.001045597
2010.	2020.	0.001025657
2020.	2030.	0.0007606857
2030.	2040.	0.0007355022
2040.	2050.	0.0008914535
2050.	2060.	0.0007461892
2060.	2070.	0.0005434526
2070.	2080.	0.002127583
2080.	2090.	0.0008347426
2090.	2100.	0.0008159191
2100.	2110.	0.000792123
2110.	2120.	0.0005405844
2120.	2130.	0.001000467
2130.	2140.	0.0009876432
2140.	2150.	0.0006773193
2150.	2160.	0.0004938542
2160.	2170.	0.0009731585
2170.	2180.	0.001395937
2180.	2190.	0.0005175807
2190.	2200.	0.001264404
2200.	2210.	0.0005111726
2210.	2220.	0.0006617447
2220.	2230.	0.0005086737
2230.	2240.	0.001401076
2240.	2250.	0.0005787657
2250.	2260.	0.0005000058
2260.	2270.	0.00046662
2270.	2280.	0.000571764
2280.	2290.	0.0004276172
2290.	2300.	0.000470082
2300.	2310.	0.0005506412
2310.	2320.	0.0006175984
2320.	2330.	0.0007108028
2330.	2340.	0.0008715733
2340.	2350.	0.0004813519
2350.	2360.	0.001907416
2360.	2370.	0.0003475795
2370.	2380.	0.000423211
2380.	2390.	0.0003395159
2390.	2400.	0.0002846701
2400.	2410.	0.0005833024
2410.	2420.	0.0003395695
2420.	2430.	0.000264801
2430.	2440.	0.001829947
2440.	2450.	0.002173333
2450.	2460.	0.0005907704
2460.	2470.	0.001557097
2470.	2480.	0.0005154918
2480.	2490.	0.0003051073
2490.	2500.	0.00039707
2500.	2510.	0.0003225174
2510.	2520.	0.0009086051
2520.	2530.	0.0003422113
2530.	2540.	0.0002907571
2540.	2550.	0.001632227
2550.	2560.	0.0002014466
2560.	2570.	0.0004000838
2570.	2580.	0.0002579421
2580.	2590.	0.0001761726
2590.	2600.	0.0003182892
2600.	2610.	0.0005552789
2610.	2620.	0.0002477902
2620.	2630.	0.0002233983
2630.	2640.	0.000442718
2640.	2650.	0.000227391
2650.	2660.	0.0001671453
2660.	2670.	0.0001607182
2670.	2680.	0.0003386424
2680.	2690.	0.0002725836
2690.	2700.	0.0002701719
2700.	2710.	0.0001905758
2710.	2720.	0.0001801484
2720.	2730.	0.0004512791
2730.	2740.	0.0001374075
2740.	2750.	0.0001354884
2750.	2760.	0.0001407411
2760.	2770.	0.0002800077
2770.	2780.	0.0001456753
2780.	2790.	0.0001023183
2790.	2800.	0.0001228818
2800.	2810.	0.0001072389
2810.	2820.	0.000343174
2820.	2830.	0.000125002
2830.	2840.	0.0001206612
2840.	2850.	0.0001294863
2850.	2860.	0.0001258925
2860.	2870.	0.0001325254
2870.	2880.	0.0002808564
2880.	2890.	0.0001065352
2890.	2900.	0.0001009372
2900.	2910.	0.0002273816
2910.	2920.	0.000148754
2920.	2930.	0.0000949973
2930.	2940.	0.00008374972
2940.	2950.	0.0001198288
2950.	2960.	0.00009169519
2960.	2970.	0.0001027212
2970.	2980.	0.00008055018
2980.	2990.	0.00007789536
2990.	3000.	0.0001167082
3000.	3010.	0.00007227921
3010.	3020.	0.00008238186
3020.	3030.	0.0001513325
3030.	3040.	0.00007079333
3040.	3050.	0.00006908342
3050.	3060.	0.00009254907
3060.	3070.	0.0000840963
3070.	3080.	0.0000831785
3080.	3090.	0.00008187313
3090.	3100.	0.0001045624
3100.	3110.	0.00007699324
3110.	3120.	0.0001186954
3120.	3130.	0.00005093115
3130.	3140.	0.00005423835
3140.	3150.	0.0001982018
3150.	3160.	0.00004765415
3160.	3170.	0.00006702894
3170.	3180.	0.00005633151
3180.	3190.	0.0001249773
3190.	3200.	0.00007870425
3200.	3210.	0.0001369368
3210.	3220.	0.00004711082
3220.	3230.	0.0000430324
3230.	3240.	0.0001803995
3240.	3250.	0.00003696872
3250.	3260.	0.00005672092
3260.	3270.	0.00005642444
3270.	3280.	0.0001040426
3280.	3290.	0.00007854958
3290.	3300.	0.00004286755
3300.	3310.	0.00005922482
3310.	3320.	0.00004727218
3320.	3330.	0.00002925509
3330.	3340.	0.00006666117
3340.	3350.	0.00003612324
3350.	3360.	0.00002875444
3360.	3370.	0.0000573877
3370.	3380.	0.00003958803
3380.	3390.	0.00002711101
3390.	3400.	0.00004033553
3400.	3410.	0.0000373189
3410.	3420.	0.0000400845
3420.	3430.	0.0002781959
3430.	3440.	0.0001459293
3440.	3450.	0.0002407304
3450.	3460.	0.00002966712
3460.	3470.	0.00003134644
3470.	3480.	0.00004640756
3480.	3490.	0.00003591485
3490.	3500.	0.00003134703
3500.	3510.	0.00003029904
3510.	3520.	0.00002609012
3520.	3530.	0.00001589915
3530.	3540.	0.00001830578
3540.	3550.	0.00002225098
3550.	3560.	0.00001550763
3560.	3570.	0.00002738785
3570.	3580.	0.00003720371
3580.	3590.	0.00002673129
3590.	3600.	0.0000512819
3600.	3610.	0.0000160607
3610.	3620.	0.00001762629
3620.	3630.	0.00001576528
3630.	3640.	0.00001852207
3640.	3650.	0.00006129279
3650.	3660.	0.00002600483
3660.	3670.	9.108103e-6
3670.	3680.	0.00005033494
3680.	3690.	0.00002344847
3690.	3700.	0.00002001257
3700.	3710.	0.0000349042
3710.	3720.	0.00002423629
3720.	3730.	0.0000185704
3730.	3740.	0.0000232856
3740.	3750.	0.00001540825
3750.	3760.	0.00003900332
3760.	3770.	0.00004516853
3770.	3780.	0.00001341541
3780.	3790.	0.0000200296
3790.	3800.	0.00001050848
3800.	3810.	0.00001028407
3810.	3820.	9.657431e-6
3820.	3830.	0.00002208304
3830.	3840.	0.0000186938
3840.	3850.	0.00002721085
3850.	3860.	9.364658e-6
3860.	3870.	7.353579e-6
3870.	3880.	0.00001108299
3880.	3890.	0.00001166936
3890.	3900.	8.151019e-6
3900.	3910.	7.785973e-6
3910.	3920.	0.0000194829
3920.	3930.	9.163612e-6
3930.	3940.	0.00002138572
3940.	3950.	8.515516e-6
3950.	3960.	5.516976e-6
3960.	3970.	0.00001223556
3970.	3980.	0.00002889462
3980.	3990.	0.0000230394
3990.	4000.	9.744436e-6
4000.	4010.	0.00004427506
4010.	4020.	5.785656e-6
4020.	4030.	6.473173e-6
4030.	4040.	4.318004e-6
4040.	4050.	5.821456e-6
4050.	4060.	4.421592e-6
4060.	4070.	4.265574e-6
4070.	4080.	8.564489e-6
4080.	4090.	5.169428e-6
4090.	4100.	6.316884e-6
4100.	4110.	7.144686e-6
4110.	4120.	2.3502e-6
4120.	4130.	6.094316e-6
4130.	4140.	9.02429e-6
4140.	4150.	6.64277e-6
4150.	4160.	3.89927e-6
4160.	4170.	6.360817e-6
4170.	4180.	6.641009e-6
4180.	4190.	2.753242e-6
4190.	4200.	1.668581e-6
4200.	4210.	4.044748e-6
4210.	4220.	3.055158e-6
4220.	4230.	5.277573e-6
4230.	4240.	3.177394e-6
4240.	4250.	0.00001325118
4250.	4260.	1.119626e-6
4260.	4270.	1.969464e-6
4270.	4280.	1.226176e-6
4280.	4290.	4.451091e-6
4290.	4300.	3.031391e-6
4300.	4310.	2.380411e-6
4310.	4320.	1.692251e-6
4320.	4330.	1.84044e-6
4330.	4340.	2.109518e-6
4340.	4350.	1.301114e-6
4350.	4360.	1.85657e-6
4360.	4370.	2.676077e-6
4370.	4380.	4.026498e-6
4380.	4390.	1.003142e-6
4390.	4400.	5.877904e-7
4400.	4410.	8.729722e-7
4410.	4420.	2.541139e-6
4420.	4430.	9.953958e-7
4430.	4440.	3.082198e-6
4440.	4450.	1.222369e-6
4450.	4460.	5.537552e-7
4460.	4470.	8.105056e-7
4470.	4480.	1.878041e-6
4480.	4490.	1.421723e-6
4490.	4500.	1.059701e-6
4500.	4510.	1.209747e-6
4510.	4520.	1.387868e-6
4520.	4530.	1.59263e-6
4530.	4540.	4.76332e-7
4540.	4550.	5.521297e-7
4550.	4560.	5.944164e-7
4560.	4570.	1.713338e-6
4570.	4580.	9.183007e-7
4580.	4590.	9.452983e-7
4590.	4600.	9.271603e-7
4600.	4610.	6.90849e-7
4610.	4620.	1.571034e-7
4620.	4630.	6.692398e-7
4630.	4640.	0.00001339593
4640.	4650.	7.205037e-7
4650.	4660.	4.235554e-7
4660.	4670.	6.495739e-7
4670.	4680.	5.790762e-7
4680.	4690.	2.399925e-7
4690.	4700.	2.103591e-7
4700.	4710.	1.536013e-7
4710.	4720.	0.
4720.	4730.	2.656049e-7
4730.	4740.	1.134827e-6
4740.	4750.	0.
4750.	4760.	1.14929e-7
4760.	4770.	1.331145e-7
4770.	4780.	1.539771e-7
4780.	4790.	1.342846e-7
4790.	4800.	1.141382e-6
4800.	4810.	6.754999e-7
4810.	4820.	2.472229e-7
4820.	4830.	2.497233e-7
4830.	4840.	0.
4840.	4850.	0.
4850.	4860.	1.436766e-7
4860.	4870.	1.346385e-7
4870.	4880.	0.
4880.	4890.	0.
4890.	4900.	0.
4900.	4910.	0.
4910.	4920.	0.
4920.	4930.	0.
4930.	4940.	0.
4940.	4950.	1.065445e-7
4950.	4960.	0.
4960.	4970.	0.
4970.	4980.	0.
4980.	4990.	0.
4990.	5000.	0.
5000.	5010.	0.
5010.	5020.	0.
5020.	5030.	0.
5030.	5040.	0.
5040.	5050.	0.
5050.	5060.	0.
5060.	5070.	0.
5070.	5080.	0.
5080.	5090.	0.
5090.	5100.	0.
5100.	5110.	0.
5110.	5120.	0.
5120.	5130.	0.
5130.	5140.	0.
5140.	5150.	0.
5150.	5160.	0.
5160.	5170.	0.
5170.	5180.	0.
5180.	5190.	0.
5190.	5200.	0.
5200.	5210.	0.
5210.	5220.	0.
5220.	5230.	0.
5230.	5240.	0.
5240.	5250.	0.
5250.	5260.	0.
5260.	5270.	0.
5270.	5280.	0.
5280.	5290.	0.
5290.	5300.	0.
5300.	5310.	0.
5310.	5320.	0.
5320.	5330.	0.
5330.	5340.	0.
5340.	5350.	0.
5350.	5360.	0.
5360.	5370.	0.
5370.	5380.	0.
5380.	5390.	0.
5390.	5400.	0.
5400.	5410.	0.
5410.	5420.	0.
5420.	5430.	0.
5430.	5440.	0.
5440.	5450.	0.
5450.	5460.	0.
5460.	5470.	0.
5470.	5480.	0.
5480.	5490.	0.
5490.	5500.	0.
5500.	5510.	0.
5510.	5520.	0.
5520.	5530.	0.
5530.	5540.	0.
5540.	5550.	0.
5550.	5560.	0.
5560.	5570.	0.
5570.	5580.	0.
5580.	5590.	0.
5590.	5600.	0.
5600.	5610.	0.
5610.	5620.	0.
5620.	5630.	0.
5630.	5640.	0.
5640.	5650.	0.
5650.	5660.	0.
5660.	5670.	0.
5670.	5680.	0.
5680.	5690.	0.
5690.	5700.	0.
5700.	5710.	0.
5710.	5720.	0.
5720.	5730.	0.
5730.	5740.	0.
5740.	5750.	0.
5750.	5760.	0.
5760.	5770.	0.
5770.	5780.	0.
5780.	5790.	0.
5790.	5800.	0.
5800.	5810.	0.
5810.	5820.	0.
5820.	5830.	0.
5830.	5840.	0.
5840.	5850.	0.
5850.	5860.	0.
5860.	5870.	0.
5870.	5880.	0.
5880.	5890.	0.
5890.	5900.	0.
5900.	5910.	0.
5910.	5920.	0.
5920.	5930.	0.
5930.	5940.	0.
5940.	5950.	0.
5950.	5960.	0.
5960.	5970.	0.
5970.	5980.	0.
5980.	5990.	0.
5990.	6000.	0.
6000.	6010.	0.
6010.	6020.	0.
6020.	6030.	0.
6030.	6040.	0.
6040.	6050.	0.
6050.	6060.	0.
6060.	6070.	0.
6070.	6080.	0.
6080.	6090.	0.
6090.	6100.	0.
6100.	6110.	0.
6110.	6120.	0.
6120.	6130.	0.
6130.	6140.	0.
6140.	6150.	0.
6150.	6160.	0.
6160.	6170.	0.
6170.	6180.	0.
6180.	6190.	0.
6190.	6200.	0.
6200.	6210.	0.
6210.	6220.	0.
6220.	6230.	0.
6230.	6240.	0.
6240.	6250.	0.
6250.	6260.	0.
6260.	6270.	0.
6270.	6280.	0.
6280.	6290.	0.
6290.	6300.	0.
6300.	6310.	0.
6310.	6320.	0.
6320.	6330.	0.
6330.	6340.	0.
6340.	6350.	0.
6350.	6360.	0.
6360.	6370.	0.
6370.	6380.	0.
6380.	6390.	0.
6390.	6400.	0.
6400.	6410.	0.
6410.	6420.	0.
6420.	6430.	0.
6430.	6440.	0.
6440.	6450.	0.
6450.	6460.	0.
6460.	6470.	0.
6470.	6480.	0.
6480.	6490.	0.
6490.	6500.	0.
6500.	6510.	0.
6510.	6520.	0.
6520.	6530.	0.
6530.	6540.	0.
6540.	6550.	0.
6550.	6560.	0.
6560.	6570.	0.
6570.	6580.	0.
6580.	6590.	0.
6590.	6600.	0.
6600.	6610.	0.
6610.	6620.	0.
6620.	6630.	0.
6630.	6640.	0.
6640.	6650.	0.
6650.	6660.	0.
6660.	6670.	0.
6670.	6680.	0.
6680.	6690.	0.
6690.	6700.	0.
6700.	6710.	0.
6710.	6720.	0.
6720.	6730.	0.
6730.	6740.	0.
6740.	6750.	0.
6750.	6760.	0.
6760.	6770.	0.
6770.	6780.	0.
6780.	6790.	0.
6790.	6800.	0.
6800.	6810.	0.
6810.	6820.	0.
6820.	6830.	0.
6830.	6840.	0.
6840.	6850.	0.
6850.	6860.	0.
6860.	6870.	0.
6870.	6880.	0.
6880.	6890.	0.
6890.	6900.	0.
6900.	6910.	0.
6910.	6920.	0.
6920.	6930.	0.
6930.	6940.	0.
6940.	6950.	0.
6950.	6960.	0.
6960.	6970.	0.
6970.	6980.	0.
6980.	6990.	0.
6990.	7000.	0.
7000.	7010.	0.
7010.	7020.	0.
7020.	7030.	0.
7030.	7040.	0.
7040.	7050.	0.
7050.	7060.	0.
7060.	7070.	0.
7070.	7080.	0.
7080.	7090.	0.
7090.	7100.	0.
7100.	7110.	0.
7110.	7120.	0.
7120.	7130.	0.
7130.	7140.	0.
7140.	7150.	0.
7150.	7160.	0.
7160.	7170.	0.
7170.	7180.	0.
7180.	7190.	0.
7190.	7200.	0.
7200.	7210.	0.
7210.	7220.	0.
7220.	7230.	0.
7230.	7240.	0.
7240.	7250.	0.
7250.	7260.	0.
7260.	7270.	0.
7270.	7280.	0.
7280.	7290.	0.
7290.	7300.	0.
7300.	7310.	0.
7310.	7320.	0.
7320.	7330.	0.
7330.	7340.	0.
7340.	7350.	0.
7350.	7360.	0.
7360.	7370.	0.
7370.	7380.	0.
7380.	7390.	0.
7390.	7400.	0.
7400.	7410.	0.
7410.	7420.	0.
7420.	7430.	0.
7430.	7440.	0.
7440.	7450.	0.
7450.	7460.	0.
7460.	7470.	0.
7470.	7480.	0.
7480.	7490.	0.
7490.	7500.	0.
7500.	7510.	0.
7510.	7520.	0.
7520.	7530.	0.
7530.	7540.	0.
7540.	7550.	0.
7550.	7560.	0.
7560.	7570.	0.
7570.	7580.	0.
7580.	7590.	0.
7590.	7600.	0.
7600.	7610.	0.
7610.	7620.	0.
7620.	7630.	0.
7630.	7640.	0.
7640.	7650.	0.
7650.	7660.	0.
7660.	7670.	0.
7670.	7680.	0.
7680.	7690.	0.
7690.	7700.	0.
7700.	7710.	0.
7710.	7720.	0.
7720.	7730.	0.
7730.	7740.	0.
7740.	7750.	0.
7750.	7760.	0.
7760.	7770.	0.
7770.	7780.	0.
7780.	7790.	0.
7790.	7800.	0.
7800.	7810.	0.
7810.	7820.	0.
7820.	7830.	0.
7830.	7840.	0.
7840.	7850.	0.
7850.	7860.	0.
7860.	7870.	0.
7870.	7880.	0.
7880.	7890.	0.
7890.	7900.	0.
7900.	7910.	0.
7910.	7920.	0.
7920.	7930.	0.
7930.	7940.	0.
7940.	7950.	0.
7950.	7960.	0.
7960.	7970.	0.
7970.	7980.	0.
7980.	7990.	0.
7990.	8000.	0.
8000.	8010.	0.
8010.	8020.	0.
8020.	8030.	0.
8030.	8040.	0.
8040.	8050.	0.
8050.	8060.	0.
8060.	8070.	0.
8070.	8080.	0.
8080.	8090.	0.
8090.	8100.	0.
8100.	8110.	0.
8110.	8120.	0.
8120.	8130.	0.
8130.	8140.	0.
8140.	8150.	0.
8150.	8160.	0.
8160.	8170.	0.
8170.	8180.	0.
8180.	8190.	0.
8190.	8200.	0.
8200.	8210.	0.
8210.	8220.	0.
8220.	8230.	0.
8230.	8240.	0.
8240.	8250.	0.
8250.	8260.	0.
8260.	8270.	0.
8270.	8280.	0.
8280.	8290.	0.
8290.	8300.	0.
8300.	8310.	0.
8310.	8320.	0.
8320.	8330.	0.
8330.	8340.	0.
8340.	8350.	0.
8350.	8360.	0.
8360.	8370.	0.
8370.	8380.	0.
8380.	8390.	0.
8390.	8400.	0.
8400.	8410.	0.
8410.	8420.	0.
8420.	8430.	0.
8430.	8440.	0.
8440.	8450.	0.
8450.	8460.	0.
8460.	8470.	0.
8470.	8480.	0.
8480.	8490.	0.
8490.	8500.	0.
8500.	8510.	0.
8510.	8520.	0.
8520.	8530.	0.
8530.	8540.	0.
8540.	8550.	0.
8550.	8560.	0.
8560.	8570.	0.
8570.	8580.	0.
8580.	8590.	0.
8590.	8600.	0.
8600.	8610.	0.
8610.	8620.	0.
8620.	8630.	0.
8630.	8640.	0.
8640.	8650.	0.
8650.	8660.	0.
8660.	8670.	0.
8670.	8680.	0.
8680.	8690.	0.
8690.	8700.	0.
8700.	8710.	0.
8710.	8720.	0.
8720.	8730.	0.
8730.	8740.	0.
8740.	8750.	0.
8750.	8760.	0.
8760.	8770.	0.
8770.	8780.	0.
8780.	8790.	0.
8790.	8800.	0.
8800.	8810.	0.
8810.	8820.	0.
8820.	8830.	0.
8830.	8840.	0.
8840.	8850.	0.
8850.	8860.	0.
8860.	8870.	0.
8870.	8880.	0.
8880.	8890.	0.
8890.	8900.	0.
8900.	8910.	0.
8910.	8920.	0.
8920.	8930.	0.
8930.	8940.	0.
8940.	8950.	0.
8950.	8960.	0.
8960.	8970.	0.
8970.	8980.	0.
8980.	8990.	0.
8990.	9000.	0.
9000.	9010.	0.
9010.	9020.	0.
9020.	9030.	0.
9030.	9040.	0.
9040.	9050.	0.
9050.	9060.	0.
9060.	9070.	0.
9070.	9080.	0.
9080.	9090.	0.
9090.	9100.	0.
9100.	9110.	0.
9110.	9120.	0.
9120.	9130.	0.
9130.	9140.	0.
9140.	9150.	0.
9150.	9160.	0.
9160.	9170.	0.
9170.	9180.	0.
9180.	9190.	0.
9190.	9200.	0.
9200.	9210.	0.
9210.	9220.	0.
9220.	9230.	0.
9230.	9240.	0.
9240.	9250.	0.
9250.	9260.	0.
9260.	9270.	0.
9270.	9280.	0.
9280.	9290.	0.
9290.	9300.	0.
9300.	9310.	0.
9310.	9320.	0.
9320.	9330.	0.
9330.	9340.	0.
9340.	9350.	0.
9350.	9360.	0.
9360.	9370.	0.
9370.	9380.	0.
9380.	9390.	0.
9390.	9400.	0.
9400.	9410.	0.
9410.	9420.	0.
9420.	9430.	0.
9430.	9440.	0.
9440.	9450.	0.
9450.	9460.	0.
9460.	9470.	0.
9470.	9480.	0.
9480.	9490.	0.
9490.	9500.	0.
9500.	9510.	0.
9510.	9520.	0.
9520.	9530.	0.
9530.	9540.	0.
9540.	9550.	0.
9550.	9560.	0.
9560.	9570.	0.
9570.	9580.	0.
9580.	9590.	0.
9590.	9600.	0.
9600.	9610.	0.
9610.	9620.	0.
9620.	9630.	0.
9630.	9640.	0.
9640.	9650.	0.
9650.	9660.	0.
9660.	9670.	0.
9670.	9680.	0.
9680.	9690.	0.
9690.	9700.	0.
9700.	9710.	0.
9710.	9720.	0.
9720.	9730.	0.
9730.	9740.	0.
9740.	9750.	0.
9750.	9760.	0.
9760.	9770.	0.
9770.	9780.	0.
9780.	9790.	0.
9790.	9800.	0.
9800.	9810.	0.
9810.	9820.	0.
9820.	9830.	0.
9830.	9840.	0.
9840.	9850.	0.
9850.	9860.	0.
9860.	9870.	0.
9870.	9880.	0.
9880.	9890.	0.
9890.	9900.	0.
9900.	9910.	0.
9910.	9920.	0.
9920.	9930.	0.
9930.	9940.	0.
9940.	9950.	0.
9950.	9960.	0.
9960.	9970.	0.
9970.	9980.	0.
9980.	9990.	0.
9990.	10000.	0.
10000.	10010.	0.