  0.10000000000000001       0.48962894387706585        4.8739847258267036E-002  0.45019624957714838     
  0.20000000000000001       0.20778942484172561        4.1155547379437843E-002  0.19071335442759535     
  0.29999999999999999       0.12088477131818322        3.5720540371723709E-002  0.11079160346986776     
  0.40000000000000002        8.0338683831201949E-002   3.1475447391676202E-002   7.3534578672683870E-002
  0.50000000000000000        5.7695394212027608E-002   2.8086812213301653E-002   5.2736895182497107E-002
  0.59999999999999998        4.3747595420281733E-002   2.5380947876821210E-002   3.9919855996160609E-002
  0.69999999999999996        3.4642566863340100E-002   2.3234767186812451E-002   3.1529910840429137E-002
  0.80000000000000004        2.8493238216671397E-002   2.1518517921625218E-002   2.5808757321640136E-002
  0.90000000000000002        2.4270421802811786E-002   1.9972610793098318E-002   2.1725343035283794E-002
   1.0000000000000000        2.1367008579860861E-002   1.9972610793098318E-002   0.0000000000000000  
