  0.10000000000000001       0.35577105649588325        3.5354058630114267E-002  0.33111829782359270     
  0.20000000000000001       0.14714662503367604        2.9026987857689979E-002  0.13657025529638531     
  0.29999999999999999        8.4153969808429596E-002   2.4701300908487236E-002   7.7948083346195837E-002
  0.40000000000000002        5.5194108301035050E-002   2.1417618939057637E-002   5.1037981010322760E-002
  0.50000000000000000        3.9206735733963702E-002   1.8842485723407514E-002   3.6198461963134504E-002
  0.59999999999999998        2.9449699530578976E-002   1.6802214301758000E-002   2.7146359972709488E-002
  0.69999999999999996        2.3126773868431722E-002   1.5173717478686694E-002   2.1274767408867336E-002
  0.80000000000000004        1.8879135808078162E-002   1.3827243032543424E-002   1.7308935770303402E-002
  0.90000000000000002        1.5971068441547543E-002   1.2503201675166995E-002   1.4521992460096354E-002
   1.0000000000000000        1.3971545188635298E-002   1.2503201675166995E-002   0.0000000000000000
