   1.0000000000000000E-002   2.0066918338537465        2.0042724581491473        2.0255778484404297     
   2.0000000000000000E-002  0.82563680068220102       0.82326654851350134       0.83424291741793666     
   2.9999999999999999E-002  0.48019083876550089       0.47786954046941804       0.48641345270297864     
   4.0000000000000001E-002  0.32244434542476874       0.32017182868730903       0.32716199299752918     
   5.0000000000000003E-002  0.23443100514720311       0.23220709492571759       0.23816862962401550     
   5.9999999999999998E-002  0.17928855537490310       0.17711307381689734       0.18236132931181892     
   7.0000000000000007E-002  0.14201193642618823       0.13988470278471243       0.14462394168760728     
   8.0000000000000002E-002  0.11541957400337141       0.11334040454880673       0.11768723880363195     
   8.9999999999999997E-002   9.5672213573660236E-002   9.3640921501704194E-002   9.7670107368882597E-002
  0.10000000000000001        8.0544658313788708E-002   7.8561053649430390E-002   8.2324910129484868E-002
  0.11000000000000000        6.8664997234301528E-002   6.6728886731561882E-002   7.0267935984383051E-002
  0.12000000000000000        5.9145040638965897E-002   5.7256227676164631E-002   6.0601039574169610E-002
  0.13000000000000000        5.1386504458751127E-002   4.9544788929043869E-002   5.2718170137736831E-002
  0.14000000000000001        4.4972927505674547E-002   4.3178105702587219E-002   4.6197777157369453E-002
  0.14999999999999999        3.9606281504146086E-002   3.7858146001813524E-002   4.0738475418531574E-002
  0.16000000000000000        3.5068191220431186E-002   3.3366530748226278E-002   3.6119667081816111E-002
  0.17000000000000001        3.1195344315606104E-002   2.9539943626823349E-002   3.2175740452476953E-002
  0.17999999999999999        2.7863410191199641E-002   2.6254049925431990E-002   2.8780643341352080E-002
  0.19000000000000000        2.4976237210963731E-002   2.3412693749785343E-002   2.5836933668300418E-002
  0.20000000000000001        2.2458422542340397E-002   2.0940467857878571E-002   2.3268370313863047E-002
  0.20999999999999999        2.0250093803844831E-002   1.8777495299792907E-002   2.1014257637515084E-002
  0.22000000000000000        1.8303175174121174E-002   1.6875695518709828E-002   1.9025786773111109E-002
  0.23000000000000001        1.6578670610909212E-002   1.5196067561315802E-002   1.7263380233231162E-002
  0.23999999999999999        1.5044657041570379E-002   1.3706683259205182E-002   1.5694678259004603E-002
  0.25000000000000000        1.3674781537085985E-002   1.2381184393149204E-002   1.4292994574169576E-002
  0.26000000000000001        1.2447121755238415E-002   1.1197643125892724E-002   1.3036048523149803E-002
  0.27000000000000002        1.1343311905499495E-002   1.0137687955949199E-002   1.1905176348433567E-002
  0.28000000000000003        1.0347865287797258E-002   9.1858262445060328E-003   1.0884645769190744E-002
  0.28999999999999998        9.4476440835352359E-003   8.3289139937496003E-003   9.9611453154102303E-003
  0.29999999999999999        8.6314406571734534E-003   7.5557371348478446E-003   9.1232849506091129E-003
  0.31000000000000000        7.8896441558974611E-003   6.8566781130382382E-003   8.3612858612276755E-003
  0.32000000000000001        7.2139729691178605E-003   6.2234483314769244E-003   7.6667231478214368E-003
  0.33000000000000002        6.5972584836717935E-003   5.6488718896248562E-003   7.0323156456591719E-003
  0.34000000000000002        6.0332691171603465E-003   5.1267095984991705E-003   6.4517374079165147E-003
  0.34999999999999998        5.5165662195955333E-003   4.6515148628461954E-003   5.9194484464325176E-003
  0.35999999999999999        5.0423853698287925E-003   4.2185149565781817E-003   5.4305960118847261E-003
  0.37000000000000000        4.6065380442249521E-003   3.8235126687932272E-003   4.9809157712766353E-003
  0.38000000000000000        4.2053297317764657E-003   3.4628043944126374E-003   4.5666566212735939E-003
  0.39000000000000001        3.8354914055659687E-003   3.1331115791646924E-003   4.1844879750317192E-003
  0.40000000000000002        3.4941219021885667E-003   2.8315230703263041E-003   3.8314513192278469E-003
  0.40999999999999998        3.1786392570485392E-003   2.5554464209137312E-003   3.5049138509975512E-003
  0.41999999999999998        2.8867394299240201E-003   2.3025665814653614E-003   3.2025309425502500E-003
  0.42999999999999999        2.6163611581037009E-003   2.0708107164394548E-003   2.9222046054592629E-003
  0.44000000000000000        2.3656559132731064E-003   1.8583181210881283E-003   2.6620474974539520E-003
  0.45000000000000001        2.1329621278043435E-003   1.6634144041050691E-003   2.4203632585964164E-003
  0.46000000000000002        1.9167830072329085E-003   1.4845892524281009E-003   2.1956246614931898E-003
  0.46999999999999997        1.7157673668876743E-003   1.3204772157072056E-003   1.9864567667465965E-003
  0.47999999999999998        1.5286930283002441E-003   1.1698410455476048E-003   1.7916111168590414E-003
  0.48999999999999999        1.3544523901029028E-003   1.0315572036498025E-003   1.6099555090176047E-003
  0.50000000000000000        1.1920398524589359E-003   9.0460321722112024E-004   1.4404620207420686E-003
  0.51000000000000001        1.0405408266363804E-003   7.8804661250530617E-004   1.2821981614324243E-003
  0.52000000000000002        8.9912210446963751E-004   6.8103520029904664E-004   1.1343134214765224E-003
  0.53000000000000003        7.6702339798906795E-004   5.8278852273007233E-004   9.9602963276416772E-004
  0.54000000000000004        6.4354988888834736E-004   4.9259029980883108E-004   8.6663563000491752E-004
  0.55000000000000004        5.2806565189660124E-004   4.0978173848366193E-004   7.4548107492687643E-004
  0.56000000000000005        4.1998783644747886E-004   3.3375558704284059E-004   6.3197138681412158E-004
  0.56999999999999995        3.1878150802839954E-004   2.6395083444707539E-004   5.2555859370747931E-004
  0.57999999999999996        2.2395506484401668E-004   1.9984796812852923E-004   4.2573885367928432E-004
  0.58999999999999997        1.3505615741860982E-004   1.4096471542689436E-004   3.3204855448480843E-004
  0.59999999999999998        5.1668048881951466E-005   8.6852203526003235E-005   2.4406187533090363E-004
  0.60999999999999999       -2.6593637750480441E-005   3.7091480806879053E-005   1.6138522236504156E-004
  0.62000000000000000       -1.0008383172016993E-004   3.7091480806879053E-005   8.3654319054904616E-005
  0.63000000000000000       -1.6913062631818026E-004   3.7091480806879053E-005   1.0532404819658850E-005
  0.64000000000000001       -2.3403762527142292E-004   3.7091480806879053E-005  -5.8291778471169392E-005
  0.65000000000000002       -2.9508605414526397E-004   3.7091480806879053E-005  -1.2310595182151986E-004
  0.66000000000000003       -3.5253666330683575E-004   3.7091480806879053E-005  -1.8417805460902613E-004
  0.67000000000000004       -4.0663144565841443E-004   3.7091480806879053E-005  -2.4175684896615555E-004
  0.68000000000000005       -4.5759518947572389E-004   3.7091480806879053E-005  -2.9607340357764553E-004
  0.68999999999999995       -5.0563688420284295E-004   3.7091480806879053E-005  -3.4734182631477049E-004
  0.69999999999999996       -5.5095099490553613E-004   3.7091480806879053E-005  -3.9576195745944984E-004
  0.70999999999999996       -5.9371861921961463E-004   3.7091480806879053E-005  -4.4152026887742351E-004
  0.71999999999999997       -6.3410853900934018E-004   3.7091480806879053E-005  -4.8479058346970389E-004
  0.72999999999999998       -6.7227817753823878E-004   3.7091480806879053E-005  -5.2573477266654872E-004
  0.73999999999999999       -7.0837447172172386E-004   3.7091480806879053E-005  -5.6450372025808370E-004
  0.75000000000000000       -7.4253466795270843E-004   3.7091480806879053E-005  -6.0123899662733430E-004
  0.76000000000000001       -7.7488704904679607E-004   3.7091480806879053E-005  -6.3607298107745919E-004
  0.77000000000000002       -8.0555159902461610E-004   3.7091480806879053E-005  -6.6912948746669653E-004
  0.78000000000000003       -8.3464061172002836E-004   3.7091480806879053E-005  -7.0052399997407359E-004
  0.79000000000000004       -8.6225924856106776E-004   3.7091480806879053E-005  -7.3036511776772522E-004
  0.80000000000000004       -8.8850605030431568E-004   3.7091480806879053E-005  -7.5875480339897608E-004
  0.81000000000000005       -9.1347340700316548E-004   3.7091480806879053E-005  -7.8578871764155029E-004
  0.81999999999999995       -9.3724799004780784E-004   3.7091480806879053E-005  -8.1155645619378886E-004
  0.82999999999999996       -9.5991114972248390E-004   3.7091480806879053E-005  -8.3614213635694159E-004
  0.83999999999999997       -9.8153928137737867E-004   3.7091480806879053E-005  -8.5962517908832168E-004
  0.84999999999999998       -1.0022041630030972E-003   3.7091480806879053E-005  -8.8208033488221932E-004
  0.85999999999999999       -1.0219732667201907E-003   3.7091480806879053E-005  -9.0357798766486593E-004
  0.87000000000000000       -1.0409100464507427E-003   3.7091480806879053E-005  -9.2418427472219268E-004
  0.88000000000000000       -1.0590742038198953E-003   3.7091480806879053E-005  -9.4396197261949991E-004
  0.89000000000000001       -1.0765219341394108E-003   3.7091480806879053E-005  -9.6297061190526870E-004
  0.90000000000000002       -1.0933061541501523E-003   3.7091480806879053E-005  -9.8126678123824961E-004
  0.91000000000000003       -1.1094767130434109E-003   3.7091480806879053E-005  -9.9890407532449675E-004
  0.92000000000000004       -1.1250805881401974E-003   3.7091480806879053E-005  -1.0159352601029448E-003
  0.93000000000000005       -1.1401620664811848E-003   3.7091480806879053E-005  -1.0324107162387639E-003
  0.93999999999999995       -1.1547629134662789E-003   3.7091480806879053E-005  -1.0483820282131476E-003
  0.94999999999999996       -1.1689225295804793E-003   3.7091480806879053E-005  -1.0639025492177963E-003
  0.95999999999999996       -1.1826780961504474E-003   3.7091480806879053E-005  -1.0790345557930064E-003
  0.96999999999999997       -1.1960647109930348E-003   3.7091480806879053E-005  -1.0938626644330244E-003
  0.97999999999999998       -1.2091155147418676E-003   3.7091480806879053E-005  -1.1085406175966538E-003
  0.98999999999999999       -1.2218618085701779E-003   3.7091480806879053E-005  -1.1235383048055919E-003
   1.0000000000000000       -1.2343331639666090E-003   3.7091480806879053E-005   0.0000000000000000     
