  +0.0000000e+00   +6.0000000e+01   +0.0000000e+00   +0.0000000e+00  +0.0000000e+00   +0.0000000e+00   +0.0000000e+00   +0.0000000e+00   +0.0000000e+00   +0.0000000e+00   +0.0000000e+00   +0.0000000e+00   +0.0000000e+00   +0.0000000e+00   +0.0000000e+00   +0.0000000e+00
  +6.0000000e+01   +1.2000000e+02   +0.0000000e+00   +0.0000000e+00  +0.0000000e+00   +0.0000000e+00   +0.0000000e+00   +0.0000000e+00   +0.0000000e+00   +0.0000000e+00   +0.0000000e+00   +0.0000000e+00   +0.0000000e+00   +0.0000000e+00   +0.0000000e+00   +0.0000000e+00
  +1.2000000e+02   +1.8000000e+02   -1.3129493e-02   +1.0438203e-04  -1.3129493e-02   -2.1471910e-02   -5.8388145e-03   -1.3129493e-02   -1.3129493e-02   -1.3129493e-02   -2.1471910e-02   -2.1471910e-02   -2.1471910e-02   -5.8388145e-03   -5.8388145e-03   -5.8388145e-03
  +1.8000000e+02   +2.4000000e+02   -5.2025872e-02   +2.4336960e-04  -5.2025872e-02   -8.8729365e-02   -1.9947134e-02   -5.2025872e-02   -5.2025872e-02   -5.2025872e-02   -8.8729365e-02   -8.8729365e-02   -8.8729365e-02   -1.9947134e-02   -1.9947134e-02   -1.9947134e-02
  +2.4000000e+02   +3.0000000e+02   -3.9001448e-02   +2.0301780e-04  -3.9001448e-02   -6.9930108e-02   -1.1971377e-02   -3.9001448e-02   -3.9001448e-02   -3.9001448e-02   -6.9930108e-02   -6.9930108e-02   -6.9930108e-02   -1.1971377e-02   -1.1971377e-02   -1.1971377e-02
  +3.0000000e+02   +3.6000000e+02   -2.9417380e-02   +1.6271915e-04  -2.9417380e-02   -5.3692403e-02   -8.1820179e-03   -2.9417380e-02   -2.9417380e-02   -2.9417380e-02   -5.3692403e-02   -5.3692403e-02   -5.3692403e-02   -8.1820179e-03   -8.1820179e-03   -8.1820179e-03
  +3.6000000e+02   +4.2000000e+02   -2.3013053e-02   +1.3664289e-04  -2.3013053e-02   -4.2220050e-02   -6.1990370e-03   -2.3013053e-02   -2.3013053e-02   -2.3013053e-02   -4.2220050e-02   -4.2220050e-02   -4.2220050e-02   -6.1990370e-03   -6.1990370e-03   -6.1990370e-03
  +4.2000000e+02   +4.8000000e+02   -1.8810698e-02   +1.2005589e-04  -1.8810698e-02   -3.4277016e-02   -5.2649256e-03   -1.8810698e-02   -1.8810698e-02   -1.8810698e-02   -3.4277016e-02   -3.4277016e-02   -3.4277016e-02   -5.2649256e-03   -5.2649256e-03   -5.2649256e-03
  +4.8000000e+02   +5.4000000e+02   -1.5671518e-02   +1.0857335e-04  -1.5671518e-02   -2.8305356e-02   -4.5993225e-03   -1.5671518e-02   -1.5671518e-02   -1.5671518e-02   -2.8305356e-02   -2.8305356e-02   -2.8305356e-02   -4.5993225e-03   -4.5993225e-03   -4.5993225e-03
  +5.4000000e+02   +6.0000000e+02   -1.3306480e-02   +9.9143819e-05  -1.3306480e-02   -2.3813383e-02   -4.0920080e-03   -1.3306480e-02   -1.3306480e-02   -1.3306480e-02   -2.3813383e-02   -2.3813383e-02   -2.3813383e-02   -4.0920080e-03   -4.0920080e-03   -4.0920080e-03
  +6.0000000e+02   +6.6000000e+02   -1.1305544e-02   +9.0125345e-05  -1.1305544e-02   -2.0073628e-02   -3.6125911e-03   -1.1305544e-02   -1.1305544e-02   -1.1305544e-02   -2.0073628e-02   -2.0073628e-02   -2.0073628e-02   -3.6125911e-03   -3.6125911e-03   -3.6125911e-03
  +6.6000000e+02   +7.2000000e+02   -9.9782796e-03   +8.1942109e-05  -9.9782796e-03   -1.7401966e-02   -3.4574298e-03   -9.9782796e-03   -9.9782796e-03   -9.9782796e-03   -1.7401966e-02   -1.7401966e-02   -1.7401966e-02   -3.4574298e-03   -3.4574298e-03   -3.4574298e-03
  +7.2000000e+02   +7.8000000e+02   -8.6789050e-03   +7.7335059e-05  -8.6789050e-03   -1.4985406e-02   -3.1372699e-03   -8.6789050e-03   -8.6789050e-03   -8.6789050e-03   -1.4985406e-02   -1.4985406e-02   -1.4985406e-02   -3.1372699e-03   -3.1372699e-03   -3.1372699e-03
  +7.8000000e+02   +8.4000000e+02   -7.7077151e-03   +7.1227447e-05  -7.7077151e-03   -1.3159084e-02   -2.9143068e-03   -7.7077151e-03   -7.7077151e-03   -7.7077151e-03   -1.3159084e-02   -1.3159084e-02   -1.3159084e-02   -2.9143068e-03   -2.9143068e-03   -2.9143068e-03
  +8.4000000e+02   +9.0000000e+02   -6.8397713e-03   +7.2138036e-05  -6.8397713e-03   -1.1569735e-02   -2.6786865e-03   -6.8397713e-03   -6.8397713e-03   -6.8397713e-03   -1.1569735e-02   -1.1569735e-02   -1.1569735e-02   -2.6786865e-03   -2.6786865e-03   -2.6786865e-03
  +9.0000000e+02   +9.6000000e+02   -6.1516012e-03   +6.5223578e-05  -6.1516012e-03   -1.0280422e-02   -2.5188883e-03   -6.1516012e-03   -6.1516012e-03   -6.1516012e-03   -1.0280422e-02   -1.0280422e-02   -1.0280422e-02   -2.5188883e-03   -2.5188883e-03   -2.5188883e-03
  +9.6000000e+02   +1.0200000e+03   -5.5366081e-03   +6.4584681e-05  -5.5366081e-03   -9.1433583e-03   -2.3603367e-03   -5.5366081e-03   -5.5366081e-03   -5.5366081e-03   -9.1433583e-03   -9.1433583e-03   -9.1433583e-03   -2.3603367e-03   -2.3603367e-03   -2.3603367e-03
  +1.0200000e+03   +1.0800000e+03   -4.9889280e-03   +6.3056980e-05  -4.9889280e-03   -8.1562071e-03   -2.1976254e-03   -4.9889280e-03   -4.9889280e-03   -4.9889280e-03   -8.1562071e-03   -8.1562071e-03   -8.1562071e-03   -2.1976254e-03   -2.1976254e-03   -2.1976254e-03
  +1.0800000e+03   +1.1400000e+03   -4.5533474e-03   +5.8497810e-05  -4.5533474e-03   -7.3626664e-03   -2.0754933e-03   -4.5533474e-03   -4.5533474e-03   -4.5533474e-03   -7.3626664e-03   -7.3626664e-03   -7.3626664e-03   -2.0754933e-03   -2.0754933e-03   -2.0754933e-03
  +1.1400000e+03   +1.2000000e+03   -4.0973057e-03   +5.6540412e-05  -4.0973057e-03   -6.5624672e-03   -1.9223308e-03   -4.0973057e-03   -4.0973057e-03   -4.0973057e-03   -6.5624672e-03   -6.5624672e-03   -6.5624672e-03   -1.9223308e-03   -1.9223308e-03   -1.9223308e-03
  +1.2000000e+03   +1.2600000e+03   -3.9157747e-03   +5.6920777e-05  -3.9157747e-03   -6.1132176e-03   -1.9710363e-03   -3.9157747e-03   -3.9157747e-03   -3.9157747e-03   -6.1132176e-03   -6.1132176e-03   -6.1132176e-03   -1.9710363e-03   -1.9710363e-03   -1.9710363e-03
  +1.2600000e+03   +1.3200000e+03   -3.3975583e-03   +5.4592411e-05  -3.3975583e-03   -5.3319286e-03   -1.6863546e-03   -3.3975583e-03   -3.3975583e-03   -3.3975583e-03   -5.3319286e-03   -5.3319286e-03   -5.3319286e-03   -1.6863546e-03   -1.6863546e-03   -1.6863546e-03
  +1.3200000e+03   +1.3800000e+03   -3.2687169e-03   +4.9967885e-05  -3.2687169e-03   -5.0277452e-03   -1.7117323e-03   -3.2687169e-03   -3.2687169e-03   -3.2687169e-03   -5.0277452e-03   -5.0277452e-03   -5.0277452e-03   -1.7117323e-03   -1.7117323e-03   -1.7117323e-03
  +1.3800000e+03   +1.4400000e+03   -2.9671072e-03   +5.6249417e-05  -2.9671072e-03   -4.5351195e-03   -1.5767844e-03   -2.9671072e-03   -2.9671072e-03   -2.9671072e-03   -4.5351195e-03   -4.5351195e-03   -4.5351195e-03   -1.5767844e-03   -1.5767844e-03   -1.5767844e-03
  +1.4400000e+03   +1.5000000e+03   -2.8091711e-03   +5.1443157e-05  -2.8091711e-03   -4.2398356e-03   -1.5405831e-03   -2.8091711e-03   -2.8091711e-03   -2.8091711e-03   -4.2398356e-03   -4.2398356e-03   -4.2398356e-03   -1.5405831e-03   -1.5405831e-03   -1.5405831e-03
  +1.5000000e+03   +1.5600000e+03   -2.6781298e-03   +5.6248314e-05  -2.6781298e-03   -3.9813476e-03   -1.5215032e-03   -2.6781298e-03   -2.6781298e-03   -2.6781298e-03   -3.9813476e-03   -3.9813476e-03   -3.9813476e-03   -1.5215032e-03   -1.5215032e-03   -1.5215032e-03
  +1.5600000e+03   +1.6200000e+03   -2.4299789e-03   +7.2613104e-05  -2.4299789e-03   -3.5883273e-03   -1.3987170e-03   -2.4299789e-03   -2.4299789e-03   -2.4299789e-03   -3.5883273e-03   -3.5883273e-03   -3.5883273e-03   -1.3987170e-03   -1.3987170e-03   -1.3987170e-03
  +1.6200000e+03   +1.6800000e+03   -2.2743518e-03   +4.6455658e-05  -2.2743518e-03   -3.3126031e-03   -1.3484480e-03   -2.2743518e-03   -2.2743518e-03   -2.2743518e-03   -3.3126031e-03   -3.3126031e-03   -3.3126031e-03   -1.3484480e-03   -1.3484480e-03   -1.3484480e-03
  +1.6800000e+03   +1.7400000e+03   -2.2739624e-03   +4.5667597e-05  -2.2739624e-03   -3.2566079e-03   -1.3976238e-03   -2.2739624e-03   -2.2739624e-03   -2.2739624e-03   -3.2566079e-03   -3.2566079e-03   -3.2566079e-03   -1.3976238e-03   -1.3976238e-03   -1.3976238e-03
  +1.7400000e+03   +1.8000000e+03   -2.0346208e-03   +5.1569037e-05  -2.0346208e-03   -2.9006844e-03   -1.2603802e-03   -2.0346208e-03   -2.0346208e-03   -2.0346208e-03   -2.9006844e-03   -2.9006844e-03   -2.9006844e-03   -1.2603802e-03   -1.2603802e-03   -1.2603802e-03
  +1.8000000e+03   +1.8600000e+03   -1.9805177e-03   +5.1498444e-05  -1.9805177e-03   -2.7747167e-03   -1.2684074e-03   -1.9805177e-03   -1.9805177e-03   -1.9805177e-03   -2.7747167e-03   -2.7747167e-03   -2.7747167e-03   -1.2684074e-03   -1.2684074e-03   -1.2684074e-03
  +1.8600000e+03   +1.9200000e+03   -1.9747114e-03   +3.8476444e-05  -1.9747114e-03   -2.7199160e-03   -1.3056750e-03   -1.9747114e-03   -1.9747114e-03   -1.9747114e-03   -2.7199160e-03   -2.7199160e-03   -2.7199160e-03   -1.3056750e-03   -1.3056750e-03   -1.3056750e-03
  +1.9200000e+03   +1.9800000e+03   -1.6660042e-03   +7.2560616e-05  -1.6660042e-03   -2.3161717e-03   -1.0782004e-03   -1.6660042e-03   -1.6660042e-03   -1.6660042e-03   -2.3161717e-03   -2.3161717e-03   -2.3161717e-03   -1.0782004e-03   -1.0782004e-03   -1.0782004e-03
  +1.9800000e+03   +2.0400000e+03   -1.8893468e-03   +4.5445048e-05  -1.8893468e-03   -2.5482641e-03   -1.2948302e-03   -1.8893468e-03   -1.8893468e-03   -1.8893468e-03   -2.5482641e-03   -2.5482641e-03   -2.5482641e-03   -1.2948302e-03   -1.2948302e-03   -1.2948302e-03
  +2.0400000e+03   +2.1000000e+03   -1.7436102e-03   +4.4661736e-05  -1.7436102e-03   -2.3273492e-03   -1.2140042e-03   -1.7436102e-03   -1.7436102e-03   -1.7436102e-03   -2.3273492e-03   -2.3273492e-03   -2.3273492e-03   -1.2140042e-03   -1.2140042e-03   -1.2140042e-03
  +2.1000000e+03   +2.1600000e+03   -1.7237560e-03   +5.2636627e-05  -1.7237560e-03   -2.2827097e-03   -1.2144979e-03   -1.7237560e-03   -1.7237560e-03   -1.7237560e-03   -2.2827097e-03   -2.2827097e-03   -2.2827097e-03   -1.2144979e-03   -1.2144979e-03   -1.2144979e-03
  +2.1600000e+03   +2.2200000e+03   -1.7598112e-03   +3.9901823e-05  -1.7598112e-03   -2.2894771e-03   -1.2746228e-03   -1.7598112e-03   -1.7598112e-03   -1.7598112e-03   -2.2894771e-03   -2.2894771e-03   -2.2894771e-03   -1.2746228e-03   -1.2746228e-03   -1.2746228e-03
  +2.2200000e+03   +2.2800000e+03   -1.8165663e-03   +3.6543806e-05  -1.8165663e-03   -2.3340284e-03   -1.3429266e-03   -1.8165663e-03   -1.8165663e-03   -1.8165663e-03   -2.3340284e-03   -2.3340284e-03   -2.3340284e-03   -1.3429266e-03   -1.3429266e-03   -1.3429266e-03
  +2.2800000e+03   +2.3400000e+03   -1.8535256e-03   +4.5138202e-05  -1.8535256e-03   -2.3592568e-03   -1.3868483e-03   -1.8535256e-03   -1.8535256e-03   -1.8535256e-03   -2.3592568e-03   -2.3592568e-03   -2.3592568e-03   -1.3868483e-03   -1.3868483e-03   -1.3868483e-03
  +2.3400000e+03   +2.4000000e+03   -1.8467310e-03   +5.4237407e-05  -1.8467310e-03   -2.3414888e-03   -1.3864575e-03   -1.8467310e-03   -1.8467310e-03   -1.8467310e-03   -2.3414888e-03   -2.3414888e-03   -2.3414888e-03   -1.3864575e-03   -1.3864575e-03   -1.3864575e-03
  +2.4000000e+03   +2.4600000e+03   -2.0183888e-03   +3.8913348e-05  -2.0183888e-03   -2.5165744e-03   -1.5526957e-03   -2.0183888e-03   -2.0183888e-03   -2.0183888e-03   -2.5165744e-03   -2.5165744e-03   -2.5165744e-03   -1.5526957e-03   -1.5526957e-03   -1.5526957e-03
  +2.4600000e+03   +2.5200000e+03   -2.1143637e-03   +6.4862694e-05  -2.1143637e-03   -2.6190511e-03   -1.6402919e-03   -2.1143637e-03   -2.1143637e-03   -2.1143637e-03   -2.6190511e-03   -2.6190511e-03   -2.6190511e-03   -1.6402919e-03   -1.6402919e-03   -1.6402919e-03
  +2.5200000e+03   +2.5800000e+03   -2.3781544e-03   +5.1246627e-05  -2.3781544e-03   -2.8983816e-03   -1.8857730e-03   -2.3781544e-03   -2.3781544e-03   -2.3781544e-03   -2.8983816e-03   -2.8983816e-03   -2.8983816e-03   -1.8857730e-03   -1.8857730e-03   -1.8857730e-03
  +2.5800000e+03   +2.6400000e+03   -2.6040431e-03   +5.4908549e-05  -2.6040431e-03   -3.1414283e-03   -2.0921899e-03   -2.6040431e-03   -2.6040431e-03   -2.6040431e-03   -3.1414283e-03   -3.1414283e-03   -3.1414283e-03   -2.0921899e-03   -2.0921899e-03   -2.0921899e-03
  +2.6400000e+03   +2.7000000e+03   -2.9332858e-03   +7.4657926e-05  -2.9332858e-03   -3.5270813e-03   -2.3649614e-03   -2.9332858e-03   -2.9332858e-03   -2.9332858e-03   -3.5270813e-03   -3.5270813e-03   -3.5270813e-03   -2.3649614e-03   -2.3649614e-03   -2.3649614e-03
  +2.7000000e+03   +2.7600000e+03   -3.4603048e-03   +7.0433340e-05  -3.4603048e-03   -4.1420451e-03   -2.8029023e-03   -3.4603048e-03   -3.4603048e-03   -3.4603048e-03   -4.1420451e-03   -4.1420451e-03   -4.1420451e-03   -2.8029023e-03   -2.8029023e-03   -2.8029023e-03
  +2.7600000e+03   +2.8200000e+03   -4.2396236e-03   +1.0072342e-04  -4.2396236e-03   -5.0061513e-03   -3.4926576e-03   -4.2396236e-03   -4.2396236e-03   -4.2396236e-03   -5.0061513e-03   -5.0061513e-03   -5.0061513e-03   -3.4926576e-03   -3.4926576e-03   -3.4926576e-03
  +2.8200000e+03   +2.8800000e+03   -5.5279495e-03   +1.1153867e-04  -5.5279495e-03   -6.4592682e-03   -4.6032251e-03   -5.5279495e-03   -5.5279495e-03   -5.5279495e-03   -6.4592682e-03   -6.4592682e-03   -6.4592682e-03   -4.6032251e-03   -4.6032251e-03   -4.6032251e-03
  +2.8800000e+03   +2.9400000e+03   -9.1428456e-03   +1.1022435e-04  -9.1428456e-03   -1.0508911e-02   -7.7570067e-03   -9.1428456e-03   -9.1428456e-03   -9.1428456e-03   -1.0508911e-02   -1.0508911e-02   -1.0508911e-02   -7.7570067e-03   -7.7570067e-03   -7.7570067e-03
  +2.9400000e+03   +3.0000000e+03   -1.7888911e-02   +4.4015739e-04  -1.7888911e-02   -2.4592014e-02   -1.1086715e-02   -1.7888911e-02   -1.7888911e-02   -1.7888911e-02   -1.1086715e-02   -1.1086715e-02   -1.1086715e-02   -2.4592014e-02   -2.4592014e-02   -2.4592014e-02
