  +0.0000000e+00   +6.0000000e+01   +0.0000000e+00   +0.0000000e+00  +0.0000000e+00   +0.0000000e+00   +0.0000000e+00   +0.0000000e+00   +0.0000000e+00   +0.0000000e+00   +0.0000000e+00   +0.0000000e+00   +0.0000000e+00   +0.0000000e+00   +0.0000000e+00   +0.0000000e+00
  +6.0000000e+01   +1.2000000e+02   +0.0000000e+00   +0.0000000e+00  +0.0000000e+00   +0.0000000e+00   +0.0000000e+00   +0.0000000e+00   +0.0000000e+00   +0.0000000e+00   +0.0000000e+00   +0.0000000e+00   +0.0000000e+00   +0.0000000e+00   +0.0000000e+00   +0.0000000e+00
  +1.2000000e+02   +1.8000000e+02   -1.3130835e-02   +1.0438229e-04  -1.3130835e-02   -2.1473434e-02   -5.8399814e-03   -1.3130835e-02   -1.3130835e-02   -1.3130835e-02   -2.1473434e-02   -2.1473434e-02   -2.1473434e-02   -5.8399814e-03   -5.8399814e-03   -5.8399814e-03
  +1.8000000e+02   +2.4000000e+02   -5.2028346e-02   +2.4336973e-04  -5.2028346e-02   -8.8732291e-02   -1.9949194e-02   -5.2028346e-02   -5.2028346e-02   -5.2028346e-02   -8.8732291e-02   -8.8732291e-02   -8.8732291e-02   -1.9949194e-02   -1.9949194e-02   -1.9949194e-02
  +2.4000000e+02   +3.0000000e+02   -3.9003701e-02   +2.0301781e-04  -3.9003701e-02   -6.9932727e-02   -1.1973289e-02   -3.9003701e-02   -3.9003701e-02   -3.9003701e-02   -6.9932727e-02   -6.9932727e-02   -6.9932727e-02   -1.1973289e-02   -1.1973289e-02   -1.1973289e-02
  +3.0000000e+02   +3.6000000e+02   -2.9418683e-02   +1.6271914e-04  -2.9418683e-02   -5.3693892e-02   -8.1831470e-03   -2.9418683e-02   -2.9418683e-02   -2.9418683e-02   -5.3693892e-02   -5.3693892e-02   -5.3693892e-02   -8.1831470e-03   -8.1831470e-03   -8.1831470e-03
  +3.6000000e+02   +4.2000000e+02   -2.3014368e-02   +1.3664291e-04  -2.3014368e-02   -4.2221543e-02   -6.2001862e-03   -2.3014368e-02   -2.3014368e-02   -2.3014368e-02   -4.2221543e-02   -4.2221543e-02   -4.2221543e-02   -6.2001862e-03   -6.2001862e-03   -6.2001862e-03
  +4.2000000e+02   +4.8000000e+02   -1.8811720e-02   +1.2005586e-04  -1.8811720e-02   -3.4278164e-02   -5.2658344e-03   -1.8811720e-02   -1.8811720e-02   -1.8811720e-02   -3.4278164e-02   -3.4278164e-02   -3.4278164e-02   -5.2658344e-03   -5.2658344e-03   -5.2658344e-03
  +4.8000000e+02   +5.4000000e+02   -1.5672547e-02   +1.0857312e-04  -1.5672547e-02   -2.8306523e-02   -4.6002279e-03   -1.5672547e-02   -1.5672547e-02   -1.5672547e-02   -2.8306523e-02   -2.8306523e-02   -2.8306523e-02   -4.6002279e-03   -4.6002279e-03   -4.6002279e-03
  +5.4000000e+02   +6.0000000e+02   -1.3307265e-02   +9.9143558e-05  -1.3307265e-02   -2.3814216e-02   -4.0927576e-03   -1.3307265e-02   -1.3307265e-02   -1.3307265e-02   -2.3814216e-02   -2.3814216e-02   -2.3814216e-02   -4.0927576e-03   -4.0927576e-03   -4.0927576e-03
  +6.0000000e+02   +6.6000000e+02   -1.1307226e-02   +9.0125182e-05  -1.1307226e-02   -2.0075447e-02   -3.6141581e-03   -1.1307226e-02   -1.1307226e-02   -1.1307226e-02   -2.0075447e-02   -2.0075447e-02   -2.0075447e-02   -3.6141581e-03   -3.6141581e-03   -3.6141581e-03
  +6.6000000e+02   +7.2000000e+02   -9.9798726e-03   +8.1941819e-05  -9.9798726e-03   -1.7403612e-02   -3.4589934e-03   -9.9798726e-03   -9.9798726e-03   -9.9798726e-03   -1.7403612e-02   -1.7403612e-02   -1.7403612e-02   -3.4589934e-03   -3.4589934e-03   -3.4589934e-03
  +7.2000000e+02   +7.8000000e+02   -8.6803684e-03   +7.7334676e-05  -8.6803684e-03   -1.4986902e-02   -3.1387224e-03   -8.6803684e-03   -8.6803684e-03   -8.6803684e-03   -1.4986902e-02   -1.4986902e-02   -1.4986902e-02   -3.1387224e-03   -3.1387224e-03   -3.1387224e-03
  +7.8000000e+02   +8.4000000e+02   -7.7098925e-03   +7.1227161e-05  -7.7098925e-03   -1.3161319e-02   -2.9164480e-03   -7.7098925e-03   -7.7098925e-03   -7.7098925e-03   -1.3161319e-02   -1.3161319e-02   -1.3161319e-02   -2.9164480e-03   -2.9164480e-03   -2.9164480e-03
  +8.4000000e+02   +9.0000000e+02   -6.8425034e-03   +7.2137694e-05  -6.8425034e-03   -1.1572556e-02   -2.6813595e-03   -6.8425034e-03   -6.8425034e-03   -6.8425034e-03   -1.1572556e-02   -1.1572556e-02   -1.1572556e-02   -2.6813595e-03   -2.6813595e-03   -2.6813595e-03
  +9.0000000e+02   +9.6000000e+02   -6.1544206e-03   +6.5223243e-05  -6.1544206e-03   -1.0283263e-02   -2.5217100e-03   -6.1544206e-03   -6.1544206e-03   -6.1544206e-03   -1.0283263e-02   -1.0283263e-02   -1.0283263e-02   -2.5217100e-03   -2.5217100e-03   -2.5217100e-03
  +9.6000000e+02   +1.0200000e+03   -5.5404402e-03   +6.4584467e-05  -5.5404402e-03   -9.1472932e-03   -2.3640965e-03   -5.5404402e-03   -5.5404402e-03   -5.5404402e-03   -9.1472932e-03   -9.1472932e-03   -9.1472932e-03   -2.3640965e-03   -2.3640965e-03   -2.3640965e-03
  +1.0200000e+03   +1.0800000e+03   -4.9925988e-03   +6.3056659e-05  -4.9925988e-03   -8.1599324e-03   -2.2012719e-03   -4.9925988e-03   -4.9925988e-03   -4.9925988e-03   -8.1599324e-03   -8.1599324e-03   -8.1599324e-03   -2.2012719e-03   -2.2012719e-03   -2.2012719e-03
  +1.0800000e+03   +1.1400000e+03   -4.5582557e-03   +5.8497425e-05  -4.5582557e-03   -7.3676817e-03   -2.0803317e-03   -4.5582557e-03   -4.5582557e-03   -4.5582557e-03   -7.3676817e-03   -7.3676817e-03   -7.3676817e-03   -2.0803317e-03   -2.0803317e-03   -2.0803317e-03
  +1.1400000e+03   +1.2000000e+03   -4.1053897e-03   +5.6602974e-05  -4.1053897e-03   -6.5709175e-03   -1.9301022e-03   -4.1053897e-03   -4.1053897e-03   -4.1053897e-03   -6.5709175e-03   -6.5709175e-03   -6.5709175e-03   -1.9301022e-03   -1.9301022e-03   -1.9301022e-03
  +1.2000000e+03   +1.2600000e+03   -3.9190813e-03   +5.6978821e-05  -3.9190813e-03   -6.1163455e-03   -1.9745471e-03   -3.9190813e-03   -3.9190813e-03   -3.9190813e-03   -6.1163455e-03   -6.1163455e-03   -6.1163455e-03   -1.9745471e-03   -1.9745471e-03   -1.9745471e-03
  +1.2600000e+03   +1.3200000e+03   -3.4033780e-03   +5.4591563e-05  -3.4033780e-03   -5.3378062e-03   -1.6921497e-03   -3.4033780e-03   -3.4033780e-03   -3.4033780e-03   -5.3378062e-03   -5.3378062e-03   -5.3378062e-03   -1.6921497e-03   -1.6921497e-03   -1.6921497e-03
  +1.3200000e+03   +1.3800000e+03   -3.2763834e-03   +4.9966138e-05  -3.2763834e-03   -5.0355515e-03   -1.7193154e-03   -3.2763834e-03   -3.2763834e-03   -3.2763834e-03   -5.0355515e-03   -5.0355515e-03   -5.0355515e-03   -1.7193154e-03   -1.7193154e-03   -1.7193154e-03
  +1.3800000e+03   +1.4400000e+03   -2.9750972e-03   +5.6239470e-05  -2.9750972e-03   -4.5432760e-03   -1.5846678e-03   -2.9750972e-03   -2.9750972e-03   -2.9750972e-03   -4.5432760e-03   -4.5432760e-03   -4.5432760e-03   -1.5846678e-03   -1.5846678e-03   -1.5846678e-03
  +1.4400000e+03   +1.5000000e+03   -2.8162919e-03   +5.1433075e-05  -2.8162919e-03   -4.2468819e-03   -1.5478072e-03   -2.8162919e-03   -2.8162919e-03   -2.8162919e-03   -4.2468819e-03   -4.2468819e-03   -4.2468819e-03   -1.5478072e-03   -1.5478072e-03   -1.5478072e-03
  +1.5000000e+03   +1.5600000e+03   -2.6883023e-03   +5.6247208e-05  -2.6883023e-03   -3.9917622e-03   -1.5315082e-03   -2.6883023e-03   -2.6883023e-03   -2.6883023e-03   -3.9917622e-03   -3.9917622e-03   -3.9917622e-03   -1.5315082e-03   -1.5315082e-03   -1.5315082e-03
  +1.5600000e+03   +1.6200000e+03   -2.4396032e-03   +7.2608926e-05  -2.4396032e-03   -3.5980825e-03   -1.4082821e-03   -2.4396032e-03   -2.4396032e-03   -2.4396032e-03   -3.5980825e-03   -3.5980825e-03   -3.5980825e-03   -1.4082821e-03   -1.4082821e-03   -1.4082821e-03
  +1.6200000e+03   +1.6800000e+03   -2.2828591e-03   +4.6450441e-05  -2.2828591e-03   -3.3211031e-03   -1.3569957e-03   -2.2828591e-03   -2.2828591e-03   -2.2828591e-03   -3.3211031e-03   -3.3211031e-03   -3.3211031e-03   -1.3569957e-03   -1.3569957e-03   -1.3569957e-03
  +1.6800000e+03   +1.7400000e+03   -2.2853574e-03   +4.5667815e-05  -2.2853574e-03   -3.2681524e-03   -1.4089348e-03   -2.2853574e-03   -2.2853574e-03   -2.2853574e-03   -3.2681524e-03   -3.2681524e-03   -3.2681524e-03   -1.4089348e-03   -1.4089348e-03   -1.4089348e-03
  +1.7400000e+03   +1.8000000e+03   -2.0460692e-03   +5.1568380e-05  -2.0460692e-03   -2.9123466e-03   -1.2716949e-03   -2.0460692e-03   -2.0460692e-03   -2.0460692e-03   -2.9123466e-03   -2.9123466e-03   -2.9123466e-03   -1.2716949e-03   -1.2716949e-03   -1.2716949e-03
  +1.8000000e+03   +1.8600000e+03   -1.9943891e-03   +5.1503769e-05  -1.9943891e-03   -2.7887245e-03   -1.2822214e-03   -1.9943891e-03   -1.9943891e-03   -1.9943891e-03   -2.7887245e-03   -2.7887245e-03   -2.7887245e-03   -1.2822214e-03   -1.2822214e-03   -1.2822214e-03
  +1.8600000e+03   +1.9200000e+03   -1.9876344e-03   +3.8486483e-05  -1.9876344e-03   -2.7330263e-03   -1.3184985e-03   -1.9876344e-03   -1.9876344e-03   -1.9876344e-03   -2.7330263e-03   -2.7330263e-03   -2.7330263e-03   -1.3184985e-03   -1.3184985e-03   -1.3184985e-03
  +1.9200000e+03   +1.9800000e+03   -1.6790673e-03   +7.2559802e-05  -1.6790673e-03   -2.3293871e-03   -1.0911810e-03   -1.6790673e-03   -1.6790673e-03   -1.6790673e-03   -2.3293871e-03   -2.3293871e-03   -2.3293871e-03   -1.0911810e-03   -1.0911810e-03   -1.0911810e-03
  +1.9800000e+03   +2.0400000e+03   -1.9036783e-03   +4.5442181e-05  -1.9036783e-03   -2.5626964e-03   -1.3091575e-03   -1.9036783e-03   -1.9036783e-03   -1.9036783e-03   -2.5626964e-03   -2.5626964e-03   -2.5626964e-03   -1.3091575e-03   -1.3091575e-03   -1.3091575e-03
  +2.0400000e+03   +2.1000000e+03   -1.7604130e-03   +4.4657544e-05  -1.7604130e-03   -2.3444354e-03   -1.2306297e-03   -1.7604130e-03   -1.7604130e-03   -1.7604130e-03   -2.3444354e-03   -2.3444354e-03   -2.3444354e-03   -1.2306297e-03   -1.2306297e-03   -1.2306297e-03
  +2.1000000e+03   +2.1600000e+03   -1.7417494e-03   +5.2616869e-05  -1.7417494e-03   -2.3010756e-03   -1.2322334e-03   -1.7417494e-03   -1.7417494e-03   -1.7417494e-03   -2.3010756e-03   -2.3010756e-03   -2.3010756e-03   -1.2322334e-03   -1.2322334e-03   -1.2322334e-03
  +2.1600000e+03   +2.2200000e+03   -1.7762921e-03   +3.9895522e-05  -1.7762921e-03   -2.3060140e-03   -1.2911315e-03   -1.7762921e-03   -1.7762921e-03   -1.7762921e-03   -2.3060140e-03   -2.3060140e-03   -2.3060140e-03   -1.2911315e-03   -1.2911315e-03   -1.2911315e-03
  +2.2200000e+03   +2.2800000e+03   -1.8350921e-03   +3.6545362e-05  -1.8350921e-03   -2.3527693e-03   -1.3613596e-03   -1.8350921e-03   -1.8350921e-03   -1.8350921e-03   -2.3527693e-03   -2.3527693e-03   -2.3527693e-03   -1.3613596e-03   -1.3613596e-03   -1.3613596e-03
  +2.2800000e+03   +2.3400000e+03   -1.8738876e-03   +4.5132239e-05  -1.8738876e-03   -2.3799350e-03   -1.4070395e-03   -1.8738876e-03   -1.8738876e-03   -1.8738876e-03   -2.3799350e-03   -2.3799350e-03   -2.3799350e-03   -1.4070395e-03   -1.4070395e-03   -1.4070395e-03
  +2.3400000e+03   +2.4000000e+03   -1.8706950e-03   +5.4255795e-05  -1.8706950e-03   -2.3651864e-03   -1.4108180e-03   -1.8706950e-03   -1.8706950e-03   -1.8706950e-03   -2.3651864e-03   -2.3651864e-03   -2.3651864e-03   -1.4108180e-03   -1.4108180e-03   -1.4108180e-03
  +2.4000000e+03   +2.4600000e+03   -2.0465183e-03   +3.8917990e-05  -2.0465183e-03   -2.5448720e-03   -1.5808487e-03   -2.0465183e-03   -2.0465183e-03   -2.0465183e-03   -2.5448720e-03   -2.5448720e-03   -2.5448720e-03   -1.5808487e-03   -1.5808487e-03   -1.5808487e-03
  +2.4600000e+03   +2.5200000e+03   -2.1387179e-03   +6.4863474e-05  -2.1387179e-03   -2.6434716e-03   -1.6647291e-03   -2.1387179e-03   -2.1387179e-03   -2.1387179e-03   -2.6434716e-03   -2.6434716e-03   -2.6434716e-03   -1.6647291e-03   -1.6647291e-03   -1.6647291e-03
  +2.5200000e+03   +2.5800000e+03   -2.4140181e-03   +5.1237212e-05  -2.4140181e-03   -2.9346318e-03   -1.9214570e-03   -2.4140181e-03   -2.4140181e-03   -2.4140181e-03   -2.9346318e-03   -2.9346318e-03   -2.9346318e-03   -1.9214570e-03   -1.9214570e-03   -1.9214570e-03
  +2.5800000e+03   +2.6400000e+03   -2.6408656e-03   +5.4899450e-05  -2.6408656e-03   -3.1782147e-03   -2.1292729e-03   -2.6408656e-03   -2.6408656e-03   -2.6408656e-03   -3.1782147e-03   -3.1782147e-03   -3.1782147e-03   -2.1292729e-03   -2.1292729e-03   -2.1292729e-03
  +2.6400000e+03   +2.7000000e+03   -2.9835412e-03   +7.4768299e-05  -2.9835412e-03   -3.5768974e-03   -2.4159844e-03   -2.9835412e-03   -2.9835412e-03   -2.9835412e-03   -3.5768974e-03   -3.5768974e-03   -3.5768974e-03   -2.4159844e-03   -2.4159844e-03   -2.4159844e-03
  +2.7000000e+03   +2.7600000e+03   -3.5167212e-03   +7.0416231e-05  -3.5167212e-03   -4.1985201e-03   -2.8596197e-03   -3.5167212e-03   -3.5167212e-03   -3.5167212e-03   -4.1985201e-03   -4.1985201e-03   -4.1985201e-03   -2.8596197e-03   -2.8596197e-03   -2.8596197e-03
  +2.7600000e+03   +2.8200000e+03   -4.3189522e-03   +1.0070992e-04  -4.3189522e-03   -5.0845520e-03   -3.5733114e-03   -4.3189522e-03   -4.3189522e-03   -4.3189522e-03   -5.0845520e-03   -5.0845520e-03   -5.0845520e-03   -3.5733114e-03   -3.5733114e-03   -3.5733114e-03
  +2.8200000e+03   +2.8800000e+03   -5.6390183e-03   +1.1153570e-04  -5.6390183e-03   -6.5681432e-03   -4.7171372e-03   -5.6390183e-03   -5.6390183e-03   -5.6390183e-03   -6.5681432e-03   -6.5681432e-03   -6.5681432e-03   -4.7171372e-03   -4.7171372e-03   -4.7171372e-03
  +2.8800000e+03   +2.9400000e+03   -9.3295551e-03   +1.1020740e-04  -9.3295551e-03   -1.0691412e-02   -7.9488295e-03   -9.3295551e-03   -9.3295551e-03   -9.3295551e-03   -1.0691412e-02   -1.0691412e-02   -1.0691412e-02   -7.9488295e-03   -7.9488295e-03   -7.9488295e-03
  +2.9400000e+03   +3.0000000e+03   -1.7061843e-02   +4.4038845e-04  -1.7061843e-02   -2.3773347e-02   -1.0248334e-02   -1.7061843e-02   -1.7061843e-02   -1.7061843e-02   -1.0248334e-02   -1.0248334e-02   -1.0248334e-02   -2.3773347e-02   -2.3773347e-02   -2.3773347e-02
