-10.	0.	0.
0.	10.	0.
10.	20.	0.
20.	30.	0.
30.	40.	0.
40.	50.	0.
50.	60.	0.
60.	70.	0.
70.	80.	0.
80.	90.	0.
90.	100.	0.
100.	110.	0.
110.	120.	0.
120.	130.	0.
130.	140.	0.
140.	150.	0.
150.	160.	0.
160.	170.	0.
170.	180.	0.
180.	190.	0.
190.	200.	0.
200.	210.	0.
210.	220.	0.
220.	230.	0.
230.	240.	0.
240.	250.	0.
250.	260.	0.
260.	270.	0.
270.	280.	0.
280.	290.	0.
290.	300.	0.
300.	310.	0.
310.	320.	0.
320.	330.	0.
330.	340.	0.
340.	350.	1.037895
350.	360.	1.614503
360.	370.	2.306433
370.	380.	2.07579
380.	390.	3.920937
390.	400.	5.074154
400.	410.	5.304797
410.	420.	5.766084
420.	430.	7.149944
430.	440.	7.034622
440.	450.	6.22737
450.	460.	6.803979
460.	470.	9.110412
470.	480.	9.456377
480.	490.	8.533804
490.	500.	10.49427
500.	510.	10.03299
510.	520.	10.49427
520.	530.	10.95556
530.	540.	10.49427
540.	550.	13.03135
550.	560.	11.64749
560.	570.	11.53217
570.	580.	14.64585
580.	590.	14.06924
590.	600.	12.33942
600.	610.	16.02971
610.	620.	13.14667
620.	630.	12.80071
630.	640.	14.06924
640.	650.	15.10714
650.	660.	17.52889
660.	670.	17.06761
670.	680.	16.491
680.	690.	17.06761
690.	700.	17.75954
700.	710.	15.79907
710.	720.	15.91439
720.	730.	19.37404
730.	740.	18.45147
740.	750.	18.91275
750.	760.	23.64094
760.	770.	19.48936
770.	780.	22.94901
780.	790.	23.17966
790.	800.	23.17966
800.	810.	21.44983
810.	820.	24.33287
820.	830.	20.98854
830.	840.	22.48773
840.	850.	23.06433
850.	860.	20.41194
860.	870.	23.64094
870.	880.	22.25708
880.	890.	22.25708
890.	900.	25.94738
900.	910.	22.83369
910.	920.	25.71673
920.	930.	23.17966
930.	940.	27.21591
940.	950.	24.67884
950.	960.	24.21755
960.	970.	21.44983
970.	980.	26.75463
980.	990.	26.52398
990.	1000.	27.10059
1000.	1010.	26.17802
1010.	1020.	24.79416
1020.	1030.	25.48609
1030.	1040.	25.14012
1040.	1050.	25.48609
1050.	1060.	29.06106
1060.	1070.	26.17802
1070.	1080.	27.79252
1080.	1090.	28.36913
1090.	1100.	25.37077
1100.	1110.	26.98527
1110.	1120.	24.10223
1120.	1130.	26.29334
1130.	1140.	30.3296
1140.	1150.	27.21591
1150.	1160.	27.44656
1160.	1170.	27.90784
1170.	1180.	26.17802
1180.	1190.	27.79252
1190.	1200.	30.44492
1200.	1210.	27.44656
1210.	1220.	25.48609
1220.	1230.	26.63931
1230.	1240.	27.33124
1240.	1250.	25.0248
1250.	1260.	30.56024
1260.	1270.	27.21591
1270.	1280.	27.90784
1280.	1290.	25.14012
1290.	1300.	28.48445
1300.	1310.	28.25381
1310.	1320.	27.90784
1320.	1330.	25.48609
1330.	1340.	24.21755
1340.	1350.	28.25381
1350.	1360.	25.48609
1360.	1370.	27.33124
1370.	1380.	28.36913
1380.	1390.	28.13849
1390.	1400.	28.13849
1400.	1410.	29.06106
1410.	1420.	29.17638
1420.	1430.	28.02317
1430.	1440.	25.94738
1440.	1450.	29.86831
1450.	1460.	29.86831
1460.	1470.	26.17802
1470.	1480.	29.29171
1480.	1490.	30.44492
1490.	1500.	28.13849
1500.	1510.	30.67557
1510.	1520.	26.52398
1520.	1530.	27.21591
1530.	1540.	26.75463
1540.	1550.	25.71673
1550.	1560.	27.44656
1560.	1570.	25.94738
1570.	1580.	31.13685
1580.	1590.	32.05943
1590.	1600.	26.52398
1600.	1610.	28.59978
1610.	1620.	29.29171
1620.	1630.	29.75299
1630.	1640.	25.71673
1640.	1650.	27.56188
1650.	1660.	26.40866
1660.	1670.	28.48445
1670.	1680.	27.21591
1680.	1690.	27.10059
1690.	1700.	26.29334
1700.	1710.	27.33124
1710.	1720.	27.90784
1720.	1730.	27.6772
1730.	1740.	26.75463
1740.	1750.	26.98527
1750.	1760.	26.98527
1760.	1770.	31.13685
1770.	1780.	27.6772
1780.	1790.	28.7151
1790.	1800.	29.29171
1800.	1810.	27.56188
1810.	1820.	28.02317
1820.	1830.	27.56188
1830.	1840.	27.21591
1840.	1850.	25.48609
1850.	1860.	22.3724
1860.	1870.	26.75463
1870.	1880.	26.29334
1880.	1890.	27.10059
1890.	1900.	25.25545
1900.	1910.	27.10059
1910.	1920.	26.17802
1920.	1930.	27.56188
1930.	1940.	26.17802
1940.	1950.	27.10059
1950.	1960.	25.14012
1960.	1970.	25.71673
1970.	1980.	25.0248
1980.	1990.	27.79252
1990.	2000.	26.63931
2000.	2010.	28.48445
2010.	2020.	25.37077
2020.	2030.	25.94738
2030.	2040.	24.44819
2040.	2050.	26.86995
2050.	2060.	26.0627
2060.	2070.	23.87159
2070.	2080.	26.29334
2080.	2090.	24.56352
2090.	2100.	24.90948
2100.	2110.	24.79416
2110.	2120.	24.90948
2120.	2130.	24.44819
2130.	2140.	24.10223
2140.	2150.	24.33287
2150.	2160.	22.60305
2160.	2170.	23.17966
2170.	2180.	25.25545
2180.	2190.	22.94901
2190.	2200.	25.71673
2200.	2210.	24.33287
2210.	2220.	23.98691
2220.	2230.	25.94738
2230.	2240.	23.75626
2240.	2250.	22.25708
2250.	2260.	22.60305
2260.	2270.	24.90948
2270.	2280.	24.44819
2280.	2290.	24.44819
2290.	2300.	24.44819
2300.	2310.	25.0248
2310.	2320.	22.3724
2320.	2330.	27.6772
2330.	2340.	24.10223
2340.	2350.	23.64094
2350.	2360.	23.75626
2360.	2370.	21.10387
2370.	2380.	20.29661
2380.	2390.	24.90948
2390.	2400.	24.79416
2400.	2410.	24.90948
2410.	2420.	20.29661
2420.	2430.	26.29334
2430.	2440.	23.64094
2440.	2450.	22.71837
2450.	2460.	22.48773
2460.	2470.	21.7958
2470.	2480.	21.33451
2480.	2490.	26.63931
2490.	2500.	21.91112
2500.	2510.	23.75626
2510.	2520.	19.48936
2520.	2530.	23.75626
2530.	2540.	24.33287
2540.	2550.	24.90948
2550.	2560.	22.02644
2560.	2570.	23.4103
2570.	2580.	19.60468
2580.	2590.	19.95065
2590.	2600.	22.71837
2600.	2610.	23.29498
2610.	2620.	23.4103
2620.	2630.	21.7958
2630.	2640.	20.64258
2640.	2650.	23.4103
2650.	2660.	21.44983
2660.	2670.	19.48936
2670.	2680.	21.68047
2680.	2690.	21.7958
2690.	2700.	18.79743
2700.	2710.	19.95065
2710.	2720.	20.06597
2720.	2730.	21.44983
2730.	2740.	22.14176
2740.	2750.	22.02644
2750.	2760.	21.91112
2760.	2770.	20.64258
2770.	2780.	19.95065
2780.	2790.	23.06433
2790.	2800.	17.99018
2800.	2810.	18.68211
2810.	2820.	20.7579
2820.	2830.	19.37404
2830.	2840.	17.87486
2840.	2850.	21.21919
2850.	2860.	20.52726
2860.	2870.	20.29661
2870.	2880.	19.83533
2880.	2890.	18.22082
2890.	2900.	18.45147
2900.	2910.	17.64422
2910.	2920.	19.37404
2920.	2930.	17.75954
2930.	2940.	20.29661
2940.	2950.	18.91275
2950.	2960.	18.91275
2960.	2970.	17.52889
2970.	2980.	19.37404
2980.	2990.	18.68211
2990.	3000.	18.22082
3000.	3010.	16.26036
3010.	3020.	21.68047
3020.	3030.	17.29825
3030.	3040.	18.91275
3040.	3050.	17.06761
3050.	3060.	16.95229
3060.	3070.	18.1055
3070.	3080.	19.02808
3080.	3090.	17.06761
3090.	3100.	19.02808
3100.	3110.	17.41357
3110.	3120.	17.18293
3120.	3130.	20.29661
3130.	3140.	18.33615
3140.	3150.	17.29825
3150.	3160.	16.02971
3160.	3170.	16.37568
3170.	3180.	16.60632
3180.	3190.	19.48936
3190.	3200.	16.72164
3200.	3210.	18.56679
3210.	3220.	16.60632
3220.	3230.	17.75954
3230.	3240.	17.87486
3240.	3250.	16.95229
3250.	3260.	18.91275
3260.	3270.	17.41357
3270.	3280.	15.33778
3280.	3290.	17.06761
3290.	3300.	15.4531
3300.	3310.	17.75954
3310.	3320.	20.18129
3320.	3330.	17.87486
3330.	3340.	15.56843
3340.	3350.	18.45147
3350.	3360.	15.79907
3360.	3370.	16.83696
3370.	3380.	17.29825
3380.	3390.	21.21919
3390.	3400.	17.99018
3400.	3410.	15.33778
3410.	3420.	16.95229
3420.	3430.	15.56843
3430.	3440.	16.37568
3440.	3450.	17.41357
3450.	3460.	16.72164
3460.	3470.	15.22246
3470.	3480.	15.33778
3480.	3490.	13.60796
3490.	3500.	14.06924
3500.	3510.	15.4531
3510.	3520.	14.18457
3520.	3530.	15.33778
3530.	3540.	15.79907
3540.	3550.	14.29989
3550.	3560.	16.02971
3560.	3570.	14.76117
3570.	3580.	16.26036
3580.	3590.	15.4531
3590.	3600.	15.10714
3600.	3610.	15.4531
3610.	3620.	14.76117
3620.	3630.	15.79907
3630.	3640.	14.18457
3640.	3650.	16.14503
3650.	3660.	15.22246
3660.	3670.	16.02971
3670.	3680.	14.18457
3680.	3690.	17.64422
3690.	3700.	13.95392
3700.	3710.	13.49264
3710.	3720.	14.41521
3720.	3730.	13.49264
3730.	3740.	13.95392
3740.	3750.	12.91603
3750.	3760.	13.95392
3760.	3770.	14.06924
3770.	3780.	14.18457
3780.	3790.	13.60796
3790.	3800.	13.60796
3800.	3810.	14.64585
3810.	3820.	14.29989
3820.	3830.	15.4531
3830.	3840.	15.68375
3840.	3850.	11.53217
3850.	3860.	14.29989
3860.	3870.	12.45474
3870.	3880.	10.72492
3880.	3890.	14.8765
3890.	3900.	14.18457
3900.	3910.	15.56843
3910.	3920.	13.26199
3920.	3930.	11.64749
3930.	3940.	12.2241
3940.	3950.	11.99345
3950.	3960.	15.68375
3960.	3970.	13.26199
3970.	3980.	14.41521
3980.	3990.	14.06924
3990.	4000.	12.91603
4000.	4010.	13.37731
4010.	4020.	16.37568
4020.	4030.	13.95392
4030.	4040.	11.41685
4040.	4050.	10.03299
4050.	4060.	13.60796
4060.	4070.	12.68538
4070.	4080.	14.06924
4080.	4090.	13.95392
4090.	4100.	11.07088
4100.	4110.	10.49427
4110.	4120.	12.91603
4120.	4130.	12.33942
4130.	4140.	11.87813
4140.	4150.	12.45474
4150.	4160.	11.07088
4160.	4170.	10.84024
4170.	4180.	10.95556
4180.	4190.	13.60796
4190.	4200.	9.456377
4200.	4210.	12.57006
4210.	4220.	12.33942
4220.	4230.	13.03135
4230.	4240.	11.41685
4240.	4250.	13.26199
4250.	4260.	12.68538
4260.	4270.	12.57006
4270.	4280.	10.14831
4280.	4290.	10.49427
4290.	4300.	8.418482
4300.	4310.	10.84024
4310.	4320.	12.45474
4320.	4330.	11.99345
4330.	4340.	10.95556
4340.	4350.	11.64749
4350.	4360.	10.14831
4360.	4370.	11.41685
4370.	4380.	11.07088
4380.	4390.	11.87813
4390.	4400.	10.60959
4400.	4410.	10.84024
4410.	4420.	10.72492
4420.	4430.	9.802342
4430.	4440.	11.30152
4440.	4450.	10.60959
4450.	4460.	10.14831
4460.	4470.	11.30152
4470.	4480.	10.95556
4480.	4490.	10.37895
4490.	4500.	10.14831
4500.	4510.	10.49427
4510.	4520.	12.10878
4520.	4530.	7.61123
4530.	4540.	11.30152
4540.	4550.	11.30152
4550.	4560.	9.456377
4560.	4570.	8.879769
4570.	4580.	9.687021
4580.	4590.	9.110412
4590.	4600.	9.341056
4600.	4610.	10.72492
4610.	4620.	10.72492
4620.	4630.	11.64749
4630.	4640.	12.45474
4640.	4650.	7.841874
4650.	4660.	12.80071
4660.	4670.	9.802342
4670.	4680.	9.687021
4680.	4690.	8.995091
4690.	4700.	8.649126
4700.	4710.	9.225734
4710.	4720.	8.879769
4720.	4730.	8.418482
4730.	4740.	10.26363
4740.	4750.	8.995091
4750.	4760.	9.341056
4760.	4770.	9.225734
4770.	4780.	9.225734
4780.	4790.	11.64749
4790.	4800.	9.341056
4800.	4810.	8.418482
4810.	4820.	8.30316
4820.	4830.	9.225734
4830.	4840.	9.341056
4840.	4850.	8.30316
4850.	4860.	9.225734
4860.	4870.	9.917664
4870.	4880.	8.649126
4880.	4890.	7.495909
4890.	4900.	10.14831
4900.	4910.	7.841874
4910.	4920.	8.649126
4920.	4930.	8.879769
4930.	4940.	8.418482
4940.	4950.	6.803979
4950.	4960.	8.879769
4960.	4970.	8.187839
4970.	4980.	8.649126
4980.	4990.	8.764447
4990.	5000.	8.879769
5000.	5010.	9.110412
5010.	5020.	8.30316
5020.	5030.	8.764447
5030.	5040.	8.995091
5040.	5050.	8.995091
5050.	5060.	8.30316
5060.	5070.	10.03299
5070.	5080.	7.957195
5080.	5090.	8.533804
5090.	5100.	7.726552
5100.	5110.	9.110412
5110.	5120.	9.225734
5120.	5130.	7.265265
5130.	5140.	6.458014
5140.	5150.	7.495909
5150.	5160.	9.687021
5160.	5170.	9.341056
5170.	5180.	7.495909
5180.	5190.	8.418482
5190.	5200.	7.61123
5200.	5210.	6.573335
5210.	5220.	10.26363
5220.	5230.	6.803979
5230.	5240.	9.110412
5240.	5250.	7.380587
5250.	5260.	7.726552
5260.	5270.	9.571699
5270.	5280.	9.571699
5280.	5290.	8.418482
5290.	5300.	7.495909
5300.	5310.	6.688657
5310.	5320.	6.9193
5320.	5330.	6.9193
5330.	5340.	8.187839
5340.	5350.	9.341056
5350.	5360.	7.495909
5360.	5370.	7.61123
5370.	5380.	7.495909
5380.	5390.	5.304797
5390.	5400.	7.61123
5400.	5410.	7.149944
5410.	5420.	7.034622
5420.	5430.	7.265265
5430.	5440.	7.380587
5440.	5450.	7.265265
5450.	5460.	7.726552
5460.	5470.	7.726552
5470.	5480.	7.149944
5480.	5490.	7.726552
5490.	5500.	6.803979
5500.	5510.	5.53544
5510.	5520.	6.112049
5520.	5530.	5.304797
5530.	5540.	8.187839
5540.	5550.	5.304797
5550.	5560.	7.265265
5560.	5570.	6.688657
5570.	5580.	6.688657
5580.	5590.	7.957195
5590.	5600.	5.53544
5600.	5610.	6.458014
5610.	5620.	7.265265
5620.	5630.	7.957195
5630.	5640.	6.573335
5640.	5650.	5.766084
5650.	5660.	5.766084
5660.	5670.	7.265265
5670.	5680.	5.996727
5680.	5690.	6.803979
5690.	5700.	6.112049
5700.	5710.	5.766084
5710.	5720.	8.30316
5720.	5730.	5.304797
5730.	5740.	6.112049
5740.	5750.	5.766084
5750.	5760.	5.650762
5760.	5770.	6.112049
5770.	5780.	5.996727
5780.	5790.	4.84351
5790.	5800.	6.112049
5800.	5810.	7.380587
5810.	5820.	5.766084
5820.	5830.	5.766084
5830.	5840.	5.074154
5840.	5850.	5.881405
5850.	5860.	4.728189
5860.	5870.	6.342692
5870.	5880.	6.22737
5880.	5890.	5.650762
5890.	5900.	6.573335
5900.	5910.	5.304797
5910.	5920.	4.612867
5920.	5930.	5.074154
5930.	5940.	6.112049
5940.	5950.	5.650762
5950.	5960.	5.304797
5960.	5970.	4.497545
5970.	5980.	5.420119
5980.	5990.	4.728189
5990.	6000.	4.958832
6000.	6010.	5.189475
6010.	6020.	5.766084
6020.	6030.	5.189475
6030.	6040.	5.074154
6040.	6050.	5.53544
6050.	6060.	4.958832
6060.	6070.	4.958832
6070.	6080.	5.189475
6080.	6090.	5.304797
6090.	6100.	5.074154
6100.	6110.	6.9193
6110.	6120.	4.728189
6120.	6130.	5.881405
6130.	6140.	4.036259
6140.	6150.	5.304797
6150.	6160.	5.53544
6160.	6170.	5.881405
6170.	6180.	5.304797
6180.	6190.	4.036259
6190.	6200.	5.650762
6200.	6210.	4.382224
6210.	6220.	5.766084
6220.	6230.	4.266902
6230.	6240.	4.612867
6240.	6250.	5.420119
6250.	6260.	3.805615
6260.	6270.	4.958832
6270.	6280.	4.15158
6280.	6290.	5.53544
6290.	6300.	4.84351
6300.	6310.	5.53544
6310.	6320.	3.690294
6320.	6330.	4.036259
6330.	6340.	4.266902
6340.	6350.	5.650762
6350.	6360.	3.574972
6360.	6370.	3.344329
6370.	6380.	4.266902
6380.	6390.	3.344329
6390.	6400.	3.344329
6400.	6410.	7.726552
6410.	6420.	3.805615
6420.	6430.	5.53544
6430.	6440.	4.497545
6440.	6450.	4.497545
6450.	6460.	4.497545
6460.	6470.	4.497545
6470.	6480.	4.382224
6480.	6490.	4.497545
6490.	6500.	4.15158
6500.	6510.	4.036259
6510.	6520.	3.344329
6520.	6530.	3.920937
6530.	6540.	3.344329
6540.	6550.	4.958832
6550.	6560.	4.036259
6560.	6570.	5.766084
6570.	6580.	5.189475
6580.	6590.	4.728189
6590.	6600.	4.15158
6600.	6610.	4.612867
6610.	6620.	4.382224
6620.	6630.	4.266902
6630.	6640.	3.805615
6640.	6650.	3.805615
6650.	6660.	4.15158
6660.	6670.	3.574972
6670.	6680.	4.958832
6680.	6690.	3.920937
6690.	6700.	4.266902
6700.	6710.	4.15158
6710.	6720.	2.883042
6720.	6730.	4.497545
6730.	6740.	4.266902
6740.	6750.	4.036259
6750.	6760.	4.612867
6760.	6770.	4.382224
6770.	6780.	4.958832
6780.	6790.	2.537077
6790.	6800.	2.998364
6800.	6810.	3.690294
6810.	6820.	4.382224
6820.	6830.	5.074154
6830.	6840.	3.920937
6840.	6850.	4.266902
6850.	6860.	3.574972
6860.	6870.	3.690294
6870.	6880.	3.574972
6880.	6890.	3.805615
6890.	6900.	3.690294
6900.	6910.	3.344329
6910.	6920.	3.690294
6920.	6930.	2.537077
6930.	6940.	3.45965
6940.	6950.	3.45965
6950.	6960.	4.266902
6960.	6970.	3.344329
6970.	6980.	3.920937
6980.	6990.	3.229007
6990.	7000.	3.690294
7000.	7010.	2.191112
7010.	7020.	2.537077
7020.	7030.	3.920937
7030.	7040.	2.421755
7040.	7050.	2.76772
7050.	7060.	2.76772
7060.	7070.	2.998364
7070.	7080.	3.113685
7080.	7090.	4.15158
7090.	7100.	2.191112
7100.	7110.	3.690294
7110.	7120.	2.537077
7120.	7130.	3.45965
7130.	7140.	2.537077
7140.	7150.	2.998364
7150.	7160.	3.45965
7160.	7170.	2.998364
7170.	7180.	3.920937
7180.	7190.	3.45965
7190.	7200.	2.76772
7200.	7210.	2.421755
7210.	7220.	2.306433
7220.	7230.	2.883042
7230.	7240.	3.113685
7240.	7250.	3.45965
7250.	7260.	1.960468
7260.	7270.	3.690294
7270.	7280.	3.690294
7280.	7290.	2.07579
7290.	7300.	2.883042
7300.	7310.	3.805615
7310.	7320.	3.920937
7320.	7330.	3.344329
7330.	7340.	2.883042
7340.	7350.	1.499182
7350.	7360.	1.845147
7360.	7370.	2.883042
7370.	7380.	2.76772
7380.	7390.	3.574972
7390.	7400.	3.690294
7400.	7410.	2.07579
7410.	7420.	1.960468
7420.	7430.	4.036259
7430.	7440.	2.537077
7440.	7450.	3.229007
7450.	7460.	2.421755
7460.	7470.	2.537077
7470.	7480.	2.652398
7480.	7490.	3.229007
7490.	7500.	1.729825
7500.	7510.	1.499182
7510.	7520.	2.421755
7520.	7530.	2.306433
7530.	7540.	2.537077
7540.	7550.	2.191112
7550.	7560.	2.652398
7560.	7570.	2.883042
7570.	7580.	2.191112
7580.	7590.	1.845147
7590.	7600.	2.306433
7600.	7610.	2.998364
7610.	7620.	2.76772
7620.	7630.	2.537077
7630.	7640.	3.574972
7640.	7650.	3.113685
7650.	7660.	2.652398
7660.	7670.	2.191112
7670.	7680.	3.229007
7680.	7690.	2.306433
7690.	7700.	2.421755
7700.	7710.	1.960468
7710.	7720.	2.306433
7720.	7730.	2.07579
7730.	7740.	2.537077
7740.	7750.	1.037895
7750.	7760.	2.998364
7760.	7770.	1.960468
7770.	7780.	2.998364
7780.	7790.	2.537077
7790.	7800.	1.845147
7800.	7810.	3.344329
7810.	7820.	2.76772
7820.	7830.	1.845147
7830.	7840.	2.306433
7840.	7850.	2.191112
7850.	7860.	1.845147
7860.	7870.	2.652398
7870.	7880.	2.76772
7880.	7890.	2.537077
7890.	7900.	1.268538
7900.	7910.	1.614503
7910.	7920.	2.883042
7920.	7930.	1.845147
7930.	7940.	2.652398
7940.	7950.	1.845147
7950.	7960.	2.07579
7960.	7970.	2.537077
7970.	7980.	1.614503
7980.	7990.	1.960468
7990.	8000.	1.960468
8000.	8010.	1.499182
8010.	8020.	2.07579
8020.	8030.	2.07579
8030.	8040.	1.268538
8040.	8050.	2.421755
8050.	8060.	1.845147
8060.	8070.	2.76772
8070.	8080.	1.960468
8080.	8090.	2.421755
8090.	8100.	1.614503
8100.	8110.	2.883042
8110.	8120.	2.191112
8120.	8130.	1.499182
8130.	8140.	1.499182
8140.	8150.	2.07579
8150.	8160.	2.652398
8160.	8170.	1.499182
8170.	8180.	2.421755
8180.	8190.	1.153217
8190.	8200.	1.845147
8200.	8210.	2.652398
8210.	8220.	2.07579
8220.	8230.	2.191112
8230.	8240.	2.306433
8240.	8250.	2.07579
8250.	8260.	1.153217
8260.	8270.	1.38386
8270.	8280.	1.845147
8280.	8290.	1.268538
8290.	8300.	1.499182
8300.	8310.	2.306433
8310.	8320.	1.729825
8320.	8330.	0.69193
8330.	8340.	1.729825
8340.	8350.	2.07579
8350.	8360.	0.9225734
8360.	8370.	2.421755
8370.	8380.	2.07579
8380.	8390.	1.268538
8390.	8400.	1.845147
8400.	8410.	1.729825
8410.	8420.	1.729825
8420.	8430.	1.499182
8430.	8440.	1.729825
8440.	8450.	2.07579
8450.	8460.	1.38386
8460.	8470.	1.729825
8470.	8480.	1.729825
8480.	8490.	1.268538
8490.	8500.	1.037895
8500.	8510.	1.614503
8510.	8520.	1.268538
8520.	8530.	1.729825
8530.	8540.	1.845147
8540.	8550.	1.845147
8550.	8560.	1.845147
8560.	8570.	1.38386
8570.	8580.	1.38386
8580.	8590.	1.037895
8590.	8600.	1.960468
8600.	8610.	1.153217
8610.	8620.	1.268538
8620.	8630.	1.614503
8630.	8640.	1.960468
8640.	8650.	2.191112
8650.	8660.	0.5766084
8660.	8670.	1.38386
8670.	8680.	1.499182
8680.	8690.	1.845147
8690.	8700.	1.153217
8700.	8710.	1.268538
8710.	8720.	0.69193
8720.	8730.	1.037895
8730.	8740.	1.499182
8740.	8750.	1.153217
8750.	8760.	0.4612867
8760.	8770.	1.614503
8770.	8780.	0.8072517
8780.	8790.	0.4612867
8790.	8800.	1.268538
8800.	8810.	1.153217
8810.	8820.	0.69193
8820.	8830.	1.614503
8830.	8840.	1.037895
8840.	8850.	1.268538
8850.	8860.	1.38386
8860.	8870.	1.614503
8870.	8880.	0.5766084
8880.	8890.	1.499182
8890.	8900.	1.960468
8900.	8910.	1.614503
8910.	8920.	1.268538
8920.	8930.	0.8072517
8930.	8940.	0.9225734
8940.	8950.	1.037895
8950.	8960.	0.9225734
8960.	8970.	1.037895
8970.	8980.	0.69193
8980.	8990.	1.037895
8990.	9000.	0.2306433
9000.	9010.	0.69193
9010.	9020.	1.38386
9020.	9030.	0.8072517
9030.	9040.	0.69193
9040.	9050.	1.153217
9050.	9060.	0.9225734
9060.	9070.	1.268538
9070.	9080.	0.4612867
9080.	9090.	0.9225734
9090.	9100.	0.9225734
9100.	9110.	0.8072517
9110.	9120.	0.9225734
9120.	9130.	0.9225734
9130.	9140.	1.037895
9140.	9150.	0.69193
9150.	9160.	0.69193
9160.	9170.	0.69193
9170.	9180.	0.5766084
9180.	9190.	0.9225734
9190.	9200.	0.8072517
9200.	9210.	0.8072517
9210.	9220.	0.4612867
9220.	9230.	1.153217
9230.	9240.	0.4612867
9240.	9250.	0.4612867
9250.	9260.	0.345965
9260.	9270.	0.4612867
9270.	9280.	0.69193
9280.	9290.	0.345965
9290.	9300.	0.345965
9300.	9310.	0.9225734
9310.	9320.	0.69193
9320.	9330.	0.69193
9330.	9340.	1.037895
9340.	9350.	0.8072517
9350.	9360.	0.345965
9360.	9370.	0.8072517
9370.	9380.	0.345965
9380.	9390.	1.153217
9390.	9400.	0.8072517
9400.	9410.	0.9225734
9410.	9420.	0.5766084
9420.	9430.	1.153217
9430.	9440.	0.69193
9440.	9450.	0.5766084
9450.	9460.	0.5766084
9460.	9470.	0.4612867
9470.	9480.	0.5766084
9480.	9490.	0.345965
9490.	9500.	0.345965
9500.	9510.	0.8072517
9510.	9520.	0.9225734
9520.	9530.	0.2306433
9530.	9540.	0.345965
9540.	9550.	0.345965
9550.	9560.	0.69193
9560.	9570.	0.
9570.	9580.	0.5766084
9580.	9590.	0.5766084
9590.	9600.	0.5766084
9600.	9610.	0.9225734
9610.	9620.	0.4612867
9620.	9630.	0.69193
9630.	9640.	0.2306433
9640.	9650.	0.
9650.	9660.	0.5766084
9660.	9670.	0.5766084
9670.	9680.	0.
9680.	9690.	0.5766084
9690.	9700.	0.345965
9700.	9710.	0.2306433
9710.	9720.	0.4612867
9720.	9730.	0.345965
9730.	9740.	0.2306433
9740.	9750.	0.1153217
9750.	9760.	0.2306433
9760.	9770.	0.4612867
9770.	9780.	0.69193
9780.	9790.	0.345965
9790.	9800.	0.2306433
9800.	9810.	0.2306433
9810.	9820.	0.1153217
9820.	9830.	0.1153217
9830.	9840.	0.345965
9840.	9850.	0.2306433
9850.	9860.	0.
9860.	9870.	0.2306433
9870.	9880.	0.2306433
9880.	9890.	0.2306433
9890.	9900.	0.2306433
9900.	9910.	0.345965
9910.	9920.	0.2306433
9920.	9930.	0.2306433
9930.	9940.	0.
9940.	9950.	0.1153217
9950.	9960.	0.1153217
9960.	9970.	0.1153217
9970.	9980.	0.
9980.	9990.	0.
9990.	10000.	0.
10000.	10010.	0.