-10.	0.	0.
0.	10.	0.
10.	20.	0.
20.	30.	0.
30.	40.	0.
40.	50.	0.
50.	60.	0.
60.	70.	0.
70.	80.	0.
80.	90.	0.
90.	100.	0.
100.	110.	0.
110.	120.	0.
120.	130.	0.
130.	140.	0.
140.	150.	0.
150.	160.	0.
160.	170.	0.
170.	180.	0.
180.	190.	0.
190.	200.	0.
200.	210.	0.
210.	220.	0.
220.	230.	0.
230.	240.	0.
240.	250.	0.
250.	260.	0.
260.	270.	0.
270.	280.	0.
280.	290.	0.
290.	300.	0.
300.	310.	0.
310.	320.	0.
320.	330.	0.
330.	340.	0.
340.	350.	0.
350.	360.	0.
360.	370.	0.
370.	380.	0.
380.	390.	0.
390.	400.	0.
400.	410.	0.
410.	420.	0.
420.	430.	0.
430.	440.	0.
440.	450.	0.
450.	460.	0.
460.	470.	0.
470.	480.	0.
480.	490.	0.
490.	500.	0.
500.	510.	1.050128
510.	520.	1.191444
520.	530.	1.354405
530.	540.	1.444081
540.	550.	1.565915
550.	560.	1.659301
560.	570.	1.743411
570.	580.	1.771859
580.	590.	1.892766
590.	600.	1.893075
600.	610.	1.945334
610.	620.	2.005324
620.	630.	1.992955
630.	640.	2.055728
640.	650.	2.037793
650.	660.	2.059438
660.	670.	2.06284
670.	680.	2.060985
680.	690.	2.028516
690.	700.	2.033464
700.	710.	1.999449
710.	720.	2.036556
720.	730.	1.980586
730.	740.	1.976875
740.	750.	1.932656
750.	760.	1.935439
760.	770.	1.909774
770.	780.	1.898332
780.	790.	1.853185
790.	800.	1.854422
800.	810.	1.804328
810.	820.	1.790413
820.	830.	1.761964
830.	840.	1.724548
840.	850.	1.687132
850.	860.	1.689296
860.	870.	1.650334
870.	880.	1.634563
880.	890.	1.624977
890.	900.	1.522315
900.	910.	1.511801
910.	920.	1.490774
920.	930.	1.481806
930.	940.	1.409757
940.	950.	1.420889
950.	960.	1.39646
960.	970.	1.390276
970.	980.	1.410375
980.	990.	1.345129
990.	1000.	1.31668
1000.	1010.	1.25298
1010.	1020.	1.274316
1020.	1030.	1.236282
1030.	1040.	1.192681
1040.	1050.	1.138566
1050.	1060.	1.208142
1060.	1070.	1.161758
1070.	1080.	1.138257
1080.	1090.	1.100223
1090.	1100.	1.073938
1100.	1110.	1.050437
1110.	1120.	1.026318
1120.	1130.	1.047345
1130.	1140.	1.022916
1140.	1150.	0.9722034
1150.	1160.	0.9564329
1160.	1170.	0.9422086
1170.	1180.	0.9162337
1180.	1190.	0.9239643
1190.	1200.	0.8911864
1200.	1210.	0.8785082
1210.	1220.	0.8679946
1220.	1230.	0.8732514
1230.	1240.	0.8256307
1240.	1250.	0.8209924
1250.	1260.	0.8182093
1260.	1270.	0.7733717
1270.	1280.	0.7829577
1280.	1290.	0.7566736
1290.	1300.	0.7427584
1300.	1310.	0.7415215
1310.	1320.	0.7140005
1320.	1330.	0.714619
1330.	1340.	0.7071976
1340.	1350.	0.6923548
1350.	1360.	0.6586492
1360.	1370.	0.6521555
1370.	1380.	0.6391681
1380.	1390.	0.6230884
1390.	1400.	0.6549385
1400.	1410.	0.5918566
1410.	1420.	0.6091732
1420.	1430.	0.6138116
1430.	1440.	0.5856721
1440.	1450.	0.5600065
1450.	1460.	0.5630987
1460.	1470.	0.5556773
1470.	1480.	0.5297024
1480.	1490.	0.5244456
1490.	1500.	0.5297024
1500.	1510.	0.5216626
1510.	1520.	0.5133135
1520.	1530.	0.4873386
1530.	1540.	0.4792987
1540.	1550.	0.4650744
1550.	1560.	0.4845556
1560.	1570.	0.4653836
1570.	1580.	0.4462117
1580.	1590.	0.430132
1590.	1600.	0.4372441
1600.	1610.	0.4400272
1610.	1620.	0.4125061
1620.	1630.	0.4118877
1630.	1640.	0.3967357
1640.	1650.	0.4084862
1650.	1660.	0.4094139
1660.	1670.	0.3871497
1670.	1680.	0.395808
1680.	1690.	0.3763268
1690.	1700.	0.3639578
1700.	1710.	0.3556087
1710.	1720.	0.3809652
1720.	1730.	0.3488058
1730.	1740.	0.3488058
1740.	1750.	0.3478781
1750.	1760.	0.3379829
1760.	1770.	0.3373645
1770.	1780.	0.3212848
1780.	1790.	0.3222124
1790.	1800.	0.2965468
1800.	1810.	0.3123172
1810.	1820.	0.3175741
1820.	1830.	0.3039682
1830.	1840.	0.3141726
1840.	1850.	0.2875792
1850.	1860.	0.2878885
1860.	1870.	0.28727
1870.	1880.	0.2915992
1880.	1890.	0.2711903
1890.	1900.	0.2588213
1900.	1910.	0.2622228
1910.	1920.	0.2631505
1920.	1930.	0.2659335
1930.	1940.	0.2470708
1940.	1950.	0.2708811
1950.	1960.	0.2319187
1960.	1970.	0.2455246
1970.	1980.	0.2331556
1980.	1990.	0.2430508
1990.	2000.	0.2176944
2000.	2010.	0.2241881
2010.	2020.	0.2381032
2020.	2030.	0.2093449
2030.	2040.	0.2294126
2040.	2050.	0.2157147
2050.	2060.	0.2089782
2060.	2070.	0.2138058
2070.	2080.	0.201866
2080.	2090.	0.2014961
2090.	2100.	0.2016195
2100.	2110.	0.1948561
2110.	2120.	0.1882246
2120.	2130.	0.21178
2130.	2140.	0.1945713
2140.	2150.	0.1790826
2150.	2160.	0.2008805
2160.	2170.	0.1794655
2170.	2180.	0.1842778
2180.	2190.	0.1795009
2190.	2200.	0.1682969
2200.	2210.	0.1807705
2210.	2220.	0.1653634
2220.	2230.	0.167581
2230.	2240.	0.1668384
2240.	2250.	0.1503826
2250.	2260.	0.1660124
2260.	2270.	0.1432827
2270.	2280.	0.162756
2280.	2290.	0.1563288
2290.	2300.	0.1633719
2300.	2310.	0.1452746
2310.	2320.	0.1392048
2320.	2330.	0.1519313
2330.	2340.	0.1495807
2340.	2350.	0.1515153
2350.	2360.	0.1480613
2360.	2370.	0.1281129
2370.	2380.	0.1305011
2380.	2390.	0.140655
2390.	2400.	0.1372311
2400.	2410.	0.1320993
2410.	2420.	0.1250483
2420.	2430.	0.1311861
2430.	2440.	0.119755
2440.	2450.	0.1211502
2450.	2460.	0.117318
2460.	2470.	0.1196227
2470.	2480.	0.122045
2480.	2490.	0.114825
2490.	2500.	0.1174127
2500.	2510.	0.1173116
2510.	2520.	0.1202492
2520.	2530.	0.1007646
2530.	2540.	0.1118359
2540.	2550.	0.1076159
2550.	2560.	0.1035715
2560.	2570.	0.108721
2570.	2580.	0.107579
2580.	2590.	0.09861861
2590.	2600.	0.1059859
2600.	2610.	0.1052944
2610.	2620.	0.09631133
2620.	2630.	0.09179213
2630.	2640.	0.1020699
2640.	2650.	0.0876871
2650.	2660.	0.08913293
2660.	2670.	0.1076982
2670.	2680.	0.09373227
2680.	2690.	0.08877717
2690.	2700.	0.08427204
2700.	2710.	0.0890541
2710.	2720.	0.08067011
2720.	2730.	0.07993945
2730.	2740.	0.08088606
2740.	2750.	0.07886792
2750.	2760.	0.08132083
2760.	2770.	0.08470293
2770.	2780.	0.07964467
2780.	2790.	0.07679776
2790.	2800.	0.08036801
2800.	2810.	0.07947577
2810.	2820.	0.07659523
2820.	2830.	0.07538374
2830.	2840.	0.0718895
2840.	2850.	0.08061633
2850.	2860.	0.06932299
2860.	2870.	0.07022712
2870.	2880.	0.06211691
2880.	2890.	0.07628045
2890.	2900.	0.06125233
2900.	2910.	0.06819042
2910.	2920.	0.0649211
2920.	2930.	0.06849617
2930.	2940.	0.06474971
2940.	2950.	0.06029764
2950.	2960.	0.06484444
2960.	2970.	0.0615649
2970.	2980.	0.06406673
2980.	2990.	0.06043976
2990.	3000.	0.05717832
3000.	3010.	0.06239321
3010.	3020.	0.06296813
3020.	3030.	0.05293945
3030.	3040.	0.05725837
3040.	3050.	0.05787545
3050.	3060.	0.05661806
3060.	3070.	0.05651622
3070.	3080.	0.05204752
3080.	3090.	0.05755106
3090.	3100.	0.05705224
3100.	3110.	0.05601814
3110.	3120.	0.04645239
3120.	3130.	0.04971957
3130.	3140.	0.05305689
3140.	3150.	0.04582056
3150.	3160.	0.04907182
3160.	3170.	0.05518742
3170.	3180.	0.04994452
3180.	3190.	0.04772045
3190.	3200.	0.04807096
3200.	3210.	0.05010289
3210.	3220.	0.05029146
3220.	3230.	0.04720547
3230.	3240.	0.0431976
3240.	3250.	0.04698072
3250.	3260.	0.0405838
3260.	3270.	0.04093042
3270.	3280.	0.0425794
3280.	3290.	0.03941089
3290.	3300.	0.04102775
3300.	3310.	0.0401415
3310.	3320.	0.04565297
3320.	3330.	0.03815667
3330.	3340.	0.04033127
3340.	3350.	0.04375802
3350.	3360.	0.03693037
3360.	3370.	0.03752171
3370.	3380.	0.0344916
3380.	3390.	0.03817261
3390.	3400.	0.0365489
3400.	3410.	0.03817689
3410.	3420.	0.0382091
3420.	3430.	0.03831812
3430.	3440.	0.03574168
3440.	3450.	0.03671803
3450.	3460.	0.03521693
3460.	3470.	0.03654775
3470.	3480.	0.03441137
3480.	3490.	0.0329781
3490.	3500.	0.03740817
3500.	3510.	0.03492278
3510.	3520.	0.03137378
3520.	3530.	0.02959338
3530.	3540.	0.02987355
3540.	3550.	0.037669
3550.	3560.	0.03485647
3560.	3570.	0.03138363
3570.	3580.	0.02826359
3580.	3590.	0.03097303
3590.	3600.	0.03015615
3600.	3610.	0.03129419
3610.	3620.	0.03161907
3620.	3630.	0.02767793
3630.	3640.	0.02783944
3640.	3650.	0.0305578
3650.	3660.	0.02882271
3660.	3670.	0.02462251
3670.	3680.	0.02888859
3680.	3690.	0.02866769
3690.	3700.	0.02556312
3700.	3710.	0.02934113
3710.	3720.	0.02908053
3720.	3730.	0.02616481
3730.	3740.	0.02493243
3740.	3750.	0.02371428
3750.	3760.	0.02655249
3760.	3770.	0.02387217
3770.	3780.	0.02271402
3780.	3790.	0.02561733
3790.	3800.	0.02626457
3800.	3810.	0.02785579
3810.	3820.	0.02687201
3820.	3830.	0.02357902
3830.	3840.	0.02259509
3840.	3850.	0.02260629
3850.	3860.	0.02428607
3860.	3870.	0.02424341
3870.	3880.	0.02335477
3880.	3890.	0.02636201
3890.	3900.	0.0191885
3900.	3910.	0.02137392
3910.	3920.	0.02163244
3920.	3930.	0.02189687
3930.	3940.	0.01993731
3940.	3950.	0.02136462
3950.	3960.	0.02181801
3960.	3970.	0.01925844
3970.	3980.	0.02024841
3980.	3990.	0.01932306
3990.	4000.	0.01978225
4000.	4010.	0.0207417
4010.	4020.	0.0183155
4020.	4030.	0.01918208
4030.	4040.	0.01757143
4040.	4050.	0.01790639
4050.	4060.	0.01550056
4060.	4070.	0.01592857
4070.	4080.	0.01702628
4080.	4090.	0.01914251
4090.	4100.	0.01560313
4100.	4110.	0.01772615
4110.	4120.	0.0186352
4120.	4130.	0.01798726
4130.	4140.	0.01568858
4140.	4150.	0.01563513
4150.	4160.	0.01509213
4160.	4170.	0.01709961
4170.	4180.	0.01449448
4180.	4190.	0.01599374
4190.	4200.	0.01377771
4200.	4210.	0.01699172
4210.	4220.	0.01860726
4220.	4230.	0.01605143
4230.	4240.	0.01498703
4240.	4250.	0.01379403
4250.	4260.	0.01504858
4260.	4270.	0.01459715
4270.	4280.	0.01600903
4280.	4290.	0.01462342
4290.	4300.	0.01539887
4300.	4310.	0.01498713
4310.	4320.	0.01493697
4320.	4330.	0.01391223
4330.	4340.	0.01544627
4340.	4350.	0.01208276
4350.	4360.	0.01214103
4360.	4370.	0.01451907
4370.	4380.	0.01035119
4380.	4390.	0.009619145
4390.	4400.	0.01078365
4400.	4410.	0.01376136
4410.	4420.	0.01064979
4420.	4430.	0.009017342
4430.	4440.	0.01211345
4440.	4450.	0.009961342
4450.	4460.	0.01196656
4460.	4470.	0.01166602
4470.	4480.	0.01270847
4480.	4490.	0.0115811
4490.	4500.	0.0088219
4500.	4510.	0.01049206
4510.	4520.	0.01140392
4520.	4530.	0.008899684
4530.	4540.	0.01070787
4540.	4550.	0.01074675
4550.	4560.	0.01045254
4560.	4570.	0.01076726
4570.	4580.	0.01206997
4580.	4590.	0.01115958
4590.	4600.	0.009231268
4600.	4610.	0.009459876
4610.	4620.	0.01133056
4620.	4630.	0.009998188
4630.	4640.	0.01055071
4640.	4650.	0.00939381
4650.	4660.	0.007913963
4660.	4670.	0.008140673
4670.	4680.	0.008162564
4680.	4690.	0.01200136
4690.	4700.	0.008632845
4700.	4710.	0.0110966
4710.	4720.	0.009420946
4720.	4730.	0.009610751
4730.	4740.	0.009711542
4740.	4750.	0.008392065
4750.	4760.	0.009011046
4760.	4770.	0.008883046
4770.	4780.	0.01040208
4780.	4790.	0.008675425
4790.	4800.	0.008987837
4800.	4810.	0.008521232
4810.	4820.	0.007624059
4820.	4830.	0.008401868
4830.	4840.	0.007011324
4840.	4850.	0.00886055
4850.	4860.	0.008719929
4860.	4870.	0.008465775
4870.	4880.	0.01255939
4880.	4890.	0.008945013
4890.	4900.	0.008328676
4900.	4910.	0.005846557
4910.	4920.	0.007234512
4920.	4930.	0.006549464
4930.	4940.	0.007386152
4940.	4950.	0.007704942
4950.	4960.	0.007649897
4960.	4970.	0.006576004
4970.	4980.	0.008861767
4980.	4990.	0.006225235
4990.	5000.	0.008957297
5000.	5010.	0.009216723
5010.	5020.	0.007415902
5020.	5030.	0.009417916
5030.	5040.	0.007196705
5040.	5050.	0.005693472
5050.	5060.	0.007391001
5060.	5070.	0.005138367
5070.	5080.	0.00544962
5080.	5090.	0.006444571
5090.	5100.	0.006102321
5100.	5110.	0.005071106
5110.	5120.	0.005783964
5120.	5130.	0.007064656
5130.	5140.	0.004801176
5140.	5150.	0.005940738
5150.	5160.	0.00479068
5160.	5170.	0.007750927
5170.	5180.	0.005676137
5180.	5190.	0.007080826
5190.	5200.	0.005139639
5200.	5210.	0.007068782
5210.	5220.	0.007961678
5220.	5230.	0.006085539
5230.	5240.	0.006075113
5240.	5250.	0.004655806
5250.	5260.	0.006151318
5260.	5270.	0.005535077
5270.	5280.	0.00675676
5280.	5290.	0.007554263
5290.	5300.	0.003603183
5300.	5310.	0.005511607
5310.	5320.	0.005143783
5320.	5330.	0.005930769
5330.	5340.	0.005121523
5340.	5350.	0.005489062
5350.	5360.	0.004991879
5360.	5370.	0.004635783
5370.	5380.	0.005897621
5380.	5390.	0.005011042
5390.	5400.	0.005776045
5400.	5410.	0.00574624
5410.	5420.	0.004131061
5420.	5430.	0.004375724
5430.	5440.	0.004830429
5440.	5450.	0.004266644
5450.	5460.	0.003919152
5460.	5470.	0.004561863
5470.	5480.	0.006506018
5480.	5490.	0.004432923
5490.	5500.	0.003858555
5500.	5510.	0.003938069
5510.	5520.	0.002906059
5520.	5530.	0.004944901
5530.	5540.	0.004578327
5540.	5550.	0.003272258
5550.	5560.	0.004088748
5560.	5570.	0.005776299
5570.	5580.	0.003236188
5580.	5590.	0.003551307
5590.	5600.	0.004500437
5600.	5610.	0.004194894
5610.	5620.	0.003494839
5620.	5630.	0.003349263
5630.	5640.	0.003790122
5640.	5650.	0.004410625
5650.	5660.	0.002800456
5660.	5670.	0.004856979
5670.	5680.	0.003567574
5680.	5690.	0.004110337
5690.	5700.	0.003237858
5700.	5710.	0.004643386
5710.	5720.	0.003594673
5720.	5730.	0.003748277
5730.	5740.	0.003432519
5740.	5750.	0.003097418
5750.	5760.	0.002650096
5760.	5770.	0.003261235
5770.	5780.	0.003737799
5780.	5790.	0.003733913
5790.	5800.	0.002809635
5800.	5810.	0.002799977
5810.	5820.	0.003771908
5820.	5830.	0.00240585
5830.	5840.	0.002741854
5840.	5850.	0.002818977
5850.	5860.	0.00394086
5860.	5870.	0.002054391
5870.	5880.	0.002261751
5880.	5890.	0.002089031
5890.	5900.	0.003204969
5900.	5910.	0.002340404
5910.	5920.	0.002139822
5920.	5930.	0.003324984
5930.	5940.	0.00240223
5940.	5950.	0.003145318
5950.	5960.	0.002967435
5960.	5970.	0.003130589
5970.	5980.	0.00300844
5980.	5990.	0.002530449
5990.	6000.	0.002221681
6000.	6010.	0.003420418
6010.	6020.	0.002337087
6020.	6030.	0.001815416
6030.	6040.	0.00256611
6040.	6050.	0.002161471
6050.	6060.	0.003014703
6060.	6070.	0.002703143
6070.	6080.	0.002282012
6080.	6090.	0.003765198
6090.	6100.	0.002673156
6100.	6110.	0.003891087
6110.	6120.	0.002107256
6120.	6130.	0.002235161
6130.	6140.	0.001939019
6140.	6150.	0.002319581
6150.	6160.	0.002347187
6160.	6170.	0.002748363
6170.	6180.	0.002003231
6180.	6190.	0.002518798
6190.	6200.	0.002458252
6200.	6210.	0.002706943
6210.	6220.	0.002357632
6220.	6230.	0.002159767
6230.	6240.	0.002924614
6240.	6250.	0.00211791
6250.	6260.	0.002124888
6260.	6270.	0.001432597
6270.	6280.	0.001858379
6280.	6290.	0.002057059
6290.	6300.	0.002254418
6300.	6310.	0.001777609
6310.	6320.	0.001884002
6320.	6330.	0.002834394
6330.	6340.	0.001349215
6340.	6350.	0.002091956
6350.	6360.	0.001468494
6360.	6370.	0.002041029
6370.	6380.	0.001580938
6380.	6390.	0.002576235
6390.	6400.	0.002376956
6400.	6410.	0.00166729
6410.	6420.	0.002565767
6420.	6430.	0.001550678
6430.	6440.	0.002047432
6440.	6450.	0.002365906
6450.	6460.	0.003077245
6460.	6470.	0.001329458
6470.	6480.	0.001483351
6480.	6490.	0.001407894
6490.	6500.	0.002459242
6500.	6510.	0.001131652
6510.	6520.	0.001172719
6520.	6530.	0.002113965
6530.	6540.	0.001789798
6540.	6550.	0.001548466
6550.	6560.	0.0009936271
6560.	6570.	0.001148948
6570.	6580.	0.001424365
6580.	6590.	0.002174752
6590.	6600.	0.001955382
6600.	6610.	0.002191787
6610.	6620.	0.001210123
6620.	6630.	0.001213466
6630.	6640.	0.002060238
6640.	6650.	0.001292708
6650.	6660.	0.001070077
6660.	6670.	0.00123189
6670.	6680.	0.001693111
6680.	6690.	0.001598934
6690.	6700.	0.001205796
6700.	6710.	0.0009038258
6710.	6720.	0.0007862348
6720.	6730.	0.001562346
6730.	6740.	0.001433789
6740.	6750.	0.001555328
6750.	6760.	0.001284763
6760.	6770.	0.001635682
6770.	6780.	0.001038356
6780.	6790.	0.001020959
6790.	6800.	0.001642605
6800.	6810.	0.0009919794
6810.	6820.	0.001413018
6820.	6830.	0.001493007
6830.	6840.	0.001615768
6840.	6850.	0.0007039406
6850.	6860.	0.000890925
6860.	6870.	0.001203601
6870.	6880.	0.000623365
6880.	6890.	0.0008047284
6890.	6900.	0.0009386116
6900.	6910.	0.0006687367
6910.	6920.	0.001253854
6920.	6930.	0.0008145259
6930.	6940.	0.0009649441
6940.	6950.	0.0010985
6950.	6960.	0.0009925413
6960.	6970.	0.0009603702
6970.	6980.	0.0007619487
6980.	6990.	0.001341738
6990.	7000.	0.0006822657
7000.	7010.	0.001253012
7010.	7020.	0.001025427
7020.	7030.	0.001163272
7030.	7040.	0.001280961
7040.	7050.	0.001139637
7050.	7060.	0.001033993
7060.	7070.	0.001210428
7070.	7080.	0.0009746965
7080.	7090.	0.001472948
7090.	7100.	0.001173506
7100.	7110.	0.0006662834
7110.	7120.	0.0009960268
7120.	7130.	0.001144231
7130.	7140.	0.001047211
7140.	7150.	0.0008334693
7150.	7160.	0.0006426442
7160.	7170.	0.0007753214
7170.	7180.	0.0007479288
7180.	7190.	0.000985798
7190.	7200.	0.001135986
7200.	7210.	0.0005716956
7210.	7220.	0.0006435268
7220.	7230.	0.001354388
7230.	7240.	0.0008380215
7240.	7250.	0.0005610034
7250.	7260.	0.001202982
7260.	7270.	0.001293143
7270.	7280.	0.001045472
7280.	7290.	0.001224503
7290.	7300.	0.0009636776
7300.	7310.	0.0004580456
7310.	7320.	0.0007452846
7320.	7330.	0.0007547921
7330.	7340.	0.001164007
7340.	7350.	0.0007927667
7350.	7360.	0.0007751962
7360.	7370.	0.0007331428
7370.	7380.	0.0009186661
7380.	7390.	0.0005834862
7390.	7400.	0.0004535342
7400.	7410.	0.001217333
7410.	7420.	0.0005163373
7420.	7430.	0.0004906808
7430.	7440.	0.0004791808
7440.	7450.	0.0004397405
7450.	7460.	0.0008701199
7460.	7470.	0.0006592934
7470.	7480.	0.0009478586
7480.	7490.	0.0007430861
7490.	7500.	0.0007787345
7500.	7510.	0.0007374176
7510.	7520.	0.000896028
7520.	7530.	0.0004216334
7530.	7540.	0.0006421549
7540.	7550.	0.0003587322
7550.	7560.	0.0004455276
7560.	7570.	0.0005680604
7570.	7580.	0.0009026647
7580.	7590.	0.0004601076
7590.	7600.	0.0009132655
7600.	7610.	0.0004121787
7610.	7620.	0.0003938789
7620.	7630.	0.00046045
7630.	7640.	0.0006622067
7640.	7650.	0.0004947189
7650.	7660.	0.0003795978
7660.	7670.	0.0002945074
7670.	7680.	0.0007654436
7680.	7690.	0.0003699259
7690.	7700.	0.0003808775
7700.	7710.	0.0003304776
7710.	7720.	0.0002963458
7720.	7730.	0.0006368049
7730.	7740.	0.0007529817
7740.	7750.	0.00117919
7750.	7760.	0.0007455582
7760.	7770.	0.0003101135
7770.	7780.	0.0006820455
7780.	7790.	0.0004893375
7790.	7800.	0.0006325154
7800.	7810.	0.0002717473
7810.	7820.	0.0003072036
7820.	7830.	0.0003507131
7830.	7840.	0.0002904167
7840.	7850.	0.0007082866
7850.	7860.	0.0004536536
7860.	7870.	0.0004851977
7870.	7880.	0.000554013
7880.	7890.	0.0004096697
7890.	7900.	0.0003847572
7900.	7910.	0.0006238545
7910.	7920.	0.0007625489
7920.	7930.	0.0002961479
7930.	7940.	0.0008376622
7940.	7950.	0.0002780487
7950.	7960.	0.0004158733
7960.	7970.	0.0003978703
7970.	7980.	0.00105032
7980.	7990.	0.0005737471
7990.	8000.	0.0004981008
8000.	8010.	0.0002187264
8010.	8020.	0.0002404237
8020.	8030.	0.0003147434
8030.	8040.	0.0002495777
8040.	8050.	0.0001969913
8050.	8060.	0.0006560336
8060.	8070.	0.0002952733
8070.	8080.	0.0008715304
8080.	8090.	0.0002605722
8090.	8100.	0.0003004981
8100.	8110.	0.0005211749
8110.	8120.	0.0005921234
8120.	8130.	0.0004432753
8130.	8140.	0.0002129447
8140.	8150.	0.0005578678
8150.	8160.	0.0005055882
8160.	8170.	0.0003276346
8170.	8180.	0.0002655216
8180.	8190.	0.0002607344
8190.	8200.	0.0004488769
8200.	8210.	0.0002057174
8210.	8220.	0.0005449921
8220.	8230.	0.0004199238
8230.	8240.	0.0002027301
8240.	8250.	0.000807437
8250.	8260.	0.0001543609
8260.	8270.	0.0005609331
8270.	8280.	0.0001664386
8280.	8290.	0.0001772665
8290.	8300.	0.0001678189
8300.	8310.	0.0001554143
8310.	8320.	0.0003473242
8320.	8330.	0.0001741571
8330.	8340.	0.0001741692
8340.	8350.	0.0001970548
8350.	8360.	0.0002054311
8360.	8370.	0.0001466746
8370.	8380.	0.0005152245
8380.	8390.	0.0002038828
8390.	8400.	0.0004633926
8400.	8410.	0.0001689377
8410.	8420.	0.0008394905
8420.	8430.	0.0001458886
8430.	8440.	0.0001193126
8440.	8450.	0.0003427229
8450.	8460.	0.0001450628
8460.	8470.	0.000221954
8470.	8480.	0.0001792525
8480.	8490.	0.0001805715
8490.	8500.	0.0001652032
8500.	8510.	0.0001804356
8510.	8520.	0.0002080414
8520.	8530.	0.0001518165
8530.	8540.	0.0008281878
8540.	8550.	0.0004216908
8550.	8560.	0.0004185279
8560.	8570.	0.0001644108
8570.	8580.	0.0001052366
8580.	8590.	0.0001294682
8590.	8600.	0.0001112799
8600.	8610.	0.0001455436
8610.	8620.	0.0001547201
8620.	8630.	0.0001718168
8630.	8640.	0.0001409996
8640.	8650.	0.000128543
8650.	8660.	0.000139271
8660.	8670.	0.0001992277
8670.	8680.	0.0001923198
8680.	8690.	0.000105964
8690.	8700.	0.00009405569
8700.	8710.	0.00009485253
8710.	8720.	0.00009557172
8720.	8730.	0.000131146
8730.	8740.	0.00009547983
8740.	8750.	0.0001128549
8750.	8760.	0.0001132005
8760.	8770.	0.0001098317
8770.	8780.	0.0001378604
8780.	8790.	0.00009707693
8790.	8800.	0.0001372907
8800.	8810.	0.0001766374
8810.	8820.	0.00009357881
8820.	8830.	0.0001030656
8830.	8840.	0.00007320469
8840.	8850.	0.00009804596
8850.	8860.	0.0001212822
8860.	8870.	0.0001120593
8870.	8880.	0.00008775944
8880.	8890.	0.0001801935
8890.	8900.	0.0001230036
8900.	8910.	0.00008518792
8910.	8920.	0.00009574996
8920.	8930.	0.0001648544
8930.	8940.	0.00006729934
8940.	8950.	0.0001260942
8950.	8960.	0.0001392877
8960.	8970.	0.0001106027
8970.	8980.	0.00008497059
8980.	8990.	0.00009743761
8990.	9000.	0.0001007547
9000.	9010.	0.0002994651
9010.	9020.	0.00005706063
9020.	9030.	0.00008845969
9030.	9040.	0.00006586967
9040.	9050.	0.00008885252
9050.	9060.	0.0001103823
9060.	9070.	0.0001361108
9070.	9080.	0.00005750467
9080.	9090.	0.0000570801
9090.	9100.	0.00005740854
9100.	9110.	0.00005312251
9110.	9120.	0.00005895638
9120.	9130.	0.00006086114
9130.	9140.	0.00009630809
9140.	9150.	0.0003884216
9150.	9160.	0.000065687
9160.	9170.	0.00004780257
9170.	9180.	0.0000417424
9180.	9190.	0.00005587148
9190.	9200.	0.00007532398
9200.	9210.	0.00005575208
9210.	9220.	0.0000503518
9220.	9230.	0.00006380251
9230.	9240.	0.00004299105
9240.	9250.	0.00006786411
9250.	9260.	0.00003396989
9260.	9270.	0.0000417683
9270.	9280.	0.00006475512
9280.	9290.	0.000112215
9290.	9300.	0.00003656557
9300.	9310.	0.00003847593
9310.	9320.	0.00004856503
9320.	9330.	0.00004622068
9330.	9340.	0.00004515987
9340.	9350.	0.00003809316
9350.	9360.	0.00006879819
9360.	9370.	0.00005019163
9370.	9380.	0.000033458
9380.	9390.	0.00005742987
9390.	9400.	0.00003230889
9400.	9410.	0.00006131001
9410.	9420.	0.00002880687
9420.	9430.	0.00006049146
9430.	9440.	0.00003201611
9440.	9450.	0.00004395362
9450.	9460.	0.0001644893
9460.	9470.	0.00002565874
9470.	9480.	0.00002024579
9480.	9490.	0.00002567332
9490.	9500.	0.0000394635
9500.	9510.	0.00003531354
9510.	9520.	0.00002896314
9520.	9530.	0.00003841691
9530.	9540.	0.00003151828
9540.	9550.	0.0000340905
9550.	9560.	0.00005733153
9560.	9570.	0.00002121647
9570.	9580.	0.00001967521
9580.	9590.	0.0003385428
9590.	9600.	0.00002661139
9600.	9610.	0.00001962193
9610.	9620.	0.00002023773
9620.	9630.	0.00001497716
9630.	9640.	0.00001624977
9640.	9650.	0.00002417964
9650.	9660.	0.00003645376
9660.	9670.	0.00002261923
9670.	9680.	0.00004593146
9680.	9690.	0.00004847666
9690.	9700.	0.00001246997
9700.	9710.	0.00001178513
9710.	9720.	0.00001206041
9720.	9730.	0.00001351797
9730.	9740.	0.00003444806
9740.	9750.	0.00001231765
9750.	9760.	0.00001162752
9760.	9770.	0.00001088801
9770.	9780.	8.656023e-6
9780.	9790.	0.0000223716
9790.	9800.	0.00001615814
9800.	9810.	7.527791e-6
9810.	9820.	8.528502e-6
9820.	9830.	0.00002588089
9830.	9840.	0.00001072433
9840.	9850.	6.585973e-6
9850.	9860.	7.320591e-6
9860.	9870.	7.390024e-6
9870.	9880.	8.158294e-6
9880.	9890.	5.64094e-6
9890.	9900.	0.00001167735
9900.	9910.	6.492521e-6
9910.	9920.	3.553678e-6
9920.	9930.	5.229038e-6
9930.	9940.	2.752779e-6
9940.	9950.	4.723769e-6
9950.	9960.	5.956841e-6
9960.	9970.	5.160085e-6
9970.	9980.	1.461906e-6
9980.	9990.	9.087633e-7
9990.	10000.	1.727577e-7
10000.	10010.	0.