-10.	0.	0.
0.	10.	0.
10.	20.	0.
20.	30.	0.
30.	40.	0.
40.	50.	0.
50.	60.	0.
60.	70.	0.
70.	80.	0.
80.	90.	0.
90.	100.	0.
100.	110.	0.
110.	120.	0.
120.	130.	0.
130.	140.	0.
140.	150.	0.
150.	160.	0.
160.	170.	0.
170.	180.	0.
180.	190.	0.
190.	200.	0.
200.	210.	0.
210.	220.	0.
220.	230.	0.
230.	240.	0.
240.	250.	0.
250.	260.	0.
260.	270.	0.
270.	280.	0.
280.	290.	0.
290.	300.	0.
300.	310.	0.
310.	320.	0.
320.	330.	0.
330.	340.	0.
340.	350.	0.
350.	360.	0.
360.	370.	0.
370.	380.	0.
380.	390.	0.
390.	400.	0.
400.	410.	0.
410.	420.	0.
420.	430.	0.
430.	440.	0.
440.	450.	0.
450.	460.	0.
460.	470.	0.
470.	480.	0.
480.	490.	0.
490.	500.	0.
500.	510.	0.7007091
510.	520.	0.8291845
520.	530.	0.9422332
530.	540.	1.056005
540.	550.	1.144226
550.	560.	1.235822
560.	570.	1.299698
570.	580.	1.346461
580.	590.	1.386474
590.	600.	1.439503
600.	610.	1.480721
610.	620.	1.534232
620.	630.	1.559301
630.	640.	1.564363
640.	650.	1.526037
650.	660.	1.579548
660.	670.	1.553998
670.	680.	1.536402
680.	690.	1.550141
690.	700.	1.565086
700.	710.	1.576415
710.	720.	1.549177
720.	730.	1.572317
730.	740.	1.502415
740.	750.	1.530858
750.	760.	1.480962
760.	770.	1.47132
770.	780.	1.473249
780.	790.	1.449868
790.	800.	1.428174
800.	810.	1.395633
810.	820.	1.363816
820.	830.	1.379483
830.	840.	1.368878
840.	850.	1.306689
850.	860.	1.294154
860.	870.	1.276799
870.	880.	1.260168
880.	890.	1.253177
890.	900.	1.241366
900.	910.	1.187614
910.	920.	1.192676
920.	930.	1.130005
930.	940.	1.119399
940.	950.	1.108552
950.	960.	1.090233
960.	970.	1.062272
970.	980.	1.083966
980.	990.	1.048774
990.	1000.	0.9993601
1000.	1010.	0.9926109
1010.	1020.	0.9711582
1020.	1030.	0.9776663
1030.	1040.	0.9523569
1040.	1050.	0.9202983
1050.	1060.	0.9407869
1060.	1070.	0.8848652
1070.	1080.	0.8908912
1080.	1090.	0.8701616
1090.	1100.	0.8460574
1100.	1110.	0.8373799
1110.	1120.	0.8241226
1120.	1130.	0.7850738
1130.	1140.	0.7857969
1140.	1150.	0.7939923
1150.	1160.	0.7773604
1160.	1170.	0.7426504
1170.	1180.	0.7207156
1180.	1190.	0.7170999
1190.	1200.	0.7163768
1200.	1210.	0.6790153
1210.	1220.	0.6705788
1220.	1230.	0.6751586
1230.	1240.	0.6688915
1240.	1250.	0.6332173
1250.	1260.	0.6298427
1260.	1270.	0.6136929
1270.	1280.	0.6218884
1280.	1290.	0.6011587
1290.	1300.	0.5813933
1300.	1310.	0.579465
1310.	1320.	0.5558428
1320.	1330.	0.5592174
1330.	1340.	0.5527093
1340.	1350.	0.5331849
1350.	1360.	0.5069113
1360.	1370.	0.5059472
1370.	1380.	0.5129374
1380.	1390.	0.5225791
1390.	1400.	0.481843
1400.	1410.	0.48811
1410.	1420.	0.4753348
1420.	1430.	0.4746117
1430.	1440.	0.4408658
1440.	1450.	0.4541231
1450.	1460.	0.4502665
1460.	1470.	0.4488202
1470.	1480.	0.4394196
1480.	1490.	0.4389375
1490.	1500.	0.4022991
1500.	1510.	0.4042274
1510.	1520.	0.3883187
1520.	1530.	0.3818105
1530.	1540.	0.3781949
1540.	1550.	0.384462
1550.	1560.	0.378677
1560.	1570.	0.3837389
1570.	1580.	0.3519213
1580.	1590.	0.3490288
1590.	1600.	0.3466184
1600.	1610.	0.3654197
1610.	1620.	0.3430028
1620.	1630.	0.3536086
1630.	1640.	0.3220321
1640.	1650.	0.3174523
1650.	1660.	0.3140777
1660.	1670.	0.3167292
1670.	1680.	0.3107031
1680.	1690.	0.3123904
1690.	1700.	0.29841
1700.	1710.	0.2933481
1710.	1720.	0.2759931
1720.	1730.	0.2704491
1730.	1740.	0.2839475
1740.	1750.	0.2670745
1750.	1760.	0.2740648
1760.	1770.	0.275511
1770.	1780.	0.2740648
1780.	1790.	0.2620127
1790.	1800.	0.2494785
1800.	1810.	0.2545404
1810.	1820.	0.2509247
1820.	1830.	0.2439345
1830.	1840.	0.241042
1840.	1850.	0.2338107
1850.	1860.	0.229472
1860.	1870.	0.229713
1870.	1880.	0.2323645
1880.	1890.	0.218143
1890.	1900.	0.2087424
1900.	1910.	0.2152505
1910.	1920.	0.2198303
1920.	1930.	0.1964492
1930.	1940.	0.2080192
1940.	1950.	0.1988596
1950.	1960.	0.2056088
1960.	1970.	0.1882538
1970.	1980.	0.189218
1980.	1990.	0.1841561
1990.	2000.	0.1822278
2000.	2010.	0.1856023
2010.	2020.	0.1807815
2020.	2030.	0.1807813
2030.	2040.	0.1768924
2040.	2050.	0.1544055
2050.	2060.	0.1740642
2060.	2070.	0.1718642
2070.	2080.	0.1678192
2080.	2090.	0.1507691
2090.	2100.	0.1590137
2100.	2110.	0.1587619
2110.	2120.	0.1527195
2120.	2130.	0.1616428
2130.	2140.	0.1392802
2140.	2150.	0.1455036
2150.	2160.	0.1412936
2160.	2170.	0.1417614
2170.	2180.	0.1403712
2180.	2190.	0.1497893
2190.	2200.	0.1345588
2200.	2210.	0.1353578
2210.	2220.	0.1324321
2220.	2230.	0.1348236
2230.	2240.	0.1248067
2240.	2250.	0.1365621
2250.	2260.	0.1267621
2260.	2270.	0.1170775
2270.	2280.	0.1305597
2280.	2290.	0.1146139
2290.	2300.	0.1133193
2300.	2310.	0.115315
2310.	2320.	0.1158883
2320.	2330.	0.1104409
2330.	2340.	0.1148595
2340.	2350.	0.1084731
2350.	2360.	0.1137603
2360.	2370.	0.1045175
2370.	2380.	0.1106943
2380.	2390.	0.107114
2390.	2400.	0.1085499
2400.	2410.	0.1029838
2410.	2420.	0.1072227
2420.	2430.	0.1016963
2430.	2440.	0.1009498
2440.	2450.	0.08763866
2450.	2460.	0.1000402
2460.	2470.	0.09135332
2470.	2480.	0.08977339
2480.	2490.	0.08779287
2490.	2500.	0.1027773
2500.	2510.	0.09338905
2510.	2520.	0.08658052
2520.	2530.	0.09763021
2530.	2540.	0.08273114
2540.	2550.	0.09127096
2550.	2560.	0.08356335
2560.	2570.	0.08028057
2570.	2580.	0.08391511
2580.	2590.	0.08609717
2590.	2600.	0.07492056
2600.	2610.	0.08215118
2610.	2620.	0.06886335
2620.	2630.	0.07733312
2630.	2640.	0.0687772
2640.	2650.	0.07962108
2650.	2660.	0.07203743
2660.	2670.	0.07048176
2670.	2680.	0.06950733
2680.	2690.	0.06326701
2690.	2700.	0.06625154
2700.	2710.	0.06745645
2710.	2720.	0.06619268
2720.	2730.	0.06796112
2730.	2740.	0.0649106
2740.	2750.	0.06393311
2750.	2760.	0.06151919
2760.	2770.	0.06693374
2770.	2780.	0.06109521
2780.	2790.	0.06271704
2790.	2800.	0.0650267
2800.	2810.	0.0612949
2810.	2820.	0.06413951
2820.	2830.	0.06307207
2830.	2840.	0.06476049
2840.	2850.	0.05345126
2850.	2860.	0.05899879
2860.	2870.	0.0622767
2870.	2880.	0.05605623
2880.	2890.	0.05388313
2890.	2900.	0.05335776
2900.	2910.	0.05328616
2910.	2920.	0.05543125
2920.	2930.	0.05576475
2930.	2940.	0.05213989
2940.	2950.	0.04921425
2950.	2960.	0.0526569
2960.	2970.	0.05311273
2970.	2980.	0.05316717
2980.	2990.	0.04991892
2990.	3000.	0.0503036
3000.	3010.	0.05079842
3010.	3020.	0.0481881
3020.	3030.	0.05025371
3030.	3040.	0.04529291
3040.	3050.	0.04399383
3050.	3060.	0.05077078
3060.	3070.	0.04740777
3070.	3080.	0.04475347
3080.	3090.	0.05002862
3090.	3100.	0.04219877
3100.	3110.	0.03818565
3110.	3120.	0.04310494
3120.	3130.	0.04058039
3130.	3140.	0.0434901
3140.	3150.	0.03793423
3150.	3160.	0.04004087
3160.	3170.	0.03464916
3170.	3180.	0.03964485
3180.	3190.	0.04363169
3190.	3200.	0.03972268
3200.	3210.	0.03604055
3210.	3220.	0.04043172
3220.	3230.	0.03939051
3230.	3240.	0.03819073
3240.	3250.	0.03316291
3250.	3260.	0.03433579
3260.	3270.	0.03423025
3270.	3280.	0.0384746
3280.	3290.	0.03708087
3290.	3300.	0.03855939
3300.	3310.	0.02980963
3310.	3320.	0.0308199
3320.	3330.	0.02713949
3330.	3340.	0.03563676
3340.	3350.	0.03300056
3350.	3360.	0.03301574
3360.	3370.	0.03314791
3370.	3380.	0.03053249
3380.	3390.	0.03138237
3390.	3400.	0.03038544
3400.	3410.	0.03224121
3410.	3420.	0.03162799
3420.	3430.	0.02683561
3430.	3440.	0.02279072
3440.	3450.	0.02952826
3450.	3460.	0.03004397
3460.	3470.	0.02669776
3470.	3480.	0.02842328
3480.	3490.	0.03063654
3490.	3500.	0.0314874
3500.	3510.	0.02400715
3510.	3520.	0.02471367
3520.	3530.	0.02311682
3530.	3540.	0.02447694
3540.	3550.	0.02550776
3550.	3560.	0.02846603
3560.	3570.	0.02782023
3570.	3580.	0.02570167
3580.	3590.	0.02854285
3590.	3600.	0.02179432
3600.	3610.	0.02365073
3610.	3620.	0.02214579
3620.	3630.	0.02008406
3630.	3640.	0.02080676
3640.	3650.	0.02559611
3650.	3660.	0.02395721
3660.	3670.	0.02060587
3670.	3680.	0.02215383
3680.	3690.	0.02061323
3690.	3700.	0.02574022
3700.	3710.	0.01984542
3710.	3720.	0.02278156
3720.	3730.	0.0184969
3730.	3740.	0.02016172
3740.	3750.	0.02104939
3750.	3760.	0.02126454
3760.	3770.	0.01836094
3770.	3780.	0.02315966
3780.	3790.	0.02289318
3790.	3800.	0.01962496
3800.	3810.	0.01744885
3810.	3820.	0.017476
3820.	3830.	0.02205552
3830.	3840.	0.01831723
3840.	3850.	0.01667825
3850.	3860.	0.01626154
3860.	3870.	0.01733346
3870.	3880.	0.02061803
3880.	3890.	0.01858994
3890.	3900.	0.01920729
3900.	3910.	0.01688605
3910.	3920.	0.02013622
3920.	3930.	0.01890977
3930.	3940.	0.01494248
3940.	3950.	0.01784987
3950.	3960.	0.01604497
3960.	3970.	0.01506755
3970.	3980.	0.01392017
3980.	3990.	0.01323163
3990.	4000.	0.01520993
4000.	4010.	0.01489256
4010.	4020.	0.01425928
4020.	4030.	0.01672426
4030.	4040.	0.01335575
4040.	4050.	0.01689272
4050.	4060.	0.01591211
4060.	4070.	0.01345315
4070.	4080.	0.01313792
4080.	4090.	0.01218041
4090.	4100.	0.01357578
4100.	4110.	0.01373709
4110.	4120.	0.01475422
4120.	4130.	0.01333192
4130.	4140.	0.01340454
4140.	4150.	0.01497608
4150.	4160.	0.01326752
4160.	4170.	0.01247671
4170.	4180.	0.0131114
4180.	4190.	0.01146787
4190.	4200.	0.01255314
4200.	4210.	0.01267811
4210.	4220.	0.01220124
4220.	4230.	0.0129209
4230.	4240.	0.0121368
4240.	4250.	0.01086109
4250.	4260.	0.01137409
4260.	4270.	0.012289
4270.	4280.	0.01129681
4280.	4290.	0.01296083
4290.	4300.	0.01028462
4300.	4310.	0.01026296
4310.	4320.	0.01257604
4320.	4330.	0.01288175
4330.	4340.	0.0110416
4340.	4350.	0.01211361
4350.	4360.	0.01272368
4360.	4370.	0.01200434
4370.	4380.	0.01034804
4380.	4390.	0.01042949
4390.	4400.	0.01126343
4400.	4410.	0.007796445
4410.	4420.	0.01226114
4420.	4430.	0.01040526
4430.	4440.	0.009012583
4440.	4450.	0.0103735
4450.	4460.	0.008396476
4460.	4470.	0.009378446
4470.	4480.	0.01013681
4480.	4490.	0.009099191
4490.	4500.	0.009143959
4500.	4510.	0.009444172
4510.	4520.	0.009283703
4520.	4530.	0.01004952
4530.	4540.	0.007888918
4540.	4550.	0.008482879
4550.	4560.	0.009311013
4560.	4570.	0.009899995
4570.	4580.	0.008360014
4580.	4590.	0.006458096
4590.	4600.	0.009287003
4600.	4610.	0.009431225
4610.	4620.	0.006628953
4620.	4630.	0.008712795
4630.	4640.	0.006972645
4640.	4650.	0.009825707
4650.	4660.	0.007529111
4660.	4670.	0.007997017
4670.	4680.	0.006062256
4680.	4690.	0.006779712
4690.	4700.	0.008671442
4700.	4710.	0.007888444
4710.	4720.	0.006413977
4720.	4730.	0.007562715
4730.	4740.	0.007696066
4740.	4750.	0.007687017
4750.	4760.	0.008586458
4760.	4770.	0.007935757
4770.	4780.	0.008130853
4780.	4790.	0.005491225
4790.	4800.	0.008075361
4800.	4810.	0.007816565
4810.	4820.	0.006208292
4820.	4830.	0.006845699
4830.	4840.	0.005415852
4840.	4850.	0.00538163
4850.	4860.	0.007140798
4860.	4870.	0.005492134
4870.	4880.	0.008492635
4880.	4890.	0.006636699
4890.	4900.	0.006120932
4900.	4910.	0.005820535
4910.	4920.	0.003762316
4920.	4930.	0.006094293
4930.	4940.	0.005185862
4940.	4950.	0.006654674
4950.	4960.	0.006604049
4960.	4970.	0.004944692
4970.	4980.	0.005767167
4980.	4990.	0.005528871
4990.	5000.	0.005848546
5000.	5010.	0.00549688
5010.	5020.	0.005687051
5020.	5030.	0.00725545
5030.	5040.	0.005023986
5040.	5050.	0.006810517
5050.	5060.	0.006770525
5060.	5070.	0.00525082
5070.	5080.	0.005834357
5080.	5090.	0.004737034
5090.	5100.	0.004357275
5100.	5110.	0.005689315
5110.	5120.	0.006505336
5120.	5130.	0.005662174
5130.	5140.	0.004845565
5140.	5150.	0.00530694
5150.	5160.	0.004353757
5160.	5170.	0.003890772
5170.	5180.	0.0049569
5180.	5190.	0.005867888
5190.	5200.	0.00438849
5200.	5210.	0.004312177
5210.	5220.	0.004885523
5220.	5230.	0.005042598
5230.	5240.	0.005206008
5240.	5250.	0.00590098
5250.	5260.	0.004987973
5260.	5270.	0.005121071
5270.	5280.	0.003859452
5280.	5290.	0.005053917
5290.	5300.	0.00493912
5300.	5310.	0.003849955
5310.	5320.	0.003464427
5320.	5330.	0.003854316
5330.	5340.	0.004766681
5340.	5350.	0.005790549
5350.	5360.	0.004582442
5360.	5370.	0.003322644
5370.	5380.	0.003503526
5380.	5390.	0.004115669
5390.	5400.	0.003137363
5400.	5410.	0.004268366
5410.	5420.	0.003809272
5420.	5430.	0.002684213
5430.	5440.	0.0042797
5440.	5450.	0.004213876
5450.	5460.	0.003370806
5460.	5470.	0.003544807
5470.	5480.	0.003763283
5480.	5490.	0.003753626
5490.	5500.	0.002682305
5500.	5510.	0.003180773
5510.	5520.	0.003627382
5520.	5530.	0.003006828
5530.	5540.	0.002434703
5540.	5550.	0.003793013
5550.	5560.	0.003683618
5560.	5570.	0.00340112
5570.	5580.	0.002698216
5580.	5590.	0.004249831
5590.	5600.	0.00413823
5600.	5610.	0.002980234
5610.	5620.	0.002340763
5620.	5630.	0.003205757
5630.	5640.	0.002726083
5640.	5650.	0.002878585
5650.	5660.	0.002720525
5660.	5670.	0.003063871
5670.	5680.	0.003445703
5680.	5690.	0.00292777
5690.	5700.	0.003186891
5700.	5710.	0.003383581
5710.	5720.	0.002526282
5720.	5730.	0.002627373
5730.	5740.	0.002517468
5740.	5750.	0.002240522
5750.	5760.	0.002393829
5760.	5770.	0.002063937
5770.	5780.	0.003280285
5780.	5790.	0.003301555
5790.	5800.	0.00335494
5800.	5810.	0.002596033
5810.	5820.	0.003153716
5820.	5830.	0.001977983
5830.	5840.	0.002186654
5840.	5850.	0.002595758
5850.	5860.	0.002952147
5860.	5870.	0.001716216
5870.	5880.	0.002360573
5880.	5890.	0.003073312
5890.	5900.	0.002608744
5900.	5910.	0.002545911
5910.	5920.	0.002127917
5920.	5930.	0.002151521
5930.	5940.	0.002993873
5940.	5950.	0.002660394
5950.	5960.	0.003275801
5960.	5970.	0.001716084
5970.	5980.	0.002895973
5980.	5990.	0.003378383
5990.	6000.	0.002800785
6000.	6010.	0.001756
6010.	6020.	0.00140568
6020.	6030.	0.002263248
6030.	6040.	0.002325877
6040.	6050.	0.001896408
6050.	6060.	0.001598146
6060.	6070.	0.001555746
6070.	6080.	0.001851888
6080.	6090.	0.00234949
6090.	6100.	0.002809884
6100.	6110.	0.002365497
6110.	6120.	0.00200007
6120.	6130.	0.002031137
6130.	6140.	0.002526575
6140.	6150.	0.001789747
6150.	6160.	0.002001724
6160.	6170.	0.001399722
6170.	6180.	0.001617646
6180.	6190.	0.001355331
6190.	6200.	0.00184884
6200.	6210.	0.00201875
6210.	6220.	0.001610747
6220.	6230.	0.002260019
6230.	6240.	0.001394967
6240.	6250.	0.001962327
6250.	6260.	0.002077953
6260.	6270.	0.001383176
6270.	6280.	0.001241119
6280.	6290.	0.001812645
6290.	6300.	0.002172813
6300.	6310.	0.001771642
6310.	6320.	0.002304066
6320.	6330.	0.001884484
6330.	6340.	0.001738909
6340.	6350.	0.001862988
6350.	6360.	0.001319639
6360.	6370.	0.001307719
6370.	6380.	0.001530038
6380.	6390.	0.001549339
6390.	6400.	0.001535461
6400.	6410.	0.001577402
6410.	6420.	0.002064343
6420.	6430.	0.00135335
6430.	6440.	0.001438267
6440.	6450.	0.0007438676
6450.	6460.	0.001238062
6460.	6470.	0.0008144522
6470.	6480.	0.001551103
6480.	6490.	0.001266892
6490.	6500.	0.0009973932
6500.	6510.	0.001887668
6510.	6520.	0.001377566
6520.	6530.	0.001192206
6530.	6540.	0.0008889102
6540.	6550.	0.001369494
6550.	6560.	0.001178261
6560.	6570.	0.001125559
6570.	6580.	0.001083464
6580.	6590.	0.001049669
6590.	6600.	0.001337295
6600.	6610.	0.001248245
6610.	6620.	0.001182566
6620.	6630.	0.001112855
6630.	6640.	0.0008534959
6640.	6650.	0.00142683
6650.	6660.	0.001371614
6660.	6670.	0.001109721
6670.	6680.	0.001586391
6680.	6690.	0.001214102
6690.	6700.	0.0008467949
6700.	6710.	0.0008936135
6710.	6720.	0.001722844
6720.	6730.	0.0009435188
6730.	6740.	0.001604762
6740.	6750.	0.0008068844
6750.	6760.	0.0006519634
6760.	6770.	0.001364606
6770.	6780.	0.001066761
6780.	6790.	0.001050899
6790.	6800.	0.0009217453
6800.	6810.	0.001339921
6810.	6820.	0.000982892
6820.	6830.	0.0008719847
6830.	6840.	0.001167298
6840.	6850.	0.001339932
6850.	6860.	0.001062273
6860.	6870.	0.000536007
6870.	6880.	0.0009321051
6880.	6890.	0.0009140842
6890.	6900.	0.001393392
6900.	6910.	0.0007366067
6910.	6920.	0.001390733
6920.	6930.	0.0009948582
6930.	6940.	0.0006673298
6940.	6950.	0.001334824
6950.	6960.	0.0008777996
6960.	6970.	0.0009739032
6970.	6980.	0.0007153027
6980.	6990.	0.0008044607
6990.	7000.	0.001053965
7000.	7010.	0.001079925
7010.	7020.	0.001026516
7020.	7030.	0.0006105267
7030.	7040.	0.0007814071
7040.	7050.	0.0009603231
7050.	7060.	0.0006106956
7060.	7070.	0.001061827
7070.	7080.	0.0007650252
7080.	7090.	0.0004353788
7090.	7100.	0.0004610118
7100.	7110.	0.001091385
7110.	7120.	0.000706522
7120.	7130.	0.001490634
7130.	7140.	0.0009730617
7140.	7150.	0.0005958656
7150.	7160.	0.0004899216
7160.	7170.	0.0005569779
7170.	7180.	0.001124981
7180.	7190.	0.000350505
7190.	7200.	0.0006243688
7200.	7210.	0.0009619903
7210.	7220.	0.001224614
7220.	7230.	0.0005245956
7230.	7240.	0.0007813986
7240.	7250.	0.0004414553
7250.	7260.	0.0007095129
7260.	7270.	0.0005392115
7270.	7280.	0.0006466408
7280.	7290.	0.0008067272
7290.	7300.	0.0005103259
7300.	7310.	0.000698561
7310.	7320.	0.0009033121
7320.	7330.	0.0007240785
7330.	7340.	0.0004743064
7340.	7350.	0.0003900176
7350.	7360.	0.0008057025
7360.	7370.	0.0005580331
7370.	7380.	0.0004546265
7380.	7390.	0.000413327
7390.	7400.	0.00053497
7400.	7410.	0.0004465027
7410.	7420.	0.0008701831
7420.	7430.	0.0006545026
7430.	7440.	0.0006013805
7440.	7450.	0.0005105977
7450.	7460.	0.0004420811
7460.	7470.	0.0003801477
7470.	7480.	0.001262094
7480.	7490.	0.0006003038
7490.	7500.	0.0004087631
7500.	7510.	0.0005969603
7510.	7520.	0.0004069028
7520.	7530.	0.0007876346
7530.	7540.	0.0002965669
7540.	7550.	0.0005149735
7550.	7560.	0.0003746833
7560.	7570.	0.0002475536
7570.	7580.	0.0003244278
7580.	7590.	0.0003393413
7590.	7600.	0.0003145471
7600.	7610.	0.0004135262
7610.	7620.	0.0003662305
7620.	7630.	0.0002666835
7630.	7640.	0.000284279
7640.	7650.	0.0005274634
7650.	7660.	0.0004523566
7660.	7670.	0.0002125417
7670.	7680.	0.0003401966
7680.	7690.	0.0005003505
7690.	7700.	0.0003325467
7700.	7710.	0.0003576562
7710.	7720.	0.0002771395
7720.	7730.	0.0002819461
7730.	7740.	0.0003046792
7740.	7750.	0.0003175261
7750.	7760.	0.0006301812
7760.	7770.	0.0002867538
7770.	7780.	0.0005214355
7780.	7790.	0.0002509474
7790.	7800.	0.0002462606
7800.	7810.	0.0008153702
7810.	7820.	0.0003545838
7820.	7830.	0.0004865208
7830.	7840.	0.0005130065
7840.	7850.	0.0004781308
7850.	7860.	0.0002988879
7860.	7870.	0.000418567
7870.	7880.	0.0002322002
7880.	7890.	0.0006029648
7890.	7900.	0.0005650569
7900.	7910.	0.0005651373
7910.	7920.	0.0002572627
7920.	7930.	0.0003079597
7930.	7940.	0.0002966483
7940.	7950.	0.0002331903
7950.	7960.	0.0003379452
7960.	7970.	0.0003457748
7970.	7980.	0.0002555958
7980.	7990.	0.0003040099
7990.	8000.	0.0001720685
8000.	8010.	0.0004752664
8010.	8020.	0.0002197168
8020.	8030.	0.0003857553
8030.	8040.	0.0004534063
8040.	8050.	0.0004979246
8050.	8060.	0.0001710534
8060.	8070.	0.0003289781
8070.	8080.	0.0002800025
8080.	8090.	0.0002007037
8090.	8100.	0.0005475652
8100.	8110.	0.0004094535
8110.	8120.	0.0001783126
8120.	8130.	0.0002272869
8130.	8140.	0.0006024203
8140.	8150.	0.0001530108
8150.	8160.	0.000118722
8160.	8170.	0.0001920888
8170.	8180.	0.0002941984
8180.	8190.	0.0001904529
8190.	8200.	0.0003869175
8200.	8210.	0.0002094639
8210.	8220.	0.0001747016
8220.	8230.	0.0001406411
8230.	8240.	0.0004578948
8240.	8250.	0.0001332101
8250.	8260.	0.0001883702
8260.	8270.	0.0001731776
8270.	8280.	0.0001647945
8280.	8290.	0.0001844933
8290.	8300.	0.0004814141
8300.	8310.	0.0004865658
8310.	8320.	0.0001732263
8320.	8330.	0.0001360373
8330.	8340.	0.0002230527
8340.	8350.	0.0001185664
8350.	8360.	0.0003495471
8360.	8370.	0.0001592166
8370.	8380.	0.0001649868
8380.	8390.	0.0001568044
8390.	8400.	0.000121335
8400.	8410.	0.0002322403
8410.	8420.	0.0001750885
8420.	8430.	0.0001452542
8430.	8440.	0.00009930398
8440.	8450.	0.00009987601
8450.	8460.	0.0003682283
8460.	8470.	0.0001547638
8470.	8480.	0.0001026911
8480.	8490.	0.00009176426
8490.	8500.	0.0001295766
8500.	8510.	0.0001308441
8510.	8520.	0.0001096948
8520.	8530.	0.0001063399
8530.	8540.	0.00009506961
8540.	8550.	0.0001116445
8550.	8560.	0.0001407175
8560.	8570.	0.0001000004
8570.	8580.	0.0001219637
8580.	8590.	0.0001222386
8590.	8600.	0.0001527704
8600.	8610.	0.00008285868
8610.	8620.	0.0001045184
8620.	8630.	0.0001267092
8630.	8640.	0.0001773674
8640.	8650.	0.000167866
8650.	8660.	0.0001582916
8660.	8670.	0.0001061211
8670.	8680.	0.00006457903
8680.	8690.	0.00009420381
8690.	8700.	0.0001295187
8700.	8710.	0.0001003185
8710.	8720.	0.00009244267
8720.	8730.	0.0001105151
8730.	8740.	0.00007277371
8740.	8750.	0.0001269624
8750.	8760.	0.00008030399
8760.	8770.	0.0003823126
8770.	8780.	0.00008311397
8780.	8790.	0.0002917714
8790.	8800.	0.0001193557
8800.	8810.	0.00006055665
8810.	8820.	0.00009401839
8820.	8830.	0.0001190965
8830.	8840.	0.0003783654
8840.	8850.	0.00006158815
8850.	8860.	0.00006713018
8860.	8870.	0.00006338586
8870.	8880.	0.0001127749
8880.	8890.	0.0001010061
8890.	8900.	0.00005764935
8900.	8910.	0.0002990316
8910.	8920.	0.0001408293
8920.	8930.	0.00007071112
8930.	8940.	0.00005509605
8940.	8950.	0.00006320789
8950.	8960.	0.00006556168
8960.	8970.	0.00006248917
8970.	8980.	0.0003231306
8980.	8990.	0.00005452716
8990.	9000.	0.00003921652
9000.	9010.	0.0001387798
9010.	9020.	0.00006727041
9020.	9030.	0.00004909844
9030.	9040.	0.00008147039
9040.	9050.	0.00006280532
9050.	9060.	0.00005361152
9060.	9070.	0.00004160146
9070.	9080.	0.00004775144
9080.	9090.	0.00005451165
9090.	9100.	0.00005640712
9100.	9110.	0.00005064627
9110.	9120.	0.0000548447
9120.	9130.	0.00007958073
9130.	9140.	0.00005275151
9140.	9150.	0.00003775438
9150.	9160.	0.00007175786
9160.	9170.	0.00008745107
9170.	9180.	0.00003646146
9180.	9190.	0.00009583398
9190.	9200.	0.00007953217
9200.	9210.	0.00006487
9210.	9220.	0.00003585581
9220.	9230.	0.00008579474
9230.	9240.	0.0000393384
9240.	9250.	0.0002794627
9250.	9260.	0.00003975626
9260.	9270.	0.00003499671
9270.	9280.	0.00005626923
9280.	9290.	0.00002681214
9290.	9300.	0.00003941545
9300.	9310.	0.00004010082
9310.	9320.	0.00006471513
9320.	9330.	0.00003977919
9330.	9340.	0.00003124796
9340.	9350.	0.00002313862
9350.	9360.	0.00003165221
9360.	9370.	0.00004114556
9370.	9380.	0.0000296259
9380.	9390.	0.0001081617
9390.	9400.	0.00003044681
9400.	9410.	0.00002311037
9410.	9420.	0.00003961425
9420.	9430.	0.00003921264
9430.	9440.	0.00002183067
9440.	9450.	0.0000680737
9450.	9460.	0.00002113697
9460.	9470.	0.000053494
9470.	9480.	0.0001214544
9480.	9490.	0.00003666075
9490.	9500.	0.00004996896
9500.	9510.	0.00005487158
9510.	9520.	0.00004177051
9520.	9530.	0.0000366645
9530.	9540.	0.00002139913
9540.	9550.	0.00001539897
9550.	9560.	0.0003555699
9560.	9570.	0.00003298219
9570.	9580.	0.0001098954
9580.	9590.	0.00002169976
9590.	9600.	0.0000150576
9600.	9610.	0.00001351742
9610.	9620.	0.00002982393
9620.	9630.	0.00001529614
9630.	9640.	0.0001185083
9640.	9650.	0.00002744299
9650.	9660.	0.00002057446
9660.	9670.	0.00002438611
9670.	9680.	0.000013176
9680.	9690.	0.00001688656
9690.	9700.	0.00002115169
9700.	9710.	0.00001412209
9710.	9720.	0.00002274349
9720.	9730.	0.00001195251
9730.	9740.	0.00001172922
9740.	9750.	0.000016786
9750.	9760.	7.089452e-6
9760.	9770.	8.883727e-6
9770.	9780.	0.00001037944
9780.	9790.	8.088962e-6
9790.	9800.	7.696278e-6
9800.	9810.	6.816029e-6
9810.	9820.	9.706299e-6
9820.	9830.	4.633213e-6
9830.	9840.	7.973131e-6
9840.	9850.	8.346897e-6
9850.	9860.	8.549275e-6
9860.	9870.	4.944326e-6
9870.	9880.	3.401676e-6
9880.	9890.	0.00001027897
9890.	9900.	3.0545e-6
9900.	9910.	4.874717e-6
9910.	9920.	2.32934e-6
9920.	9930.	0.00001190398
9930.	9940.	5.234316e-6
9940.	9950.	8.252592e-6
9950.	9960.	4.235556e-6
9960.	9970.	7.675579e-7
9970.	9980.	0.00001036229
9980.	9990.	5.35728e-7
9990.	10000.	2.027202e-7
10000.	10010.	0.