-10.	0.	0.
0.	10.	0.
10.	20.	0.
20.	30.	0.
30.	40.	0.
40.	50.	0.
50.	60.	0.
60.	70.	0.
70.	80.	0.
80.	90.	0.
90.	100.	0.
100.	110.	0.
110.	120.	0.
120.	130.	0.
130.	140.	0.
140.	150.	0.
150.	160.	0.
160.	170.	0.
170.	180.	0.
180.	190.	0.
190.	200.	0.
200.	210.	0.
210.	220.	0.
220.	230.	0.
230.	240.	0.
240.	250.	0.
250.	260.	0.
260.	270.	0.
270.	280.	0.
280.	290.	0.
290.	300.	0.
300.	310.	0.
310.	320.	0.
320.	330.	0.
330.	340.	0.
340.	350.	0.
350.	360.	0.
360.	370.	0.
370.	380.	0.
380.	390.	0.
390.	400.	0.
400.	410.	0.
410.	420.	0.
420.	430.	0.
430.	440.	0.
440.	450.	0.
450.	460.	0.
460.	470.	0.
470.	480.	0.
480.	490.	0.
490.	500.	0.
500.	510.	1.630812
510.	520.	1.838213
520.	530.	2.044824
530.	540.	2.146159
540.	550.	2.317284
550.	560.	2.376034
560.	570.	2.460413
570.	580.	2.522712
580.	590.	2.550313
590.	600.	2.69502
600.	610.	2.69502
610.	620.	2.721438
620.	630.	2.710003
630.	640.	2.774274
640.	650.	2.774668
650.	660.	2.852345
660.	670.	2.700934
670.	680.	2.760868
680.	690.	2.710398
690.	700.	2.633904
700.	710.	2.685163
710.	720.	2.664659
720.	730.	2.592503
730.	740.	2.624835
740.	750.	2.515615
750.	760.	2.499054
760.	770.	2.406
770.	780.	2.536513
780.	790.	2.417435
790.	800.	2.342913
800.	810.	2.345673
810.	820.	2.310186
820.	830.	2.232904
830.	840.	2.284163
840.	850.	2.245916
850.	860.	2.143004
860.	870.	2.167056
870.	880.	2.084254
880.	890.	1.993171
890.	900.	1.997509
900.	910.	1.977399
910.	920.	1.880008
920.	930.	1.877642
930.	940.	1.866996
940.	950.	1.825201
950.	960.	1.794051
960.	970.	1.73333
970.	980.	1.710855
980.	990.	1.646979
990.	1000.	1.678522
1000.	1010.	1.61228
1010.	1020.	1.574428
1020.	1030.	1.551953
1030.	1040.	1.529872
1040.	1050.	1.525535
1050.	1060.	1.480585
1060.	1070.	1.444704
1070.	1080.	1.426172
1080.	1090.	1.383194
1090.	1100.	1.374519
1100.	1110.	1.312615
1110.	1120.	1.302757
1120.	1130.	1.305912
1130.	1140.	1.227447
1140.	1150.	1.242036
1150.	1160.	1.219166
1160.	1170.	1.164753
1170.	1180.	1.199846
1180.	1190.	1.153713
1190.	1200.	1.102849
1200.	1210.	1.129267
1210.	1220.	1.068545
1220.	1230.	1.076825
1230.	1240.	1.05987
1240.	1250.	1.007035
1250.	1260.	0.99836
1260.	1270.	0.9747022
1270.	1280.	0.9384269
1280.	1290.	0.9498615
1290.	1300.	0.9549874
1300.	1310.	0.9329067
1310.	1320.	0.8942656
1320.	1330.	0.9060945
1330.	1340.	0.8552302
1340.	1350.	0.8296009
1350.	1360.	0.8213207
1360.	1370.	0.8055488
1370.	1380.	0.8276294
1380.	1390.	0.7905655
1390.	1400.	0.7657248
1400.	1410.	0.7408841
1410.	1420.	0.694357
1420.	1430.	0.7152548
1430.	1440.	0.7298438
1440.	1450.	0.7286609
1450.	1460.	0.6860768
1460.	1470.	0.6821338
1470.	1480.	0.6706992
1480.	1490.	0.6494072
1490.	1500.	0.6529558
1500.	1510.	0.6498015
1510.	1520.	0.6596589
1520.	1530.	0.6395497
1530.	1540.	0.5926284
1540.	1550.	0.5701535
1550.	1560.	0.5957828
1560.	1570.	0.5599017
1570.	1580.	0.5634504
1580.	1590.	0.5599017
1590.	1600.	0.5677877
1600.	1610.	0.5346667
1610.	1620.	0.532301
1620.	1630.	0.5153462
1630.	1640.	0.5200778
1640.	1650.	0.5082488
1650.	1660.	0.5090374
1660.	1670.	0.4841967
1670.	1680.	0.4944484
1680.	1690.	0.4538359
1690.	1700.	0.463299
1700.	1710.	0.4696077
1710.	1720.	0.4680305
1720.	1730.	0.4431898
1730.	1740.	0.4246579
1740.	1750.	0.4424012
1750.	1760.	0.4045487
1760.	1770.	0.4183491
1770.	1780.	0.4238693
1780.	1790.	0.3958742
1790.	1800.	0.375765
1800.	1810.	0.3919312
1810.	1820.	0.3935084
1820.	1830.	0.3864111
1830.	1840.	0.3773422
1840.	1850.	0.3702449
1850.	1860.	0.3564445
1860.	1870.	0.3454042
1870.	1880.	0.3351525
1880.	1890.	0.3461928
1890.	1900.	0.3525015
1900.	1910.	0.3343639
1910.	1920.	0.3304209
1920.	1930.	0.3193806
1930.	1940.	0.3020315
1940.	1950.	0.2969056
1950.	1960.	0.318592
1960.	1970.	0.2913855
1970.	1980.	0.3095232
1980.	1990.	0.2807395
1990.	2000.	0.2898083
2000.	2010.	0.2799509
2010.	2020.	0.3004543
2020.	2030.	0.2815281
2030.	2040.	0.2716425
2040.	2050.	0.2639701
2050.	2060.	0.2696432
2060.	2070.	0.2650653
2070.	2080.	0.2759522
2080.	2090.	0.2553644
2090.	2100.	0.2418446
2100.	2110.	0.2505175
2110.	2120.	0.2453217
2120.	2130.	0.2363682
2130.	2140.	0.2375635
2140.	2150.	0.2428158
2150.	2160.	0.2328173
2160.	2170.	0.2258256
2170.	2180.	0.213345
2180.	2190.	0.2318899
2190.	2200.	0.2074988
2200.	2210.	0.2234684
2210.	2220.	0.1939547
2220.	2230.	0.1911929
2230.	2240.	0.2060529
2240.	2250.	0.1943979
2250.	2260.	0.1944499
2260.	2270.	0.1960034
2270.	2280.	0.1869009
2280.	2290.	0.1848702
2290.	2300.	0.1900971
2300.	2310.	0.1929825
2310.	2320.	0.1760436
2320.	2330.	0.1794246
2330.	2340.	0.1814228
2340.	2350.	0.1869174
2350.	2360.	0.1799846
2360.	2370.	0.1687938
2370.	2380.	0.1666399
2380.	2390.	0.1502801
2390.	2400.	0.1526997
2400.	2410.	0.1509104
2410.	2420.	0.1551104
2420.	2430.	0.1532759
2430.	2440.	0.149912
2440.	2450.	0.1525071
2450.	2460.	0.162
2460.	2470.	0.1550416
2470.	2480.	0.1273983
2480.	2490.	0.139861
2490.	2500.	0.1357564
2500.	2510.	0.1370589
2510.	2520.	0.1271397
2520.	2530.	0.1439367
2530.	2540.	0.1273116
2540.	2550.	0.1467139
2550.	2560.	0.1256551
2560.	2570.	0.1333848
2570.	2580.	0.1277028
2580.	2590.	0.1334022
2590.	2600.	0.1277258
2600.	2610.	0.1174199
2610.	2620.	0.1288748
2620.	2630.	0.1175611
2630.	2640.	0.1003302
2640.	2650.	0.1211922
2650.	2660.	0.1142406
2660.	2670.	0.116396
2670.	2680.	0.1060131
2680.	2690.	0.114165
2690.	2700.	0.1085656
2700.	2710.	0.1055545
2710.	2720.	0.1162168
2720.	2730.	0.1001639
2730.	2740.	0.1046749
2740.	2750.	0.1077884
2750.	2760.	0.09893391
2760.	2770.	0.1068009
2770.	2780.	0.0994634
2780.	2790.	0.09829338
2790.	2800.	0.08956676
2800.	2810.	0.08971806
2810.	2820.	0.09719481
2820.	2830.	0.09079295
2830.	2840.	0.09276082
2840.	2850.	0.09196344
2850.	2860.	0.07989388
2860.	2870.	0.08474239
2870.	2880.	0.08973733
2880.	2890.	0.08426138
2890.	2900.	0.08596398
2900.	2910.	0.08586844
2910.	2920.	0.08375719
2920.	2930.	0.08330446
2930.	2940.	0.073159
2940.	2950.	0.09384856
2950.	2960.	0.06432369
2960.	2970.	0.07615792
2970.	2980.	0.08287503
2980.	2990.	0.0700151
2990.	3000.	0.06589079
3000.	3010.	0.07101825
3010.	3020.	0.07191497
3020.	3030.	0.07679889
3030.	3040.	0.06794663
3040.	3050.	0.07208541
3050.	3060.	0.07098248
3060.	3070.	0.07027477
3070.	3080.	0.06333348
3080.	3090.	0.06588782
3090.	3100.	0.07002093
3100.	3110.	0.0728065
3110.	3120.	0.06000659
3120.	3130.	0.06466499
3130.	3140.	0.06759781
3140.	3150.	0.0658427
3150.	3160.	0.05640264
3160.	3170.	0.04831295
3170.	3180.	0.05459357
3180.	3190.	0.05414877
3190.	3200.	0.0560108
3200.	3210.	0.0594222
3210.	3220.	0.0510276
3220.	3230.	0.05623805
3230.	3240.	0.05566782
3240.	3250.	0.05947191
3250.	3260.	0.05336315
3260.	3270.	0.05483308
3270.	3280.	0.05028654
3280.	3290.	0.05156965
3290.	3300.	0.0485775
3300.	3310.	0.05147856
3310.	3320.	0.04480886
3320.	3330.	0.04771283
3330.	3340.	0.05333421
3340.	3350.	0.04700287
3350.	3360.	0.05959474
3360.	3370.	0.04755206
3370.	3380.	0.05022916
3380.	3390.	0.05013501
3390.	3400.	0.04222067
3400.	3410.	0.04171671
3410.	3420.	0.04550459
3420.	3430.	0.04215598
3430.	3440.	0.04807511
3440.	3450.	0.04099029
3450.	3460.	0.04549876
3460.	3470.	0.04205058
3470.	3480.	0.03784815
3480.	3490.	0.03782161
3490.	3500.	0.04310241
3500.	3510.	0.03944959
3510.	3520.	0.04494452
3520.	3530.	0.03665317
3530.	3540.	0.03556618
3540.	3550.	0.03592279
3550.	3560.	0.04100722
3560.	3570.	0.04686543
3570.	3580.	0.0372247
3580.	3590.	0.0367292
3590.	3600.	0.0338943
3600.	3610.	0.03356161
3610.	3620.	0.03477342
3620.	3630.	0.0316392
3630.	3640.	0.03470207
3640.	3650.	0.0292297
3650.	3660.	0.03928127
3660.	3670.	0.04098455
3670.	3680.	0.03227921
3680.	3690.	0.03164338
3690.	3700.	0.03317254
3700.	3710.	0.03352176
3710.	3720.	0.03358873
3720.	3730.	0.03170985
3730.	3740.	0.02787213
3740.	3750.	0.03413798
3750.	3760.	0.03141542
3760.	3770.	0.028907
3770.	3780.	0.02966518
3780.	3790.	0.03172603
3790.	3800.	0.03187167
3800.	3810.	0.0275072
3810.	3820.	0.03094848
3820.	3830.	0.0258292
3830.	3840.	0.03061252
3840.	3850.	0.02900173
3850.	3860.	0.02752318
3860.	3870.	0.02258111
3870.	3880.	0.02274445
3880.	3890.	0.02694738
3890.	3900.	0.02958293
3900.	3910.	0.02220173
3910.	3920.	0.03209674
3920.	3930.	0.02300599
3930.	3940.	0.02426483
3940.	3950.	0.02213486
3950.	3960.	0.0281859
3960.	3970.	0.02280637
3970.	3980.	0.02804429
3980.	3990.	0.0262057
3990.	4000.	0.02309282
4000.	4010.	0.02578946
4010.	4020.	0.02153944
4020.	4030.	0.02078761
4030.	4040.	0.02026645
4040.	4050.	0.02651072
4050.	4060.	0.0191622
4060.	4070.	0.02172867
4070.	4080.	0.02448519
4080.	4090.	0.02308796
4090.	4100.	0.0193515
4100.	4110.	0.0217041
4110.	4120.	0.02102951
4120.	4130.	0.02068051
4130.	4140.	0.01842577
4140.	4150.	0.02445949
4150.	4160.	0.01979757
4160.	4170.	0.01987247
4170.	4180.	0.02246065
4180.	4190.	0.01856777
4190.	4200.	0.02118882
4200.	4210.	0.02449582
4210.	4220.	0.0188002
4220.	4230.	0.01999669
4230.	4240.	0.01717187
4240.	4250.	0.01889421
4250.	4260.	0.02009474
4260.	4270.	0.01805115
4270.	4280.	0.01327548
4280.	4290.	0.0167378
4290.	4300.	0.01750807
4300.	4310.	0.01667292
4310.	4320.	0.01811709
4320.	4330.	0.01502773
4330.	4340.	0.01801324
4340.	4350.	0.01538771
4350.	4360.	0.01341751
4360.	4370.	0.01933341
4370.	4380.	0.01729019
4380.	4390.	0.01941059
4390.	4400.	0.01687908
4400.	4410.	0.0129391
4410.	4420.	0.0134073
4420.	4430.	0.01335264
4430.	4440.	0.01535649
4440.	4450.	0.01366363
4450.	4460.	0.01466899
4460.	4470.	0.01917248
4470.	4480.	0.0174999
4480.	4490.	0.0158986
4490.	4500.	0.01233277
4500.	4510.	0.01623726
4510.	4520.	0.01321336
4520.	4530.	0.01519372
4530.	4540.	0.01224584
4540.	4550.	0.01183454
4550.	4560.	0.01542374
4560.	4570.	0.01616914
4570.	4580.	0.01478729
4580.	4590.	0.01289362
4590.	4600.	0.01201072
4600.	4610.	0.01369557
4610.	4620.	0.01277348
4620.	4630.	0.01606869
4630.	4640.	0.01483894
4640.	4650.	0.01120835
4650.	4660.	0.01296354
4660.	4670.	0.01138204
4670.	4680.	0.01185555
4680.	4690.	0.01059584
4690.	4700.	0.01205403
4700.	4710.	0.01291722
4710.	4720.	0.01152888
4720.	4730.	0.0137278
4730.	4740.	0.01368
4740.	4750.	0.01008439
4750.	4760.	0.01495076
4760.	4770.	0.009631398
4770.	4780.	0.01313519
4780.	4790.	0.01038393
4790.	4800.	0.0116574
4800.	4810.	0.008396748
4810.	4820.	0.01166154
4820.	4830.	0.009378271
4830.	4840.	0.01125376
4840.	4850.	0.009064252
4850.	4860.	0.01066162
4860.	4870.	0.008223608
4870.	4880.	0.01195622
4880.	4890.	0.009482084
4890.	4900.	0.009927874
4900.	4910.	0.009749844
4910.	4920.	0.008211804
4920.	4930.	0.01041915
4930.	4940.	0.008832114
4940.	4950.	0.008444239
4950.	4960.	0.008635074
4960.	4970.	0.009539906
4970.	4980.	0.01010643
4980.	4990.	0.007532532
4990.	5000.	0.008606639
5000.	5010.	0.009867777
5010.	5020.	0.01014598
5020.	5030.	0.00869423
5030.	5040.	0.007202302
5040.	5050.	0.007580142
5050.	5060.	0.009987411
5060.	5070.	0.008356113
5070.	5080.	0.006288925
5080.	5090.	0.008012612
5090.	5100.	0.007327837
5100.	5110.	0.008977536
5110.	5120.	0.008458206
5120.	5130.	0.007478308
5130.	5140.	0.007742199
5140.	5150.	0.008266954
5150.	5160.	0.007227638
5160.	5170.	0.007071169
5170.	5180.	0.006664193
5180.	5190.	0.005911169
5190.	5200.	0.007639243
5200.	5210.	0.006780568
5210.	5220.	0.00546321
5220.	5230.	0.007146869
5230.	5240.	0.008004712
5240.	5250.	0.007309427
5250.	5260.	0.005380503
5260.	5270.	0.007181631
5270.	5280.	0.007261321
5280.	5290.	0.006131927
5290.	5300.	0.005490652
5300.	5310.	0.008401185
5310.	5320.	0.005745285
5320.	5330.	0.006967047
5330.	5340.	0.008391267
5340.	5350.	0.005894011
5350.	5360.	0.006991959
5360.	5370.	0.00757927
5370.	5380.	0.004371372
5380.	5390.	0.00751661
5390.	5400.	0.007548388
5400.	5410.	0.005536508
5410.	5420.	0.007031691
5420.	5430.	0.006108152
5430.	5440.	0.006431861
5440.	5450.	0.005093035
5450.	5460.	0.004440001
5460.	5470.	0.00547187
5470.	5480.	0.00559831
5480.	5490.	0.005002225
5490.	5500.	0.005766473
5500.	5510.	0.005756569
5510.	5520.	0.004762476
5520.	5530.	0.005707693
5530.	5540.	0.006137702
5540.	5550.	0.003654717
5550.	5560.	0.00467506
5560.	5570.	0.004420688
5570.	5580.	0.004341983
5580.	5590.	0.004961737
5590.	5600.	0.00420545
5600.	5610.	0.003460898
5610.	5620.	0.004988561
5620.	5630.	0.006525172
5630.	5640.	0.003448615
5640.	5650.	0.005722464
5650.	5660.	0.006055918
5660.	5670.	0.003529075
5670.	5680.	0.004298156
5680.	5690.	0.004326685
5690.	5700.	0.004825461
5700.	5710.	0.004547634
5710.	5720.	0.005249728
5720.	5730.	0.004418081
5730.	5740.	0.004702921
5740.	5750.	0.002797646
5750.	5760.	0.005168506
5760.	5770.	0.004205508
5770.	5780.	0.004488486
5780.	5790.	0.005297423
5790.	5800.	0.005536889
5800.	5810.	0.00339263
5810.	5820.	0.004744825
5820.	5830.	0.004498921
5830.	5840.	0.004114804
5840.	5850.	0.003671705
5850.	5860.	0.004503135
5860.	5870.	0.004151104
5870.	5880.	0.003635017
5880.	5890.	0.003532664
5890.	5900.	0.004192075
5900.	5910.	0.002860539
5910.	5920.	0.003104675
5920.	5930.	0.003641531
5930.	5940.	0.003412731
5940.	5950.	0.003400067
5950.	5960.	0.003372288
5960.	5970.	0.004233857
5970.	5980.	0.002832147
5980.	5990.	0.003012185
5990.	6000.	0.004737921
6000.	6010.	0.003588947
6010.	6020.	0.002566315
6020.	6030.	0.003957857
6030.	6040.	0.003347574
6040.	6050.	0.003084641
6050.	6060.	0.002852921
6060.	6070.	0.003268369
6070.	6080.	0.002874167
6080.	6090.	0.003641451
6090.	6100.	0.002649703
6100.	6110.	0.002509746
6110.	6120.	0.002851874
6120.	6130.	0.002216947
6130.	6140.	0.003533441
6140.	6150.	0.003069683
6150.	6160.	0.003319097
6160.	6170.	0.002815152
6170.	6180.	0.002361187
6180.	6190.	0.002792969
6190.	6200.	0.001587485
6200.	6210.	0.002737159
6210.	6220.	0.002810896
6220.	6230.	0.001944443
6230.	6240.	0.003150396
6240.	6250.	0.003361847
6250.	6260.	0.002511898
6260.	6270.	0.001922428
6270.	6280.	0.002570582
6280.	6290.	0.003713835
6290.	6300.	0.002386349
6300.	6310.	0.003038199
6310.	6320.	0.003235623
6320.	6330.	0.001579993
6330.	6340.	0.003745349
6340.	6350.	0.002602171
6350.	6360.	0.002655109
6360.	6370.	0.002882056
6370.	6380.	0.002237903
6380.	6390.	0.002775235
6390.	6400.	0.002919906
6400.	6410.	0.002545575
6410.	6420.	0.002055076
6420.	6430.	0.002472413
6430.	6440.	0.001697131
6440.	6450.	0.001982648
6450.	6460.	0.002088855
6460.	6470.	0.002681138
6470.	6480.	0.001820464
6480.	6490.	0.003092756
6490.	6500.	0.00213586
6500.	6510.	0.001535602
6510.	6520.	0.002539313
6520.	6530.	0.002082675
6530.	6540.	0.001301777
6540.	6550.	0.00210894
6550.	6560.	0.002088288
6560.	6570.	0.001954084
6570.	6580.	0.001285464
6580.	6590.	0.001810628
6590.	6600.	0.001176579
6600.	6610.	0.001869252
6610.	6620.	0.001806985
6620.	6630.	0.001710743
6630.	6640.	0.002360978
6640.	6650.	0.002455226
6650.	6660.	0.002885128
6660.	6670.	0.001884518
6670.	6680.	0.002158668
6680.	6690.	0.001756803
6690.	6700.	0.001134996
6700.	6710.	0.002742459
6710.	6720.	0.001623268
6720.	6730.	0.001505196
6730.	6740.	0.002299267
6740.	6750.	0.001808133
6750.	6760.	0.001951301
6760.	6770.	0.001312439
6770.	6780.	0.001655947
6780.	6790.	0.001544289
6790.	6800.	0.001855567
6800.	6810.	0.001078627
6810.	6820.	0.001566285
6820.	6830.	0.001835142
6830.	6840.	0.001576627
6840.	6850.	0.001985825
6850.	6860.	0.0009896955
6860.	6870.	0.001864331
6870.	6880.	0.002124493
6880.	6890.	0.001927953
6890.	6900.	0.0008409488
6900.	6910.	0.0009606922
6910.	6920.	0.0007440408
6920.	6930.	0.000780151
6930.	6940.	0.0009239895
6940.	6950.	0.00118536
6950.	6960.	0.001028338
6960.	6970.	0.001739744
6970.	6980.	0.00131525
6980.	6990.	0.001991799
6990.	7000.	0.001254973
7000.	7010.	0.001150376
7010.	7020.	0.00120412
7020.	7030.	0.001773151
7030.	7040.	0.002585873
7040.	7050.	0.0008168209
7050.	7060.	0.001320288
7060.	7070.	0.001698648
7070.	7080.	0.0009838664
7080.	7090.	0.001315143
7090.	7100.	0.001566079
7100.	7110.	0.0008262739
7110.	7120.	0.0009456987
7120.	7130.	0.001219736
7130.	7140.	0.001382277
7140.	7150.	0.0007838962
7150.	7160.	0.001072104
7160.	7170.	0.00117601
7170.	7180.	0.001795095
7180.	7190.	0.000916383
7190.	7200.	0.0008177487
7200.	7210.	0.0007395811
7210.	7220.	0.001004474
7220.	7230.	0.001070329
7230.	7240.	0.0007506203
7240.	7250.	0.001164502
7250.	7260.	0.001102082
7260.	7270.	0.0005815494
7270.	7280.	0.0009728195
7280.	7290.	0.001491642
7290.	7300.	0.001756849
7300.	7310.	0.001613599
7310.	7320.	0.0007358
7320.	7330.	0.0009984162
7330.	7340.	0.0009620627
7340.	7350.	0.0009907648
7350.	7360.	0.0007277316
7360.	7370.	0.0006236094
7370.	7380.	0.0006179462
7380.	7390.	0.000787317
7390.	7400.	0.0006080032
7400.	7410.	0.001418909
7410.	7420.	0.0008109276
7420.	7430.	0.0009138361
7430.	7440.	0.000666457
7440.	7450.	0.0007069697
7450.	7460.	0.0006541098
7460.	7470.	0.0009193734
7470.	7480.	0.00107875
7480.	7490.	0.0008006843
7490.	7500.	0.0008299132
7500.	7510.	0.0004801546
7510.	7520.	0.0009949827
7520.	7530.	0.001109452
7530.	7540.	0.0005426417
7540.	7550.	0.0004830945
7550.	7560.	0.0006755956
7560.	7570.	0.0006108255
7570.	7580.	0.0006874362
7580.	7590.	0.0004938402
7590.	7600.	0.001578298
7600.	7610.	0.0006165988
7610.	7620.	0.00100717
7620.	7630.	0.001131492
7630.	7640.	0.0007500018
7640.	7650.	0.0006890673
7650.	7660.	0.0007659854
7660.	7670.	0.0004039966
7670.	7680.	0.001244041
7680.	7690.	0.0005234021
7690.	7700.	0.0005009644
7700.	7710.	0.0004221328
7710.	7720.	0.0008005875
7720.	7730.	0.0004869014
7730.	7740.	0.0007976014
7740.	7750.	0.0009093296
7750.	7760.	0.0003624804
7760.	7770.	0.0008882533
7770.	7780.	0.0003978373
7780.	7790.	0.0004718177
7790.	7800.	0.000391757
7800.	7810.	0.0007579205
7810.	7820.	0.0005296349
7820.	7830.	0.0007014167
7830.	7840.	0.0004251917
7840.	7850.	0.000510305
7850.	7860.	0.0008139065
7860.	7870.	0.0009556137
7870.	7880.	0.0007389842
7880.	7890.	0.0004546954
7890.	7900.	0.000716477
7900.	7910.	0.0003325858
7910.	7920.	0.0004196974
7920.	7930.	0.000468699
7930.	7940.	0.0003764481
7940.	7950.	0.0004039798
7950.	7960.	0.000456619
7960.	7970.	0.0003563593
7970.	7980.	0.0005829318
7980.	7990.	0.001080472
7990.	8000.	0.001059537
8000.	8010.	0.0003902541
8010.	8020.	0.0005380915
8020.	8030.	0.0002266095
8030.	8040.	0.0002549411
8040.	8050.	0.0004386952
8050.	8060.	0.0003771035
8060.	8070.	0.0004358339
8070.	8080.	0.0006511759
8080.	8090.	0.0003947028
8090.	8100.	0.0004593706
8100.	8110.	0.0003054699
8110.	8120.	0.000298127
8120.	8130.	0.0009444968
8130.	8140.	0.0002959124
8140.	8150.	0.000353508
8150.	8160.	0.000654544
8160.	8170.	0.0002913946
8170.	8180.	0.0004919756
8180.	8190.	0.0003980763
8190.	8200.	0.0003234642
8200.	8210.	0.0003471244
8210.	8220.	0.0003899112
8220.	8230.	0.000233089
8230.	8240.	0.0002761171
8240.	8250.	0.0002263328
8250.	8260.	0.0001908303
8260.	8270.	0.0002756785
8270.	8280.	0.0007683386
8280.	8290.	0.0006083978
8290.	8300.	0.0007146374
8300.	8310.	0.0011763
8310.	8320.	0.0003052248
8320.	8330.	0.0003145825
8330.	8340.	0.0006528627
8340.	8350.	0.0002435686
8350.	8360.	0.0002206738
8360.	8370.	0.0002390714
8370.	8380.	0.0005810739
8380.	8390.	0.0002810215
8390.	8400.	0.0001661624
8400.	8410.	0.0001783081
8410.	8420.	0.0002061097
8420.	8430.	0.0003047799
8430.	8440.	0.0003358413
8440.	8450.	0.0002724416
8450.	8460.	0.0006355906
8460.	8470.	0.0001772779
8470.	8480.	0.0002065824
8480.	8490.	0.0002249704
8490.	8500.	0.0002504342
8500.	8510.	0.0002787593
8510.	8520.	0.0001323015
8520.	8530.	0.0001972929
8530.	8540.	0.0002936764
8540.	8550.	0.0001560665
8550.	8560.	0.0001447266
8560.	8570.	0.0001347344
8570.	8580.	0.0003534664
8580.	8590.	0.0003481723
8590.	8600.	0.0005279435
8600.	8610.	0.00016355
8610.	8620.	0.0001282088
8620.	8630.	0.0001656398
8630.	8640.	0.0002154133
8640.	8650.	0.0001425147
8650.	8660.	0.0002554053
8660.	8670.	0.0005543404
8670.	8680.	0.0002074976
8680.	8690.	0.0003617099
8690.	8700.	0.0006598016
8700.	8710.	0.0001055124
8710.	8720.	0.0001997159
8720.	8730.	0.0001239418
8730.	8740.	0.0005797309
8740.	8750.	0.0001375109
8750.	8760.	0.0005100838
8760.	8770.	0.000424498
8770.	8780.	0.0001583491
8780.	8790.	0.0001605252
8790.	8800.	0.0001143831
8800.	8810.	0.00009838728
8810.	8820.	0.0004880716
8820.	8830.	0.0001410965
8830.	8840.	0.0000878242
8840.	8850.	0.0001883804
8850.	8860.	0.0001789116
8860.	8870.	0.0001004483
8870.	8880.	0.0001339116
8880.	8890.	0.0001733159
8890.	8900.	0.0001211961
8900.	8910.	0.00009307181
8910.	8920.	0.000269253
8920.	8930.	0.00009059578
8930.	8940.	0.0004450481
8940.	8950.	0.0001885888
8950.	8960.	0.00007442005
8960.	8970.	0.0001115127
8970.	8980.	0.0001223775
8980.	8990.	0.000130531
8990.	9000.	0.00006923848
9000.	9010.	0.00007467667
9010.	9020.	0.0002339133
9020.	9030.	0.0001255443
9030.	9040.	0.0001163976
9040.	9050.	0.00009628277
9050.	9060.	0.0001776246
9060.	9070.	0.0002176235
9070.	9080.	0.0000792865
9080.	9090.	0.0001087115
9090.	9100.	0.00008622244
9100.	9110.	0.0001729579
9110.	9120.	0.0000748124
9120.	9130.	0.00006309149
9130.	9140.	0.00007643756
9140.	9150.	0.0004916437
9150.	9160.	0.00006155667
9160.	9170.	0.00007230106
9170.	9180.	0.0004806407
9180.	9190.	0.0002201534
9190.	9200.	0.00007667068
9200.	9210.	0.0001178134
9210.	9220.	0.0001082826
9220.	9230.	0.00008251299
9230.	9240.	0.0000550262
9240.	9250.	0.00009454576
9250.	9260.	0.00006912511
9260.	9270.	0.0000564318
9270.	9280.	0.00006996348
9280.	9290.	0.00005460745
9290.	9300.	0.0005031608
9300.	9310.	0.00007721547
9310.	9320.	0.00005350302
9320.	9330.	0.0001144191
9330.	9340.	0.00005842779
9340.	9350.	0.0000786391
9350.	9360.	0.0000679756
9360.	9370.	0.00006620353
9370.	9380.	0.0000464554
9380.	9390.	0.00005932874
9390.	9400.	0.0000729686
9400.	9410.	0.00005240089
9410.	9420.	0.00007985725
9420.	9430.	0.00003895275
9430.	9440.	0.00003863159
9440.	9450.	0.00003207509
9450.	9460.	0.00004397442
9460.	9470.	0.00003808499
9470.	9480.	0.0001117981
9480.	9490.	0.00008653161
9490.	9500.	0.00003380836
9500.	9510.	0.0004400049
9510.	9520.	0.0004316624
9520.	9530.	0.00005830288
9530.	9540.	0.00002455304
9540.	9550.	0.00002818005
9550.	9560.	0.000025734
9560.	9570.	0.00002271407
9570.	9580.	0.0004608293
9580.	9590.	0.0000291871
9590.	9600.	0.00002544954
9600.	9610.	0.0000222032
9610.	9620.	0.00003532028
9620.	9630.	0.00003759539
9630.	9640.	0.00002062412
9640.	9650.	0.00004352936
9650.	9660.	0.00002975522
9660.	9670.	0.00002184236
9670.	9680.	0.00007866377
9680.	9690.	0.00002217011
9690.	9700.	0.00004060518
9700.	9710.	0.00001577612
9710.	9720.	0.00002137447
9720.	9730.	0.0001362544
9730.	9740.	0.00001734363
9740.	9750.	0.0000183943
9750.	9760.	0.00001495527
9760.	9770.	0.00002047628
9770.	9780.	0.00003203051
9780.	9790.	0.0000265322
9790.	9800.	9.304122e-6
9800.	9810.	0.00001181711
9810.	9820.	0.00005246807
9820.	9830.	0.00001218722
9830.	9840.	0.00001616622
9840.	9850.	8.686206e-6
9850.	9860.	0.00001149762
9860.	9870.	0.00001020043
9870.	9880.	0.00003138124
9880.	9890.	0.00001443946
9890.	9900.	6.097607e-6
9900.	9910.	5.331991e-6
9910.	9920.	3.368502e-6
9920.	9930.	3.838163e-6
9930.	9940.	0.00001230445
9940.	9950.	3.482725e-6
9950.	9960.	2.520715e-6
9960.	9970.	9.259626e-6
9970.	9980.	2.098454e-6
9980.	9990.	6.35511e-7
9990.	10000.	5.317137e-7
10000.	10010.	0.