-10.	0.	0.
0.	10.	0.
10.	20.	0.
20.	30.	0.
30.	40.	0.
40.	50.	0.
50.	60.	0.
60.	70.	0.
70.	80.	0.
80.	90.	0.
90.	100.	0.
100.	110.	0.
110.	120.	0.
120.	130.	0.
130.	140.	0.
140.	150.	0.
150.	160.	0.
160.	170.	0.
170.	180.	0.
180.	190.	0.
190.	200.	0.
200.	210.	0.
210.	220.	0.
220.	230.	0.
230.	240.	0.
240.	250.	0.
250.	260.	0.
260.	270.	0.
270.	280.	0.
280.	290.	0.
290.	300.	0.
300.	310.	0.
310.	320.	0.
320.	330.	0.
330.	340.	0.
340.	350.	0.
350.	360.	0.
360.	370.	0.
370.	380.	0.
380.	390.	0.
390.	400.	0.
400.	410.	0.
410.	420.	0.
420.	430.	0.
430.	440.	0.
440.	450.	0.
450.	460.	0.
460.	470.	0.
470.	480.	0.
480.	490.	0.
490.	500.	0.
500.	510.	1.332591
510.	520.	1.386088
520.	530.	1.526511
530.	540.	1.586875
540.	550.	1.712341
550.	560.	1.766901
560.	570.	1.780666
570.	580.	1.872094
580.	590.	1.91217
590.	600.	1.953209
600.	610.	1.976523
610.	620.	2.027554
620.	630.	2.017344
630.	640.	2.058885
640.	650.	2.056306
650.	660.	2.078064
660.	670.	2.02732
670.	680.	2.055537
680.	690.	2.043629
690.	700.	2.037266
700.	710.	2.029029
710.	720.	2.035295
720.	730.	1.98729
730.	740.	2.01622
740.	750.	1.953393
750.	760.	2.012033
760.	770.	1.952675
770.	780.	1.932377
780.	790.	1.897866
790.	800.	1.847167
800.	810.	1.817894
810.	820.	1.848474
820.	830.	1.763836
830.	840.	1.763134
840.	850.	1.747803
850.	860.	1.732971
860.	870.	1.666015
870.	880.	1.678333
880.	890.	1.590948
890.	900.	1.591839
900.	910.	1.561476
910.	920.	1.558125
920.	930.	1.519866
930.	940.	1.497909
940.	950.	1.485867
950.	960.	1.40335
960.	970.	1.409055
970.	980.	1.356658
980.	990.	1.356298
990.	1000.	1.317451
1000.	1010.	1.286594
1010.	1020.	1.270806
1020.	1030.	1.265692
1030.	1040.	1.155259
1040.	1050.	1.20891
1050.	1060.	1.199851
1060.	1070.	1.185664
1070.	1080.	1.158109
1080.	1090.	1.122394
1090.	1100.	1.074016
1100.	1110.	1.062036
1110.	1120.	1.06353
1120.	1130.	1.045216
1130.	1140.	0.9972666
1140.	1150.	1.026307
1150.	1160.	0.9770794
1160.	1170.	0.9698893
1170.	1180.	0.9707183
1180.	1190.	0.9341538
1190.	1200.	0.9235712
1200.	1210.	0.8450702
1210.	1220.	0.8629743
1220.	1230.	0.8401749
1230.	1240.	0.8530359
1240.	1250.	0.8018601
1250.	1260.	0.8488193
1260.	1270.	0.7780621
1270.	1280.	0.7764241
1280.	1290.	0.7935502
1290.	1300.	0.7396198
1300.	1310.	0.743707
1310.	1320.	0.7330459
1320.	1330.	0.7071663
1330.	1340.	0.7131075
1340.	1350.	0.6668994
1350.	1360.	0.6410098
1360.	1370.	0.6673277
1370.	1380.	0.6634195
1380.	1390.	0.6361992
1390.	1400.	0.6151109
1400.	1410.	0.6366208
1410.	1420.	0.5926679
1420.	1430.	0.6056468
1430.	1440.	0.5789328
1440.	1450.	0.5940598
1450.	1460.	0.5638379
1460.	1470.	0.5313963
1470.	1480.	0.5344226
1480.	1490.	0.5442267
1490.	1500.	0.5054637
1500.	1510.	0.538011
1510.	1520.	0.5029664
1520.	1530.	0.5060439
1530.	1540.	0.5146773
1540.	1550.	0.4707454
1550.	1560.	0.4777295
1560.	1570.	0.4459321
1570.	1580.	0.4496596
1580.	1590.	0.4604849
1590.	1600.	0.4272085
1600.	1610.	0.4241257
1610.	1620.	0.4312894
1620.	1630.	0.4009518
1630.	1640.	0.4043109
1640.	1650.	0.379299
1650.	1660.	0.4133191
1660.	1670.	0.4103662
1670.	1680.	0.3719964
1680.	1690.	0.3434437
1690.	1700.	0.3737042
1700.	1710.	0.3731499
1710.	1720.	0.3756228
1720.	1730.	0.3547793
1730.	1740.	0.3317169
1740.	1750.	0.3547759
1750.	1760.	0.3295573
1760.	1770.	0.3139394
1770.	1780.	0.3144742
1780.	1790.	0.3276047
1790.	1800.	0.3109734
1800.	1810.	0.3141687
1810.	1820.	0.3116242
1820.	1830.	0.2851509
1830.	1840.	0.2842486
1840.	1850.	0.2844342
1850.	1860.	0.2851666
1860.	1870.	0.2951815
1870.	1880.	0.2788907
1880.	1890.	0.2715424
1890.	1900.	0.2530774
1900.	1910.	0.275564
1910.	1920.	0.2668854
1920.	1930.	0.2453454
1930.	1940.	0.2638069
1940.	1950.	0.2348715
1950.	1960.	0.2474476
1960.	1970.	0.2400485
1970.	1980.	0.2283054
1980.	1990.	0.2158199
1990.	2000.	0.2372401
2000.	2010.	0.2311794
2010.	2020.	0.2430509
2020.	2030.	0.2242139
2030.	2040.	0.2251999
2040.	2050.	0.2226561
2050.	2060.	0.206291
2060.	2070.	0.2163962
2070.	2080.	0.2082696
2080.	2090.	0.1942971
2090.	2100.	0.2082222
2100.	2110.	0.1962456
2110.	2120.	0.1955853
2120.	2130.	0.1762912
2130.	2140.	0.1907344
2140.	2150.	0.1738
2150.	2160.	0.170573
2160.	2170.	0.1818848
2170.	2180.	0.1713034
2180.	2190.	0.1837855
2190.	2200.	0.1606546
2200.	2210.	0.163236
2210.	2220.	0.1596203
2220.	2230.	0.1727645
2230.	2240.	0.1616128
2240.	2250.	0.1624355
2250.	2260.	0.1500586
2260.	2270.	0.1634154
2270.	2280.	0.1621676
2280.	2290.	0.1404493
2290.	2300.	0.1529679
2300.	2310.	0.1381404
2310.	2320.	0.1433913
2320.	2330.	0.1551412
2330.	2340.	0.1366391
2340.	2350.	0.1474097
2350.	2360.	0.13339
2360.	2370.	0.1361126
2370.	2380.	0.1308462
2380.	2390.	0.1340882
2390.	2400.	0.1233986
2400.	2410.	0.1261271
2410.	2420.	0.1261756
2420.	2430.	0.1259823
2430.	2440.	0.1231936
2440.	2450.	0.1173164
2450.	2460.	0.105689
2460.	2470.	0.1160816
2470.	2480.	0.1176842
2480.	2490.	0.1200656
2490.	2500.	0.102325
2500.	2510.	0.1176954
2510.	2520.	0.1145188
2520.	2530.	0.1062317
2530.	2540.	0.1116469
2540.	2550.	0.1128789
2550.	2560.	0.1095165
2560.	2570.	0.1075497
2570.	2580.	0.101457
2580.	2590.	0.09652431
2590.	2600.	0.1013957
2600.	2610.	0.09931304
2610.	2620.	0.09286359
2620.	2630.	0.09363258
2630.	2640.	0.0964898
2640.	2650.	0.09142365
2650.	2660.	0.08856296
2660.	2670.	0.0910774
2670.	2680.	0.07641912
2680.	2690.	0.0961776
2690.	2700.	0.09168656
2700.	2710.	0.07720104
2710.	2720.	0.08467999
2720.	2730.	0.08240481
2730.	2740.	0.08103307
2740.	2750.	0.08343259
2750.	2760.	0.07104724
2760.	2770.	0.08325246
2770.	2780.	0.07474658
2780.	2790.	0.07131958
2790.	2800.	0.06823774
2800.	2810.	0.07772205
2810.	2820.	0.07649765
2820.	2830.	0.08045755
2830.	2840.	0.06894639
2840.	2850.	0.07052848
2850.	2860.	0.07424691
2860.	2870.	0.05933233
2870.	2880.	0.06651099
2880.	2890.	0.0580774
2890.	2900.	0.0703039
2900.	2910.	0.07447127
2910.	2920.	0.06291381
2920.	2930.	0.06769762
2930.	2940.	0.06619768
2940.	2950.	0.06711929
2950.	2960.	0.06119749
2960.	2970.	0.05627863
2970.	2980.	0.05684563
2980.	2990.	0.0551817
2990.	3000.	0.05083307
3000.	3010.	0.05474171
3010.	3020.	0.03986858
3020.	3030.	0.04687732
3030.	3040.	0.05397396
3040.	3050.	0.05985492
3050.	3060.	0.05611311
3060.	3070.	0.05503634
3070.	3080.	0.05701871
3080.	3090.	0.06059766
3090.	3100.	0.05073092
3100.	3110.	0.05403763
3110.	3120.	0.05517033
3120.	3130.	0.05014464
3130.	3140.	0.04584736
3140.	3150.	0.05337928
3150.	3160.	0.04784443
3160.	3170.	0.04348847
3170.	3180.	0.04800607
3180.	3190.	0.05163373
3190.	3200.	0.04607077
3200.	3210.	0.03854909
3210.	3220.	0.04084211
3220.	3230.	0.04316336
3230.	3240.	0.04264446
3240.	3250.	0.04038783
3250.	3260.	0.04335575
3260.	3270.	0.04230383
3270.	3280.	0.0400045
3280.	3290.	0.04258895
3290.	3300.	0.04492117
3300.	3310.	0.04053395
3310.	3320.	0.03500639
3320.	3330.	0.03082977
3330.	3340.	0.0383843
3340.	3350.	0.03848605
3350.	3360.	0.03482288
3360.	3370.	0.03736071
3370.	3380.	0.03342827
3380.	3390.	0.03912689
3390.	3400.	0.03229152
3400.	3410.	0.0342793
3410.	3420.	0.03805161
3420.	3430.	0.03370826
3430.	3440.	0.03131832
3440.	3450.	0.03708724
3450.	3460.	0.03194877
3460.	3470.	0.03440305
3470.	3480.	0.03304758
3480.	3490.	0.02744033
3490.	3500.	0.03100483
3500.	3510.	0.02864786
3510.	3520.	0.0339572
3520.	3530.	0.03352202
3530.	3540.	0.03091238
3540.	3550.	0.02955292
3550.	3560.	0.027383
3560.	3570.	0.0268412
3570.	3580.	0.02412625
3580.	3590.	0.03008768
3590.	3600.	0.02529658
3600.	3610.	0.03160637
3610.	3620.	0.02383825
3620.	3630.	0.0268211
3630.	3640.	0.02735658
3640.	3650.	0.02882205
3650.	3660.	0.02437162
3660.	3670.	0.02522359
3670.	3680.	0.02552226
3680.	3690.	0.02259715
3690.	3700.	0.02858887
3700.	3710.	0.02699092
3710.	3720.	0.02573111
3720.	3730.	0.02364951
3730.	3740.	0.02119144
3740.	3750.	0.0212884
3750.	3760.	0.02331738
3760.	3770.	0.02144914
3770.	3780.	0.02054021
3780.	3790.	0.01937804
3790.	3800.	0.01946726
3800.	3810.	0.01812528
3810.	3820.	0.02037785
3820.	3830.	0.02295198
3830.	3840.	0.01864834
3840.	3850.	0.02061281
3850.	3860.	0.02101607
3860.	3870.	0.02234156
3870.	3880.	0.02107928
3880.	3890.	0.01929559
3890.	3900.	0.0190718
3900.	3910.	0.01697403
3910.	3920.	0.01884897
3920.	3930.	0.01735833
3930.	3940.	0.01789037
3940.	3950.	0.02064475
3950.	3960.	0.01733138
3960.	3970.	0.01464575
3970.	3980.	0.01798577
3980.	3990.	0.02124683
3990.	4000.	0.01356995
4000.	4010.	0.01583127
4010.	4020.	0.01789371
4020.	4030.	0.01636143
4030.	4040.	0.01426079
4040.	4050.	0.01809575
4050.	4060.	0.01389879
4060.	4070.	0.01440821
4070.	4080.	0.01683896
4080.	4090.	0.0129342
4090.	4100.	0.01819827
4100.	4110.	0.01699859
4110.	4120.	0.01491146
4120.	4130.	0.01728872
4130.	4140.	0.01706648
4140.	4150.	0.0113061
4150.	4160.	0.01457802
4160.	4170.	0.0141296
4170.	4180.	0.01486236
4180.	4190.	0.01193481
4190.	4200.	0.01214637
4200.	4210.	0.01453953
4210.	4220.	0.01188057
4220.	4230.	0.0132456
4230.	4240.	0.01231995
4240.	4250.	0.01298223
4250.	4260.	0.01712157
4260.	4270.	0.01356094
4270.	4280.	0.01375666
4280.	4290.	0.01698482
4290.	4300.	0.0114435
4300.	4310.	0.01354924
4310.	4320.	0.01297153
4320.	4330.	0.01297251
4330.	4340.	0.01209509
4340.	4350.	0.009992086
4350.	4360.	0.01114175
4360.	4370.	0.01280821
4370.	4380.	0.01180193
4380.	4390.	0.008933842
4390.	4400.	0.01206515
4400.	4410.	0.01107395
4410.	4420.	0.0115714
4420.	4430.	0.009312756
4430.	4440.	0.01167182
4440.	4450.	0.010674
4450.	4460.	0.01027387
4460.	4470.	0.01250115
4470.	4480.	0.0111894
4480.	4490.	0.008059163
4490.	4500.	0.01089723
4500.	4510.	0.008359926
4510.	4520.	0.007581308
4520.	4530.	0.009000463
4530.	4540.	0.010175
4540.	4550.	0.007675793
4550.	4560.	0.007944172
4560.	4570.	0.008526936
4570.	4580.	0.008511794
4580.	4590.	0.008591981
4590.	4600.	0.00887535
4600.	4610.	0.01135751
4610.	4620.	0.006758134
4620.	4630.	0.008250049
4630.	4640.	0.008100462
4640.	4650.	0.007979353
4650.	4660.	0.008416308
4660.	4670.	0.009313401
4670.	4680.	0.008927678
4680.	4690.	0.008107634
4690.	4700.	0.006617061
4700.	4710.	0.006290395
4710.	4720.	0.005269854
4720.	4730.	0.007936771
4730.	4740.	0.007066872
4740.	4750.	0.009403002
4750.	4760.	0.008546961
4760.	4770.	0.00666988
4770.	4780.	0.00718966
4780.	4790.	0.005832995
4790.	4800.	0.00764142
4800.	4810.	0.006804015
4810.	4820.	0.007651557
4820.	4830.	0.007266128
4830.	4840.	0.006395362
4840.	4850.	0.006301196
4850.	4860.	0.007639587
4860.	4870.	0.005812087
4870.	4880.	0.008015718
4880.	4890.	0.008714569
4890.	4900.	0.00782999
4900.	4910.	0.005732633
4910.	4920.	0.006360644
4920.	4930.	0.00554364
4930.	4940.	0.007415274
4940.	4950.	0.007567351
4950.	4960.	0.005734169
4960.	4970.	0.005650989
4970.	4980.	0.007117769
4980.	4990.	0.006676067
4990.	5000.	0.006020162
5000.	5010.	0.004809468
5010.	5020.	0.005779443
5020.	5030.	0.004938909
5030.	5040.	0.003898347
5040.	5050.	0.005311607
5050.	5060.	0.006531845
5060.	5070.	0.00611529
5070.	5080.	0.005524457
5080.	5090.	0.004098108
5090.	5100.	0.004143192
5100.	5110.	0.005378777
5110.	5120.	0.006385324
5120.	5130.	0.00518175
5130.	5140.	0.003691108
5140.	5150.	0.004983552
5150.	5160.	0.005476361
5160.	5170.	0.003411963
5170.	5180.	0.004063477
5180.	5190.	0.00349237
5190.	5200.	0.00423371
5200.	5210.	0.003416262
5210.	5220.	0.00596717
5220.	5230.	0.004299762
5230.	5240.	0.004803363
5240.	5250.	0.004406981
5250.	5260.	0.003399565
5260.	5270.	0.004544892
5270.	5280.	0.005144168
5280.	5290.	0.004658481
5290.	5300.	0.005118764
5300.	5310.	0.004184644
5310.	5320.	0.003288246
5320.	5330.	0.00417823
5330.	5340.	0.003349694
5340.	5350.	0.004564444
5350.	5360.	0.003604828
5360.	5370.	0.005516287
5370.	5380.	0.00566522
5380.	5390.	0.003873695
5390.	5400.	0.00453711
5400.	5410.	0.002456471
5410.	5420.	0.003077619
5420.	5430.	0.00328585
5430.	5440.	0.003572291
5440.	5450.	0.003115117
5450.	5460.	0.002528614
5460.	5470.	0.00388806
5470.	5480.	0.003756994
5480.	5490.	0.004562884
5490.	5500.	0.002433224
5500.	5510.	0.004334779
5510.	5520.	0.003864632
5520.	5530.	0.00376822
5530.	5540.	0.002735998
5540.	5550.	0.003254716
5550.	5560.	0.004832567
5560.	5570.	0.003383619
5570.	5580.	0.003800565
5580.	5590.	0.003708258
5590.	5600.	0.002358402
5600.	5610.	0.00267158
5610.	5620.	0.003853592
5620.	5630.	0.003785827
5630.	5640.	0.00301343
5640.	5650.	0.003300507
5650.	5660.	0.003946298
5660.	5670.	0.002067292
5670.	5680.	0.002285172
5680.	5690.	0.001591855
5690.	5700.	0.002709262
5700.	5710.	0.002554929
5710.	5720.	0.001989129
5720.	5730.	0.003431635
5730.	5740.	0.002320091
5740.	5750.	0.002465276
5750.	5760.	0.00259925
5760.	5770.	0.003017453
5770.	5780.	0.001947228
5780.	5790.	0.001586465
5790.	5800.	0.00285477
5800.	5810.	0.003427753
5810.	5820.	0.00181337
5820.	5830.	0.002219651
5830.	5840.	0.002901481
5840.	5850.	0.002969561
5850.	5860.	0.002562577
5860.	5870.	0.003431341
5870.	5880.	0.002401641
5880.	5890.	0.002797945
5890.	5900.	0.00285217
5900.	5910.	0.002528423
5910.	5920.	0.002039496
5920.	5930.	0.001739652
5930.	5940.	0.002767031
5940.	5950.	0.003150108
5950.	5960.	0.001206027
5960.	5970.	0.001954579
5970.	5980.	0.003444235
5980.	5990.	0.002551007
5990.	6000.	0.002597722
6000.	6010.	0.002504764
6010.	6020.	0.002537079
6020.	6030.	0.002585675
6030.	6040.	0.00159757
6040.	6050.	0.002361923
6050.	6060.	0.001877447
6060.	6070.	0.002560459
6070.	6080.	0.001581912
6080.	6090.	0.001522792
6090.	6100.	0.00144665
6100.	6110.	0.001305554
6110.	6120.	0.003717314
6120.	6130.	0.001263969
6130.	6140.	0.001221861
6140.	6150.	0.001392668
6150.	6160.	0.001653265
6160.	6170.	0.001496107
6170.	6180.	0.001809165
6180.	6190.	0.002305814
6190.	6200.	0.001031339
6200.	6210.	0.001481032
6210.	6220.	0.001937026
6220.	6230.	0.001109785
6230.	6240.	0.002000048
6240.	6250.	0.002113268
6250.	6260.	0.002312097
6260.	6270.	0.001232397
6270.	6280.	0.001632271
6280.	6290.	0.001364955
6290.	6300.	0.0011387
6300.	6310.	0.001943625
6310.	6320.	0.002062689
6320.	6330.	0.0008772302
6330.	6340.	0.001548919
6340.	6350.	0.001725368
6350.	6360.	0.001506366
6360.	6370.	0.001310196
6370.	6380.	0.0008869989
6380.	6390.	0.001722231
6390.	6400.	0.002407897
6400.	6410.	0.001573905
6410.	6420.	0.0009363803
6420.	6430.	0.001813403
6430.	6440.	0.00107884
6440.	6450.	0.001358405
6450.	6460.	0.0006165346
6460.	6470.	0.001798438
6470.	6480.	0.001625197
6480.	6490.	0.001299291
6490.	6500.	0.0008341111
6500.	6510.	0.0009572283
6510.	6520.	0.001410027
6520.	6530.	0.001147481
6530.	6540.	0.001958126
6540.	6550.	0.0006195672
6550.	6560.	0.0006269706
6560.	6570.	0.0009871455
6570.	6580.	0.0005664567
6580.	6590.	0.001451455
6590.	6600.	0.001566038
6600.	6610.	0.001175375
6610.	6620.	0.000840391
6620.	6630.	0.001195337
6630.	6640.	0.001638977
6640.	6650.	0.001272614
6650.	6660.	0.0007508816
6660.	6670.	0.0009126152
6670.	6680.	0.001039791
6680.	6690.	0.0005163083
6690.	6700.	0.00056243
6700.	6710.	0.0005886801
6710.	6720.	0.001277617
6720.	6730.	0.0007574958
6730.	6740.	0.0006853233
6740.	6750.	0.0005253283
6750.	6760.	0.001123088
6760.	6770.	0.0009434244
6770.	6780.	0.001134205
6780.	6790.	0.0006527832
6790.	6800.	0.001280152
6800.	6810.	0.001238437
6810.	6820.	0.00143403
6820.	6830.	0.001162742
6830.	6840.	0.0005919516
6840.	6850.	0.001228825
6850.	6860.	0.00161188
6860.	6870.	0.0009292655
6870.	6880.	0.0004636676
6880.	6890.	0.0007480897
6890.	6900.	0.0004585196
6900.	6910.	0.0003895511
6910.	6920.	0.0008806587
6920.	6930.	0.0008958326
6930.	6940.	0.0008681724
6940.	6950.	0.0005675533
6950.	6960.	0.0007029674
6960.	6970.	0.0009251485
6970.	6980.	0.0005963504
6980.	6990.	0.0009703089
6990.	7000.	0.0004903142
7000.	7010.	0.000907374
7010.	7020.	0.0007462978
7020.	7030.	0.0007063729
7030.	7040.	0.0008496684
7040.	7050.	0.0009129943
7050.	7060.	0.0004778657
7060.	7070.	0.0005645781
7070.	7080.	0.001429946
7080.	7090.	0.001280128
7090.	7100.	0.0004275456
7100.	7110.	0.0005082998
7110.	7120.	0.0007348498
7120.	7130.	0.0003511907
7130.	7140.	0.001008811
7140.	7150.	0.0003056034
7150.	7160.	0.0008725703
7160.	7170.	0.0004167083
7170.	7180.	0.0008738164
7180.	7190.	0.0009985465
7190.	7200.	0.0004562727
7200.	7210.	0.0009400198
7210.	7220.	0.0008050912
7220.	7230.	0.0005127736
7230.	7240.	0.0003999761
7240.	7250.	0.0003276931
7250.	7260.	0.0007989907
7260.	7270.	0.0003453708
7270.	7280.	0.0003948679
7280.	7290.	0.001128907
7290.	7300.	0.0002737001
7300.	7310.	0.0006090131
7310.	7320.	0.0004344517
7320.	7330.	0.0004232298
7330.	7340.	0.0007676893
7340.	7350.	0.0003660569
7350.	7360.	0.0003506742
7360.	7370.	0.0002866041
7370.	7380.	0.0008595193
7380.	7390.	0.0002535825
7390.	7400.	0.0002321189
7400.	7410.	0.0005836261
7410.	7420.	0.000284555
7420.	7430.	0.0007262449
7430.	7440.	0.0002358659
7440.	7450.	0.0003135741
7450.	7460.	0.0004678404
7460.	7470.	0.0002662382
7470.	7480.	0.0002679114
7480.	7490.	0.0003060554
7490.	7500.	0.0009437867
7500.	7510.	0.0002142822
7510.	7520.	0.0007317739
7520.	7530.	0.0003058604
7530.	7540.	0.0001912153
7540.	7550.	0.000346259
7550.	7560.	0.0006709618
7560.	7570.	0.000920344
7570.	7580.	0.0006657574
7580.	7590.	0.0002198295
7590.	7600.	0.0002316008
7600.	7610.	0.0008463342
7610.	7620.	0.0003905626
7620.	7630.	0.0002917819
7630.	7640.	0.0001774419
7640.	7650.	0.0004325125
7650.	7660.	0.0003194357
7660.	7670.	0.0002910766
7670.	7680.	0.0001645013
7680.	7690.	0.0002527693
7690.	7700.	0.0002811873
7700.	7710.	0.0002426757
7710.	7720.	0.0005142294
7720.	7730.	0.0002687627
7730.	7740.	0.0003394339
7740.	7750.	0.0001731336
7750.	7760.	0.0002010747
7760.	7770.	0.0003263571
7770.	7780.	0.0001736391
7780.	7790.	0.0001834884
7790.	7800.	0.00014321
7800.	7810.	0.000344362
7810.	7820.	0.0002012951
7820.	7830.	0.0003452814
7830.	7840.	0.0002368175
7840.	7850.	0.0002078255
7850.	7860.	0.001037522
7860.	7870.	0.0001164815
7870.	7880.	0.000239016
7880.	7890.	0.0001230996
7890.	7900.	0.0005971338
7900.	7910.	0.0002330154
7910.	7920.	0.0005582048
7920.	7930.	0.00008796914
7930.	7940.	0.0001976298
7940.	7950.	0.0001525012
7950.	7960.	0.0001927672
7960.	7970.	0.0001015787
7970.	7980.	0.0001435287
7980.	7990.	0.000793889
7990.	8000.	0.0001423175
8000.	8010.	0.0001390665
8010.	8020.	0.0001256374
8020.	8030.	0.0001159267
8030.	8040.	0.0001096519
8040.	8050.	0.0001313442
8050.	8060.	0.0005430715
8060.	8070.	0.0003005512
8070.	8080.	0.0001312373
8080.	8090.	0.0001274472
8090.	8100.	0.0001275497
8100.	8110.	0.000122024
8110.	8120.	0.0001087117
8120.	8130.	0.0005530999
8130.	8140.	0.0001873084
8140.	8150.	0.0001413884
8150.	8160.	0.00009877508
8160.	8170.	0.0001551039
8170.	8180.	0.00009125832
8180.	8190.	0.0001357448
8190.	8200.	0.00008953865
8200.	8210.	0.0001534483
8210.	8220.	0.0001196824
8220.	8230.	0.0001749662
8230.	8240.	0.0001600172
8240.	8250.	0.00009754733
8250.	8260.	0.000642345
8260.	8270.	0.0001146129
8270.	8280.	0.0002007199
8280.	8290.	0.00009328388
8290.	8300.	0.00008994453
8300.	8310.	0.00008087161
8310.	8320.	0.00007296341
8320.	8330.	0.00007577863
8330.	8340.	0.00009730277
8340.	8350.	0.0001840733
8350.	8360.	0.00008492909
8360.	8370.	0.0000932222
8370.	8380.	0.0001256412
8380.	8390.	0.00006855963
8390.	8400.	0.00009222908
8400.	8410.	0.00006998605
8410.	8420.	0.00016173
8420.	8430.	0.00006194635
8430.	8440.	0.0001101579
8440.	8450.	0.00004909282
8450.	8460.	0.0001257122
8460.	8470.	0.00007903361
8470.	8480.	0.00004417074
8480.	8490.	0.0001099423
8490.	8500.	0.0000815184
8500.	8510.	0.00008673466
8510.	8520.	0.00003884226
8520.	8530.	0.00007570885
8530.	8540.	0.0001048906
8540.	8550.	0.000076475
8550.	8560.	0.0001703186
8560.	8570.	0.00005042499
8570.	8580.	0.0002644795
8580.	8590.	0.00007752531
8590.	8600.	0.0000569271
8600.	8610.	0.00008485984
8610.	8620.	0.00006834264
8620.	8630.	0.0001115174
8630.	8640.	0.00006807333
8640.	8650.	0.00005423028
8650.	8660.	0.0002135291
8660.	8670.	0.00004871517
8670.	8680.	0.00005346818
8680.	8690.	0.00006604772
8690.	8700.	0.00006819527
8700.	8710.	0.00004905037
8710.	8720.	0.0000405527
8720.	8730.	0.00003565877
8730.	8740.	0.00007084418
8740.	8750.	0.00005723421
8750.	8760.	0.00006485349
8760.	8770.	0.0001032211
8770.	8780.	0.00003381333
8780.	8790.	0.00003477199
8790.	8800.	0.0002171388
8800.	8810.	0.000617964
8810.	8820.	0.00003592819
8820.	8830.	0.00005681006
8830.	8840.	0.00002129301
8840.	8850.	0.00004662797
8850.	8860.	0.0000470218
8860.	8870.	0.00003259153
8870.	8880.	0.00005590797
8880.	8890.	0.00004037549
8890.	8900.	0.00002668416
8900.	8910.	0.00003904238
8910.	8920.	0.00002926948
8920.	8930.	0.00004640581
8930.	8940.	0.00004261858
8940.	8950.	0.00004598771
8950.	8960.	0.00002615044
8960.	8970.	0.00005819401
8970.	8980.	0.0000236123
8980.	8990.	0.0002977348
8990.	9000.	0.00002730154
9000.	9010.	0.00003722201
9010.	9020.	0.00005373083
9020.	9030.	0.00006707897
9030.	9040.	0.00002131061
9040.	9050.	0.00002264753
9050.	9060.	0.00005414962
9060.	9070.	0.00006095265
9070.	9080.	0.00004381129
9080.	9090.	0.0000126325
9090.	9100.	0.00002323897
9100.	9110.	0.00003156632
9110.	9120.	0.00001575857
9120.	9130.	0.00001758047
9130.	9140.	0.00002553363
9140.	9150.	0.00001630299
9150.	9160.	0.00001072349
9160.	9170.	0.0000166576
9170.	9180.	0.00001479356
9180.	9190.	9.714725e-6
9190.	9200.	0.00001475594
9200.	9210.	0.00002732755
9210.	9220.	0.00002708618
9220.	9230.	0.0000238517
9230.	9240.	0.00001424759
9240.	9250.	0.00001974825
9250.	9260.	0.00003372973
9260.	9270.	0.00001438252
9270.	9280.	0.000013071
9280.	9290.	0.0000100244
9290.	9300.	0.00001194939
9300.	9310.	0.00001964118
9310.	9320.	6.673796e-6
9320.	9330.	9.462072e-6
9330.	9340.	0.00001152939
9340.	9350.	0.00005264365
9350.	9360.	0.00001125588
9360.	9370.	7.265696e-6
9370.	9380.	6.295062e-6
9380.	9390.	0.00001821839
9390.	9400.	8.291244e-6
9400.	9410.	8.123224e-6
9410.	9420.	0.00001903893
9420.	9430.	9.920591e-6
9430.	9440.	8.535924e-6
9440.	9450.	0.00001707895
9450.	9460.	7.010447e-6
9460.	9470.	0.00001163728
9470.	9480.	0.00002241218
9480.	9490.	0.00001456077
9490.	9500.	0.0000142793
9500.	9510.	4.280572e-6
9510.	9520.	7.390449e-6
9520.	9530.	5.382432e-6
9530.	9540.	5.988015e-6
9540.	9550.	6.923104e-6
9550.	9560.	5.450489e-6
9560.	9570.	3.099417e-6
9570.	9580.	3.591413e-6
9580.	9590.	8.045587e-6
9590.	9600.	3.891519e-6
9600.	9610.	2.446052e-6
9610.	9620.	4.149971e-6
9620.	9630.	4.309552e-6
9630.	9640.	2.405459e-6
9640.	9650.	2.206661e-6
9650.	9660.	1.978608e-6
9660.	9670.	2.034337e-6
9670.	9680.	2.443869e-6
9680.	9690.	2.439209e-6
9690.	9700.	1.484703e-6
9700.	9710.	1.50065e-6
9710.	9720.	1.415853e-6
9720.	9730.	8.34673e-7
9730.	9740.	3.346623e-6
9740.	9750.	2.006319e-6
9750.	9760.	1.433389e-6
9760.	9770.	6.220646e-7
9770.	9780.	1.014986e-6
9780.	9790.	5.837516e-6
9790.	9800.	8.652607e-7
9800.	9810.	9.73979e-7
9810.	9820.	2.547508e-6
9820.	9830.	3.668022e-7
9830.	9840.	2.131854e-7
9840.	9850.	6.787046e-7
9850.	9860.	1.71147e-6
9860.	9870.	7.608735e-8
9870.	9880.	1.066031e-7
9880.	9890.	4.667165e-7
9890.	9900.	5.170483e-7
9900.	9910.	0.00008022362
9910.	9920.	5.274771e-7
9920.	9930.	2.285843e-7
9930.	9940.	1.326098e-7
9940.	9950.	1.970565e-7
9950.	9960.	1.296953e-7
9960.	9970.	0.
9970.	9980.	7.016065e-8
9980.	9990.	0.
9990.	10000.	0.
10000.	10010.	0.