-10.	0.	0.
0.	10.	0.
10.	20.	0.
20.	30.	0.
30.	40.	0.
40.	50.	0.
50.	60.	0.
60.	70.	0.
70.	80.	0.
80.	90.	0.
90.	100.	0.
100.	110.	0.
110.	120.	0.
120.	130.	0.
130.	140.	0.
140.	150.	0.
150.	160.	9.527399
160.	170.	9.808532
170.	180.	9.967828
180.	190.	10.02855
190.	200.	9.599161
200.	210.	9.0917
210.	220.	8.5732
220.	230.	7.982937
230.	240.	7.706141
240.	250.	7.175811
250.	260.	6.815818
260.	270.	6.383669
270.	280.	5.884489
280.	290.	5.526073
290.	300.	5.167262
300.	310.	4.863654
310.	320.	4.544273
320.	330.	4.274968
330.	340.	4.038784
340.	350.	3.795109
350.	360.	3.596777
360.	370.	3.335753
370.	380.	3.13269
380.	390.	2.912672
390.	400.	2.83815
400.	410.	2.69226
410.	420.	2.452133
420.	430.	2.302695
430.	440.	2.226201
440.	450.	2.1087
450.	460.	1.968331
460.	470.	1.88474
470.	480.	1.778674
480.	490.	1.622138
490.	500.	1.61228
500.	510.	1.517255
510.	520.	1.472699
520.	530.	1.344947
530.	540.	1.293688
540.	550.	1.185257
550.	560.	1.165148
560.	570.	1.112312
570.	580.	1.042521
580.	590.	1.002303
590.	600.	0.9262037
600.	610.	0.8729736
610.	620.	0.8402469
620.	630.	0.8087032
630.	640.	0.7956914
640.	650.	0.7881997
650.	660.	0.708946
660.	670.	0.6718821
670.	680.	0.6726707
680.	690.	0.6367897
690.	700.	0.5729136
700.	710.	0.568182
710.	720.	0.5362439
720.	730.	0.5019401
730.	740.	0.5173177
740.	750.	0.4727621
750.	760.	0.4514701
760.	770.	0.4494986
770.	780.	0.3950856
780.	790.	0.3974514
790.	800.	0.383651
800.	810.	0.3698506
810.	820.	0.3509243
820.	830.	0.343827
830.	840.	0.3083403
840.	850.	0.3158319
850.	860.	0.2815281
860.	870.	0.2811338
870.	880.	0.285471
880.	890.	0.2586588
890.	900.	0.2330295
900.	910.	0.2318466
910.	920.	0.238944
920.	930.	0.2113432
930.	940.	0.2223835
940.	950.	0.2077945
950.	960.	0.2077945
960.	970.	0.1762508
970.	980.	0.1766451
980.	990.	0.1979371
990.	1000.	0.1589017
1000.	1010.	0.164314
1010.	1020.	0.1506174
1020.	1030.	0.1577013
1030.	1040.	0.1584905
1040.	1050.	0.1465517
1050.	1060.	0.1335799
1060.	1070.	0.1292404
1070.	1080.	0.123241
1080.	1090.	0.1227399
1090.	1100.	0.1251375
1100.	1110.	0.1191877
1110.	1120.	0.1140613
1120.	1130.	0.1167209
1130.	1140.	0.1005813
1140.	1150.	0.1024458
1150.	1160.	0.09668477
1160.	1170.	0.09448523
1170.	1180.	0.09100417
1180.	1190.	0.08142831
1190.	1200.	0.07767463
1200.	1210.	0.08311456
1210.	1220.	0.08311209
1220.	1230.	0.0858756
1230.	1240.	0.08021743
1240.	1250.	0.07422604
1250.	1260.	0.07325656
1260.	1270.	0.0671439
1270.	1280.	0.06231456
1280.	1290.	0.06343319
1290.	1300.	0.06236623
1300.	1310.	0.05679583
1310.	1320.	0.05697188
1320.	1330.	0.05670315
1330.	1340.	0.05323516
1340.	1350.	0.05281221
1350.	1360.	0.0503574
1360.	1370.	0.04713318
1370.	1380.	0.04721132
1380.	1390.	0.04635705
1390.	1400.	0.04382968
1400.	1410.	0.04307598
1410.	1420.	0.04234364
1420.	1430.	0.04262883
1430.	1440.	0.0389246
1440.	1450.	0.0408994
1450.	1460.	0.04190134
1460.	1470.	0.03572669
1470.	1480.	0.03368518
1480.	1490.	0.03556786
1490.	1500.	0.03328193
1500.	1510.	0.03262244
1510.	1520.	0.03192279
1520.	1530.	0.0314647
1530.	1540.	0.0311595
1540.	1550.	0.0302023
1550.	1560.	0.02917293
1560.	1570.	0.0290538
1570.	1580.	0.02825364
1580.	1590.	0.02600799
1590.	1600.	0.027319
1600.	1610.	0.02569723
1610.	1620.	0.0250665
1620.	1630.	0.0234706
1630.	1640.	0.0231918
1640.	1650.	0.02171441
1650.	1660.	0.02116391
1660.	1670.	0.02115006
1670.	1680.	0.02108473
1680.	1690.	0.02092606
1690.	1700.	0.02033657
1700.	1710.	0.01888541
1710.	1720.	0.01844033
1720.	1730.	0.01779923
1730.	1740.	0.01792835
1740.	1750.	0.01782986
1750.	1760.	0.01639332
1760.	1770.	0.0171123
1770.	1780.	0.01630569
1780.	1790.	0.01588223
1790.	1800.	0.01438737
1800.	1810.	0.01466295
1810.	1820.	0.01506215
1820.	1830.	0.01473197
1830.	1840.	0.01397259
1840.	1850.	0.01337197
1850.	1860.	0.01339135
1860.	1870.	0.01340185
1870.	1880.	0.01262642
1880.	1890.	0.01218291
1890.	1900.	0.01191087
1900.	1910.	0.01186654
1910.	1920.	0.01167492
1920.	1930.	0.01051547
1930.	1940.	0.01074121
1940.	1950.	0.01032585
1950.	1960.	0.01061457
1960.	1970.	0.01034814
1970.	1980.	0.009796235
1980.	1990.	0.01022614
1990.	2000.	0.009487782
2000.	2010.	0.008826459
2010.	2020.	0.009019943
2020.	2030.	0.008803029
2030.	2040.	0.008437285
2040.	2050.	0.008003811
2050.	2060.	0.008234893
2060.	2070.	0.008134181
2070.	2080.	0.007849154
2080.	2090.	0.007733909
2090.	2100.	0.007516792
2100.	2110.	0.007247054
2110.	2120.	0.007242612
2120.	2130.	0.00695495
2130.	2140.	0.006729045
2140.	2150.	0.006748827
2150.	2160.	0.006343503
2160.	2170.	0.006553045
2170.	2180.	0.006108737
2180.	2190.	0.005940907
2190.	2200.	0.005952084
2200.	2210.	0.005869057
2210.	2220.	0.005501852
2220.	2230.	0.005428666
2230.	2240.	0.005581912
2240.	2250.	0.005168257
2250.	2260.	0.00531112
2260.	2270.	0.005181852
2270.	2280.	0.004786912
2280.	2290.	0.004753741
2290.	2300.	0.004898284
2300.	2310.	0.004734582
2310.	2320.	0.00452196
2320.	2330.	0.004451808
2330.	2340.	0.004376458
2340.	2350.	0.004357765
2350.	2360.	0.004017637
2360.	2370.	0.004099668
2370.	2380.	0.003906312
2380.	2390.	0.003759625
2390.	2400.	0.003715498
2400.	2410.	0.003579353
2410.	2420.	0.003642672
2420.	2430.	0.003706363
2430.	2440.	0.00327739
2440.	2450.	0.003567422
2450.	2460.	0.003055955
2460.	2470.	0.003256504
2470.	2480.	0.003103493
2480.	2490.	0.003236074
2490.	2500.	0.002999846
2500.	2510.	0.003039688
2510.	2520.	0.002954986
2520.	2530.	0.002898919
2530.	2540.	0.002839771
2540.	2550.	0.002800196
2550.	2560.	0.002637815
2560.	2570.	0.002612674
2570.	2580.	0.002627807
2580.	2590.	0.00249523
2590.	2600.	0.002411128
2600.	2610.	0.002325244
2610.	2620.	0.00219918
2620.	2630.	0.002365442
2630.	2640.	0.002249295
2640.	2650.	0.002117205
2650.	2660.	0.002135807
2660.	2670.	0.002063399
2670.	2680.	0.002027572
2680.	2690.	0.002001916
2690.	2700.	0.002045792
2700.	2710.	0.001817757
2710.	2720.	0.001833677
2720.	2730.	0.001781088
2730.	2740.	0.001854672
2740.	2750.	0.001713618
2750.	2760.	0.001751951
2760.	2770.	0.001680739
2770.	2780.	0.001592974
2780.	2790.	0.001593853
2790.	2800.	0.00158643
2800.	2810.	0.001595449
2810.	2820.	0.001578747
2820.	2830.	0.001464818
2830.	2840.	0.00139758
2840.	2850.	0.001461215
2850.	2860.	0.001314194
2860.	2870.	0.001384774
2870.	2880.	0.001358238
2880.	2890.	0.001244533
2890.	2900.	0.001298107
2900.	2910.	0.001228361
2910.	2920.	0.001199362
2920.	2930.	0.001238841
2930.	2940.	0.001091927
2940.	2950.	0.001101511
2950.	2960.	0.001118871
2960.	2970.	0.00110762
2970.	2980.	0.001019717
2980.	2990.	0.001032739
2990.	3000.	0.001050142
3000.	3010.	0.0009852351
3010.	3020.	0.0009973161
3020.	3030.	0.000924805
3030.	3040.	0.0009433702
3040.	3050.	0.0009319284
3050.	3060.	0.0009031725
3060.	3070.	0.0008774675
3070.	3080.	0.0008551973
3080.	3090.	0.0008462989
3090.	3100.	0.0008045175
3100.	3110.	0.0008087756
3110.	3120.	0.0007998195
3120.	3130.	0.000764993
3130.	3140.	0.0007699833
3140.	3150.	0.0007266719
3150.	3160.	0.0007133552
3160.	3170.	0.0007123463
3170.	3180.	0.000673155
3180.	3190.	0.0007048939
3190.	3200.	0.0006813855
3200.	3210.	0.0006595969
3210.	3220.	0.0006224148
3220.	3230.	0.0005989769
3230.	3240.	0.0005995582
3240.	3250.	0.0005857564
3250.	3260.	0.0006060653
3260.	3270.	0.000565576
3270.	3280.	0.000555283
3280.	3290.	0.0005495243
3290.	3300.	0.0005561333
3300.	3310.	0.0005085903
3310.	3320.	0.0005083635
3320.	3330.	0.000512534
3330.	3340.	0.0004808295
3340.	3350.	0.0004881069
3350.	3360.	0.0004764135
3360.	3370.	0.0004388267
3370.	3380.	0.0004476544
3380.	3390.	0.0004308274
3390.	3400.	0.0004490407
3400.	3410.	0.0004292514
3410.	3420.	0.0004138408
3420.	3430.	0.0004098332
3430.	3440.	0.000390779
3440.	3450.	0.0003749106
3450.	3460.	0.0003639653
3460.	3470.	0.0003601317
3470.	3480.	0.0003654501
3480.	3490.	0.000329704
3490.	3500.	0.0003451126
3500.	3510.	0.0003422651
3510.	3520.	0.0003303196
3520.	3530.	0.0003324881
3530.	3540.	0.0003045357
3540.	3550.	0.0003134918
3550.	3560.	0.0002877546
3560.	3570.	0.0002860311
3570.	3580.	0.0002808341
3580.	3590.	0.0002747016
3590.	3600.	0.0002580986
3600.	3610.	0.0002766453
3610.	3620.	0.0002579643
3620.	3630.	0.0002543838
3630.	3640.	0.0002407037
3640.	3650.	0.000238402
3650.	3660.	0.0002345216
3660.	3670.	0.0002271254
3670.	3680.	0.0002244022
3680.	3690.	0.0002130444
3690.	3700.	0.0002135378
3700.	3710.	0.0002099744
3710.	3720.	0.0002024944
3720.	3730.	0.0002065111
3730.	3740.	0.0001925557
3740.	3750.	0.0001866715
3750.	3760.	0.0001813339
3760.	3770.	0.0001911715
3770.	3780.	0.00016963
3780.	3790.	0.000179407
3790.	3800.	0.000170011
3800.	3810.	0.0001678404
3810.	3820.	0.0001621342
3820.	3830.	0.0001558709
3830.	3840.	0.0001539568
3840.	3850.	0.0001458288
3850.	3860.	0.0001479067
3860.	3870.	0.0001411018
3870.	3880.	0.0001430037
3880.	3890.	0.0001329181
3890.	3900.	0.0001337071
3900.	3910.	0.0001273166
3910.	3920.	0.0001214399
3920.	3930.	0.0001148561
3930.	3940.	0.0001140747
3940.	3950.	0.0001131707
3950.	3960.	0.0001111281
3960.	3970.	0.0001134455
3970.	3980.	0.0001003582
3980.	3990.	0.0001056694
3990.	4000.	0.0001001836
4000.	4010.	0.00009786707
4010.	4020.	0.00009762473
4020.	4030.	0.00009458363
4030.	4040.	0.0000861801
4040.	4050.	0.00008632793
4050.	4060.	0.00008550738
4060.	4070.	0.00008180401
4070.	4080.	0.00008594559
4080.	4090.	0.00007704835
4090.	4100.	0.0000802737
4100.	4110.	0.00007523965
4110.	4120.	0.00007097866
4120.	4130.	0.00006851373
4130.	4140.	0.00006729413
4140.	4150.	0.00006873157
4150.	4160.	0.00006092365
4160.	4170.	0.00006056985
4170.	4180.	0.00006148757
4180.	4190.	0.00006340994
4190.	4200.	0.00005681356
4200.	4210.	0.00005718797
4210.	4220.	0.00005752251
4220.	4230.	0.00005163881
4230.	4240.	0.00004955888
4240.	4250.	0.00004918261
4250.	4260.	0.00005028911
4260.	4270.	0.0000444288
4270.	4280.	0.00004372668
4280.	4290.	0.00004389777
4290.	4300.	0.00004208275
4300.	4310.	0.000042367
4310.	4320.	0.00004001449
4320.	4330.	0.00003729648
4330.	4340.	0.00003665748
4340.	4350.	0.00003440167
4350.	4360.	0.00003485996
4360.	4370.	0.00003277945
4370.	4380.	0.00003008485
4380.	4390.	0.00003150328
4390.	4400.	0.0000334818
4400.	4410.	0.00002968199
4410.	4420.	0.00002805794
4420.	4430.	0.00002720258
4430.	4440.	0.00002617495
4440.	4450.	0.0000268314
4450.	4460.	0.00002537332
4460.	4470.	0.00002428215
4470.	4480.	0.00002214451
4480.	4490.	0.00002276883
4490.	4500.	0.00002175245
4500.	4510.	0.00002103149
4510.	4520.	0.0000213723
4520.	4530.	0.00001869791
4530.	4540.	0.00001794709
4540.	4550.	0.00001802663
4550.	4560.	0.00001563187
4560.	4570.	0.00001764985
4570.	4580.	0.00001603651
4580.	4590.	0.00001515179
4590.	4600.	0.00001369965
4600.	4610.	0.00001410536
4610.	4620.	0.00001220356
4620.	4630.	0.00001184411
4630.	4640.	0.00001252816
4640.	4650.	0.00001182011
4650.	4660.	0.00001228849
4660.	4670.	0.00001025325
4670.	4680.	9.144607e-6
4680.	4690.	9.731992e-6
4690.	4700.	9.608939e-6
4700.	4710.	7.813356e-6
4710.	4720.	7.394446e-6
4720.	4730.	7.370315e-6
4730.	4740.	6.581878e-6
4740.	4750.	6.494852e-6
4750.	4760.	6.241986e-6
4760.	4770.	5.490034e-6
4770.	4780.	5.323488e-6
4780.	4790.	4.468422e-6
4790.	4800.	5.030802e-6
4800.	4810.	4.101599e-6
4810.	4820.	3.827563e-6
4820.	4830.	3.780169e-6
4830.	4840.	3.57864e-6
4840.	4850.	3.016447e-6
4850.	4860.	2.709026e-6
4860.	4870.	2.589192e-6
4870.	4880.	2.467043e-6
4880.	4890.	2.149091e-6
4890.	4900.	1.749009e-6
4900.	4910.	1.869036e-6
4910.	4920.	1.426762e-6
4920.	4930.	1.27237e-6
4930.	4940.	9.286851e-7
4940.	4950.	8.626888e-7
4950.	4960.	5.599842e-7
4960.	4970.	4.737168e-7
4970.	4980.	2.340988e-7
4980.	4990.	1.284662e-7
4990.	5000.	0.
5000.	5010.	0.
5010.	5020.	0.
5020.	5030.	0.
5030.	5040.	0.
5040.	5050.	0.
5050.	5060.	0.
5060.	5070.	0.
5070.	5080.	0.
5080.	5090.	0.
5090.	5100.	0.
5100.	5110.	0.
5110.	5120.	0.
5120.	5130.	0.
5130.	5140.	0.
5140.	5150.	0.
5150.	5160.	0.
5160.	5170.	0.
5170.	5180.	0.
5180.	5190.	0.
5190.	5200.	0.
5200.	5210.	0.
5210.	5220.	0.
5220.	5230.	0.
5230.	5240.	0.
5240.	5250.	0.
5250.	5260.	0.
5260.	5270.	0.
5270.	5280.	0.
5280.	5290.	0.
5290.	5300.	0.
5300.	5310.	0.
5310.	5320.	0.
5320.	5330.	0.
5330.	5340.	0.
5340.	5350.	0.
5350.	5360.	0.
5360.	5370.	0.
5370.	5380.	0.
5380.	5390.	0.
5390.	5400.	0.
5400.	5410.	0.
5410.	5420.	0.
5420.	5430.	0.
5430.	5440.	0.
5440.	5450.	0.
5450.	5460.	0.
5460.	5470.	0.
5470.	5480.	0.
5480.	5490.	0.
5490.	5500.	0.
5500.	5510.	0.
5510.	5520.	0.
5520.	5530.	0.
5530.	5540.	0.
5540.	5550.	0.
5550.	5560.	0.
5560.	5570.	0.
5570.	5580.	0.
5580.	5590.	0.
5590.	5600.	0.
5600.	5610.	0.
5610.	5620.	0.
5620.	5630.	0.
5630.	5640.	0.
5640.	5650.	0.
5650.	5660.	0.
5660.	5670.	0.
5670.	5680.	0.
5680.	5690.	0.
5690.	5700.	0.
5700.	5710.	0.
5710.	5720.	0.
5720.	5730.	0.
5730.	5740.	0.
5740.	5750.	0.
5750.	5760.	0.
5760.	5770.	0.
5770.	5780.	0.
5780.	5790.	0.
5790.	5800.	0.
5800.	5810.	0.
5810.	5820.	0.
5820.	5830.	0.
5830.	5840.	0.
5840.	5850.	0.
5850.	5860.	0.
5860.	5870.	0.
5870.	5880.	0.
5880.	5890.	0.
5890.	5900.	0.
5900.	5910.	0.
5910.	5920.	0.
5920.	5930.	0.
5930.	5940.	0.
5940.	5950.	0.
5950.	5960.	0.
5960.	5970.	0.
5970.	5980.	0.
5980.	5990.	0.
5990.	6000.	0.
6000.	6010.	0.
6010.	6020.	0.
6020.	6030.	0.
6030.	6040.	0.
6040.	6050.	0.
6050.	6060.	0.
6060.	6070.	0.
6070.	6080.	0.
6080.	6090.	0.
6090.	6100.	0.
6100.	6110.	0.
6110.	6120.	0.
6120.	6130.	0.
6130.	6140.	0.
6140.	6150.	0.
6150.	6160.	0.
6160.	6170.	0.
6170.	6180.	0.
6180.	6190.	0.
6190.	6200.	0.
6200.	6210.	0.
6210.	6220.	0.
6220.	6230.	0.
6230.	6240.	0.
6240.	6250.	0.
6250.	6260.	0.
6260.	6270.	0.
6270.	6280.	0.
6280.	6290.	0.
6290.	6300.	0.
6300.	6310.	0.
6310.	6320.	0.
6320.	6330.	0.
6330.	6340.	0.
6340.	6350.	0.
6350.	6360.	0.
6360.	6370.	0.
6370.	6380.	0.
6380.	6390.	0.
6390.	6400.	0.
6400.	6410.	0.
6410.	6420.	0.
6420.	6430.	0.
6430.	6440.	0.
6440.	6450.	0.
6450.	6460.	0.
6460.	6470.	0.
6470.	6480.	0.
6480.	6490.	0.
6490.	6500.	0.
6500.	6510.	0.
6510.	6520.	0.
6520.	6530.	0.
6530.	6540.	0.
6540.	6550.	0.
6550.	6560.	0.
6560.	6570.	0.
6570.	6580.	0.
6580.	6590.	0.
6590.	6600.	0.
6600.	6610.	0.
6610.	6620.	0.
6620.	6630.	0.
6630.	6640.	0.
6640.	6650.	0.
6650.	6660.	0.
6660.	6670.	0.
6670.	6680.	0.
6680.	6690.	0.
6690.	6700.	0.
6700.	6710.	0.
6710.	6720.	0.
6720.	6730.	0.
6730.	6740.	0.
6740.	6750.	0.
6750.	6760.	0.
6760.	6770.	0.
6770.	6780.	0.
6780.	6790.	0.
6790.	6800.	0.
6800.	6810.	0.
6810.	6820.	0.
6820.	6830.	0.
6830.	6840.	0.
6840.	6850.	0.
6850.	6860.	0.
6860.	6870.	0.
6870.	6880.	0.
6880.	6890.	0.
6890.	6900.	0.
6900.	6910.	0.
6910.	6920.	0.
6920.	6930.	0.
6930.	6940.	0.
6940.	6950.	0.
6950.	6960.	0.
6960.	6970.	0.
6970.	6980.	0.
6980.	6990.	0.
6990.	7000.	0.
7000.	7010.	0.
7010.	7020.	0.
7020.	7030.	0.
7030.	7040.	0.
7040.	7050.	0.
7050.	7060.	0.
7060.	7070.	0.
7070.	7080.	0.
7080.	7090.	0.
7090.	7100.	0.
7100.	7110.	0.
7110.	7120.	0.
7120.	7130.	0.
7130.	7140.	0.
7140.	7150.	0.
7150.	7160.	0.
7160.	7170.	0.
7170.	7180.	0.
7180.	7190.	0.
7190.	7200.	0.
7200.	7210.	0.
7210.	7220.	0.
7220.	7230.	0.
7230.	7240.	0.
7240.	7250.	0.
7250.	7260.	0.
7260.	7270.	0.
7270.	7280.	0.
7280.	7290.	0.
7290.	7300.	0.
7300.	7310.	0.
7310.	7320.	0.
7320.	7330.	0.
7330.	7340.	0.
7340.	7350.	0.
7350.	7360.	0.
7360.	7370.	0.
7370.	7380.	0.
7380.	7390.	0.
7390.	7400.	0.
7400.	7410.	0.
7410.	7420.	0.
7420.	7430.	0.
7430.	7440.	0.
7440.	7450.	0.
7450.	7460.	0.
7460.	7470.	0.
7470.	7480.	0.
7480.	7490.	0.
7490.	7500.	0.
7500.	7510.	0.
7510.	7520.	0.
7520.	7530.	0.
7530.	7540.	0.
7540.	7550.	0.
7550.	7560.	0.
7560.	7570.	0.
7570.	7580.	0.
7580.	7590.	0.
7590.	7600.	0.
7600.	7610.	0.
7610.	7620.	0.
7620.	7630.	0.
7630.	7640.	0.
7640.	7650.	0.
7650.	7660.	0.
7660.	7670.	0.
7670.	7680.	0.
7680.	7690.	0.
7690.	7700.	0.
7700.	7710.	0.
7710.	7720.	0.
7720.	7730.	0.
7730.	7740.	0.
7740.	7750.	0.
7750.	7760.	0.
7760.	7770.	0.
7770.	7780.	0.
7780.	7790.	0.
7790.	7800.	0.
7800.	7810.	0.
7810.	7820.	0.
7820.	7830.	0.
7830.	7840.	0.
7840.	7850.	0.
7850.	7860.	0.
7860.	7870.	0.
7870.	7880.	0.
7880.	7890.	0.
7890.	7900.	0.
7900.	7910.	0.
7910.	7920.	0.
7920.	7930.	0.
7930.	7940.	0.
7940.	7950.	0.
7950.	7960.	0.
7960.	7970.	0.
7970.	7980.	0.
7980.	7990.	0.
7990.	8000.	0.
8000.	8010.	0.
8010.	8020.	0.
8020.	8030.	0.
8030.	8040.	0.
8040.	8050.	0.
8050.	8060.	0.
8060.	8070.	0.
8070.	8080.	0.
8080.	8090.	0.
8090.	8100.	0.
8100.	8110.	0.
8110.	8120.	0.
8120.	8130.	0.
8130.	8140.	0.
8140.	8150.	0.
8150.	8160.	0.
8160.	8170.	0.
8170.	8180.	0.
8180.	8190.	0.
8190.	8200.	0.
8200.	8210.	0.
8210.	8220.	0.
8220.	8230.	0.
8230.	8240.	0.
8240.	8250.	0.
8250.	8260.	0.
8260.	8270.	0.
8270.	8280.	0.
8280.	8290.	0.
8290.	8300.	0.
8300.	8310.	0.
8310.	8320.	0.
8320.	8330.	0.
8330.	8340.	0.
8340.	8350.	0.
8350.	8360.	0.
8360.	8370.	0.
8370.	8380.	0.
8380.	8390.	0.
8390.	8400.	0.
8400.	8410.	0.
8410.	8420.	0.
8420.	8430.	0.
8430.	8440.	0.
8440.	8450.	0.
8450.	8460.	0.
8460.	8470.	0.
8470.	8480.	0.
8480.	8490.	0.
8490.	8500.	0.
8500.	8510.	0.
8510.	8520.	0.
8520.	8530.	0.
8530.	8540.	0.
8540.	8550.	0.
8550.	8560.	0.
8560.	8570.	0.
8570.	8580.	0.
8580.	8590.	0.
8590.	8600.	0.
8600.	8610.	0.
8610.	8620.	0.
8620.	8630.	0.
8630.	8640.	0.
8640.	8650.	0.
8650.	8660.	0.
8660.	8670.	0.
8670.	8680.	0.
8680.	8690.	0.
8690.	8700.	0.
8700.	8710.	0.
8710.	8720.	0.
8720.	8730.	0.
8730.	8740.	0.
8740.	8750.	0.
8750.	8760.	0.
8760.	8770.	0.
8770.	8780.	0.
8780.	8790.	0.
8790.	8800.	0.
8800.	8810.	0.
8810.	8820.	0.
8820.	8830.	0.
8830.	8840.	0.
8840.	8850.	0.
8850.	8860.	0.
8860.	8870.	0.
8870.	8880.	0.
8880.	8890.	0.
8890.	8900.	0.
8900.	8910.	0.
8910.	8920.	0.
8920.	8930.	0.
8930.	8940.	0.
8940.	8950.	0.
8950.	8960.	0.
8960.	8970.	0.
8970.	8980.	0.
8980.	8990.	0.
8990.	9000.	0.
9000.	9010.	0.
9010.	9020.	0.
9020.	9030.	0.
9030.	9040.	0.
9040.	9050.	0.
9050.	9060.	0.
9060.	9070.	0.
9070.	9080.	0.
9080.	9090.	0.
9090.	9100.	0.
9100.	9110.	0.
9110.	9120.	0.
9120.	9130.	0.
9130.	9140.	0.
9140.	9150.	0.
9150.	9160.	0.
9160.	9170.	0.
9170.	9180.	0.
9180.	9190.	0.
9190.	9200.	0.
9200.	9210.	0.
9210.	9220.	0.
9220.	9230.	0.
9230.	9240.	0.
9240.	9250.	0.
9250.	9260.	0.
9260.	9270.	0.
9270.	9280.	0.
9280.	9290.	0.
9290.	9300.	0.
9300.	9310.	0.
9310.	9320.	0.
9320.	9330.	0.
9330.	9340.	0.
9340.	9350.	0.
9350.	9360.	0.
9360.	9370.	0.
9370.	9380.	0.
9380.	9390.	0.
9390.	9400.	0.
9400.	9410.	0.
9410.	9420.	0.
9420.	9430.	0.
9430.	9440.	0.
9440.	9450.	0.
9450.	9460.	0.
9460.	9470.	0.
9470.	9480.	0.
9480.	9490.	0.
9490.	9500.	0.
9500.	9510.	0.
9510.	9520.	0.
9520.	9530.	0.
9530.	9540.	0.
9540.	9550.	0.
9550.	9560.	0.
9560.	9570.	0.
9570.	9580.	0.
9580.	9590.	0.
9590.	9600.	0.
9600.	9610.	0.
9610.	9620.	0.
9620.	9630.	0.
9630.	9640.	0.
9640.	9650.	0.
9650.	9660.	0.
9660.	9670.	0.
9670.	9680.	0.
9680.	9690.	0.
9690.	9700.	0.
9700.	9710.	0.
9710.	9720.	0.
9720.	9730.	0.
9730.	9740.	0.
9740.	9750.	0.
9750.	9760.	0.
9760.	9770.	0.
9770.	9780.	0.
9780.	9790.	0.
9790.	9800.	0.
9800.	9810.	0.
9810.	9820.	0.
9820.	9830.	0.
9830.	9840.	0.
9840.	9850.	0.
9850.	9860.	0.
9860.	9870.	0.
9870.	9880.	0.
9880.	9890.	0.
9890.	9900.	0.
9900.	9910.	0.
9910.	9920.	0.
9920.	9930.	0.
9930.	9940.	0.
9940.	9950.	0.
9950.	9960.	0.
9960.	9970.	0.
9970.	9980.	0.
9980.	9990.	0.
9990.	10000.	0.
10000.	10010.	0.