-10.	0.	0.
0.	10.	0.
10.	20.	0.
20.	30.	0.
30.	40.	0.
40.	50.	0.
50.	60.	0.
60.	70.	0.
70.	80.	0.
80.	90.	0.
90.	100.	0.
100.	110.	0.
110.	120.	0.
120.	130.	0.
130.	140.	0.
140.	150.	0.
150.	160.	6.51175
160.	170.	6.508857
170.	180.	6.404486
180.	190.	6.201046
190.	200.	5.865275
200.	210.	5.46394
210.	220.	5.155888
220.	230.	4.880136
230.	240.	4.500254
240.	250.	4.261381
250.	260.	3.985629
260.	270.	3.709395
270.	280.	3.462327
280.	290.	3.264432
290.	300.	3.057618
300.	310.	2.841162
310.	320.	2.682074
320.	330.	2.492856
330.	340.	2.383182
340.	350.	2.254707
350.	360.	2.114902
360.	370.	1.937737
370.	380.	1.844453
380.	390.	1.713327
390.	400.	1.650656
400.	410.	1.493737
410.	420.	1.45975
420.	430.	1.382858
430.	440.	1.304037
440.	450.	1.196774
450.	460.	1.174839
460.	470.	1.108552
470.	480.	1.018643
480.	490.	0.9492234
490.	500.	0.9140313
500.	510.	0.872572
510.	520.	0.8296666
520.	530.	0.7913409
530.	540.	0.7387937
540.	550.	0.7366243
550.	560.	0.6816668
560.	570.	0.6645528
570.	580.	0.6040512
580.	590.	0.5857321
590.	600.	0.5582533
600.	610.	0.5151068
610.	620.	0.5153478
620.	630.	0.4770221
630.	640.	0.4837713
640.	650.	0.4341166
650.	660.	0.4119408
660.	670.	0.3687943
670.	680.	0.3878366
680.	690.	0.3589115
690.	700.	0.3415565
700.	710.	0.3278171
710.	720.	0.3256477
720.	730.	0.3090158
730.	740.	0.2914198
740.	750.	0.2914198
750.	760.	0.2550224
760.	770.	0.2485143
770.	780.	0.2485143
780.	790.	0.2393547
790.	800.	0.2227228
800.	810.	0.2082603
810.	820.	0.2130811
820.	830.	0.2058499
830.	840.	0.2005469
840.	850.	0.1860844
850.	860.	0.1648727
860.	870.	0.1631854
870.	880.	0.166319
880.	890.	0.1564363
890.	900.	0.1441431
900.	910.	0.1419737
910.	920.	0.1361887
920.	930.	0.1272702
930.	940.	0.1236545
940.	950.	0.1142539
950.	960.	0.120521
960.	970.	0.1075047
970.	980.	0.1009966
980.	990.	0.1171464
990.	1000.	0.0964168
1000.	1010.	0.09656621
1010.	1020.	0.09068376
1020.	1030.	0.09550819
1030.	1040.	0.08284223
1040.	1050.	0.08743616
1050.	1060.	0.0822289
1060.	1070.	0.07863592
1070.	1080.	0.0723869
1080.	1090.	0.07339996
1090.	1100.	0.07880707
1100.	1110.	0.06831255
1110.	1120.	0.07272956
1120.	1130.	0.06224076
1130.	1140.	0.06274086
1140.	1150.	0.06159675
1150.	1160.	0.05535081
1160.	1170.	0.057013
1170.	1180.	0.056353
1180.	1190.	0.05344334
1190.	1200.	0.05274929
1200.	1210.	0.04915686
1210.	1220.	0.04555246
1220.	1230.	0.04550299
1230.	1240.	0.04668852
1240.	1250.	0.04692669
1250.	1260.	0.04457605
1260.	1270.	0.04009487
1270.	1280.	0.04078372
1280.	1290.	0.0401953
1290.	1300.	0.03810068
1300.	1310.	0.03594636
1310.	1320.	0.03468216
1320.	1330.	0.03510298
1330.	1340.	0.03435967
1340.	1350.	0.03039198
1350.	1360.	0.02985732
1360.	1370.	0.03045376
1370.	1380.	0.02898576
1380.	1390.	0.02957943
1390.	1400.	0.03035601
1400.	1410.	0.02827205
1410.	1420.	0.02624586
1420.	1430.	0.02595378
1430.	1440.	0.0256837
1440.	1450.	0.02431915
1450.	1460.	0.02413578
1460.	1470.	0.02367187
1470.	1480.	0.02244837
1480.	1490.	0.02243225
1490.	1500.	0.02085723
1500.	1510.	0.02056925
1510.	1520.	0.02003127
1520.	1530.	0.02084486
1530.	1540.	0.01884716
1540.	1550.	0.01821865
1550.	1560.	0.01904703
1560.	1570.	0.01669626
1570.	1580.	0.01642217
1580.	1590.	0.01622295
1590.	1600.	0.01578717
1600.	1610.	0.01584682
1610.	1620.	0.01476119
1620.	1630.	0.01395862
1630.	1640.	0.01395045
1640.	1650.	0.01445038
1650.	1660.	0.01403921
1660.	1670.	0.01313551
1670.	1680.	0.01338794
1680.	1690.	0.0126919
1690.	1700.	0.01239225
1700.	1710.	0.01180432
1710.	1720.	0.01157331
1720.	1730.	0.01144056
1730.	1740.	0.01092176
1740.	1750.	0.01041353
1750.	1760.	0.01071085
1760.	1770.	0.0100531
1770.	1780.	0.00999273
1780.	1790.	0.01039398
1790.	1800.	0.009310554
1800.	1810.	0.009554205
1810.	1820.	0.009093667
1820.	1830.	0.00859826
1830.	1840.	0.008744387
1840.	1850.	0.008402909
1850.	1860.	0.008564782
1860.	1870.	0.008355839
1870.	1880.	0.007783097
1880.	1890.	0.007846238
1890.	1900.	0.007474005
1900.	1910.	0.007447127
1910.	1920.	0.007092691
1920.	1930.	0.006710926
1930.	1940.	0.006873109
1940.	1950.	0.006520365
1950.	1960.	0.00654089
1960.	1970.	0.006341032
1970.	1980.	0.005951555
1980.	1990.	0.00624986
1990.	2000.	0.006109493
2000.	2010.	0.005521138
2010.	2020.	0.005679039
2020.	2030.	0.005747288
2030.	2040.	0.005669092
2040.	2050.	0.005120978
2050.	2060.	0.005081386
2060.	2070.	0.005002755
2070.	2080.	0.004799259
2080.	2090.	0.004858022
2090.	2100.	0.004651951
2100.	2110.	0.004708022
2110.	2120.	0.004418767
2120.	2130.	0.004479665
2130.	2140.	0.004214987
2140.	2150.	0.00420112
2150.	2160.	0.004063255
2160.	2170.	0.004019902
2170.	2180.	0.004016678
2180.	2190.	0.003827338
2190.	2200.	0.003586264
2200.	2210.	0.003562866
2210.	2220.	0.003606534
2220.	2230.	0.003503174
2230.	2240.	0.003456872
2240.	2250.	0.003273839
2250.	2260.	0.00325464
2260.	2270.	0.003261694
2270.	2280.	0.003209298
2280.	2290.	0.002980217
2290.	2300.	0.003083316
2300.	2310.	0.002943395
2310.	2320.	0.002850277
2320.	2330.	0.002824423
2330.	2340.	0.002729951
2340.	2350.	0.00270178
2350.	2360.	0.002648468
2360.	2370.	0.002486498
2370.	2380.	0.002636006
2380.	2390.	0.002431535
2390.	2400.	0.002399877
2400.	2410.	0.002334941
2410.	2420.	0.002247067
2420.	2430.	0.002229674
2430.	2440.	0.002173747
2440.	2450.	0.002065496
2450.	2460.	0.002144914
2460.	2470.	0.002078141
2470.	2480.	0.002019437
2480.	2490.	0.001955772
2490.	2500.	0.00194595
2500.	2510.	0.001910282
2510.	2520.	0.0018574
2520.	2530.	0.001828088
2530.	2540.	0.0016733
2540.	2550.	0.001731383
2550.	2560.	0.001749662
2560.	2570.	0.001616615
2570.	2580.	0.001613067
2580.	2590.	0.001554435
2590.	2600.	0.001516073
2600.	2610.	0.00147872
2610.	2620.	0.001447217
2620.	2630.	0.001452346
2630.	2640.	0.001413092
2640.	2650.	0.001399517
2650.	2660.	0.001411263
2660.	2670.	0.001319566
2670.	2680.	0.001263119
2680.	2690.	0.001228842
2690.	2700.	0.001260823
2700.	2710.	0.001258357
2710.	2720.	0.001187346
2720.	2730.	0.001155705
2730.	2740.	0.001142144
2740.	2750.	0.001098187
2750.	2760.	0.001030675
2760.	2770.	0.001071869
2770.	2780.	0.001052564
2780.	2790.	0.001025507
2790.	2800.	0.0009886114
2800.	2810.	0.0009599701
2810.	2820.	0.0009393933
2820.	2830.	0.0009404453
2830.	2840.	0.0009320473
2840.	2850.	0.0008981681
2850.	2860.	0.0008928324
2860.	2870.	0.0008342932
2870.	2880.	0.0008651149
2880.	2890.	0.0007943318
2890.	2900.	0.0007935957
2900.	2910.	0.0007795349
2910.	2920.	0.0007822318
2920.	2930.	0.0007620396
2930.	2940.	0.0007357183
2940.	2950.	0.0007241284
2950.	2960.	0.0007041356
2960.	2970.	0.0006770434
2970.	2980.	0.0006623462
2980.	2990.	0.0006780006
2990.	3000.	0.0006360887
3000.	3010.	0.0006143734
3010.	3020.	0.0006340348
3020.	3030.	0.0006222648
3030.	3040.	0.000612225
3040.	3050.	0.0006066313
3050.	3060.	0.0005744709
3060.	3070.	0.0005384545
3070.	3080.	0.0005101456
3080.	3090.	0.0005520185
3090.	3100.	0.0005053761
3100.	3110.	0.0005162185
3110.	3120.	0.0004868492
3120.	3130.	0.0004731157
3130.	3140.	0.0004691825
3140.	3150.	0.0004874027
3150.	3160.	0.000456757
3160.	3170.	0.0004407468
3170.	3180.	0.0004381651
3180.	3190.	0.0004250945
3190.	3200.	0.0004055858
3200.	3210.	0.0004087679
3210.	3220.	0.000408816
3220.	3230.	0.0003864489
3230.	3240.	0.0003831676
3240.	3250.	0.0003592204
3250.	3260.	0.0003493744
3260.	3270.	0.0003535178
3270.	3280.	0.0003436804
3280.	3290.	0.0003407961
3290.	3300.	0.0003467871
3300.	3310.	0.0003242059
3310.	3320.	0.0003232741
3320.	3330.	0.0003071749
3330.	3340.	0.0003023854
3340.	3350.	0.0002842531
3350.	3360.	0.0003010291
3360.	3370.	0.0002779338
3370.	3380.	0.0002803212
3380.	3390.	0.0002741409
3390.	3400.	0.0002682382
3400.	3410.	0.0002611178
3410.	3420.	0.000258669
3420.	3430.	0.0002487851
3430.	3440.	0.0002460651
3440.	3450.	0.0002421562
3450.	3460.	0.0002342604
3460.	3470.	0.0002238585
3470.	3480.	0.0002183512
3480.	3490.	0.0002212088
3490.	3500.	0.0002099057
3500.	3510.	0.0002071054
3510.	3520.	0.000204591
3520.	3530.	0.000198861
3530.	3540.	0.0001909927
3540.	3550.	0.0001853552
3550.	3560.	0.0001858244
3560.	3570.	0.0001814623
3570.	3580.	0.0001776693
3580.	3590.	0.0001741679
3590.	3600.	0.0001737971
3600.	3610.	0.0001575996
3610.	3620.	0.0001557563
3620.	3630.	0.0001548141
3630.	3640.	0.0001465893
3640.	3650.	0.00014925
3650.	3660.	0.0001441814
3660.	3670.	0.0001423022
3670.	3680.	0.0001329865
3680.	3690.	0.0001353466
3690.	3700.	0.0001280664
3700.	3710.	0.0001338222
3710.	3720.	0.0001308379
3720.	3730.	0.0001216266
3730.	3740.	0.0001191253
3740.	3750.	0.0001142872
3750.	3760.	0.0001153772
3760.	3770.	0.000109508
3770.	3780.	0.0001059344
3780.	3790.	0.0001020084
3790.	3800.	0.0001040015
3800.	3810.	0.0000980133
3810.	3820.	0.00009499108
3820.	3830.	0.00009473761
3830.	3840.	0.00009318208
3840.	3850.	0.00009108361
3850.	3860.	0.00008587727
3860.	3870.	0.00008532119
3870.	3880.	0.00008124646
3880.	3890.	0.00007920452
3890.	3900.	0.00008105159
3900.	3910.	0.00007736795
3910.	3920.	0.00007464186
3920.	3930.	0.00007501466
3930.	3940.	0.00007370372
3940.	3950.	0.00007215837
3950.	3960.	0.00006752188
3960.	3970.	0.00006650265
3970.	3980.	0.00006551678
3980.	3990.	0.0000635047
3990.	4000.	0.00006163845
4000.	4010.	0.00005958061
4010.	4020.	0.0000592703
4020.	4030.	0.00005571348
4030.	4040.	0.00005278324
4040.	4050.	0.00005106702
4050.	4060.	0.00004933888
4060.	4070.	0.00005160764
4070.	4080.	0.00004933558
4080.	4090.	0.00004715102
4090.	4100.	0.00004539243
4100.	4110.	0.00004392068
4110.	4120.	0.00004478074
4120.	4130.	0.0000432084
4130.	4140.	0.0000414243
4140.	4150.	0.00003879772
4150.	4160.	0.00003733003
4160.	4170.	0.00003487001
4170.	4180.	0.00003859321
4180.	4190.	0.00003463703
4190.	4200.	0.00003375489
4200.	4210.	0.00003418707
4210.	4220.	0.00003171484
4220.	4230.	0.00003084761
4230.	4240.	0.00002983064
4240.	4250.	0.00002784954
4250.	4260.	0.00002644336
4260.	4270.	0.0000274254
4270.	4280.	0.0000247173
4280.	4290.	0.00002585839
4290.	4300.	0.00002507345
4300.	4310.	0.00002420276
4310.	4320.	0.00002456944
4320.	4330.	0.00002324309
4330.	4340.	0.00002063476
4340.	4350.	0.00002095478
4350.	4360.	0.00002155727
4360.	4370.	0.00001881558
4370.	4380.	0.00001952524
4380.	4390.	0.0000182077
4390.	4400.	0.0000168567
4400.	4410.	0.00001686464
4410.	4420.	0.00001591637
4420.	4430.	0.00001576492
4430.	4440.	0.00001567829
4440.	4450.	0.00001462523
4450.	4460.	0.00001396525
4460.	4470.	0.00001445106
4470.	4480.	0.00001260935
4480.	4490.	0.00001285467
4490.	4500.	0.00001186551
4500.	4510.	0.00001187895
4510.	4520.	0.00001141136
4520.	4530.	0.00001047608
4530.	4540.	0.00001083351
4540.	4550.	9.435823e-6
4550.	4560.	9.392821e-6
4560.	4570.	9.001674e-6
4570.	4580.	9.331166e-6
4580.	4590.	9.032126e-6
4590.	4600.	8.710539e-6
4600.	4610.	7.075884e-6
4610.	4620.	6.862089e-6
4620.	4630.	7.043399e-6
4630.	4640.	7.077733e-6
4640.	4650.	7.202928e-6
4650.	4660.	6.233029e-6
4660.	4670.	5.775256e-6
4670.	4680.	5.080561e-6
4680.	4690.	5.082598e-6
4690.	4700.	4.952179e-6
4700.	4710.	4.599917e-6
4710.	4720.	4.894227e-6
4720.	4730.	4.48462e-6
4730.	4740.	4.448908e-6
4740.	4750.	4.288602e-6
4750.	4760.	3.650002e-6
4760.	4770.	3.048591e-6
4770.	4780.	2.744221e-6
4780.	4790.	3.012258e-6
4790.	4800.	2.895939e-6
4800.	4810.	2.917807e-6
4810.	4820.	2.571072e-6
4820.	4830.	2.655605e-6
4830.	4840.	1.980743e-6
4840.	4850.	1.694947e-6
4850.	4860.	1.785595e-6
4860.	4870.	1.273256e-6
4870.	4880.	1.705466e-6
4880.	4890.	1.330305e-6
4890.	4900.	9.294369e-7
4900.	4910.	9.858326e-7
4910.	4920.	7.18139e-7
4920.	4930.	5.401852e-7
4930.	4940.	7.178447e-7
4940.	4950.	4.450797e-7
4950.	4960.	3.585737e-7
4960.	4970.	2.576277e-7
4970.	4980.	7.940509e-8
4980.	4990.	4.715307e-8
4990.	5000.	0.
5000.	5010.	0.
5010.	5020.	0.
5020.	5030.	0.
5030.	5040.	0.
5040.	5050.	0.
5050.	5060.	0.
5060.	5070.	0.
5070.	5080.	0.
5080.	5090.	0.
5090.	5100.	0.
5100.	5110.	0.
5110.	5120.	0.
5120.	5130.	0.
5130.	5140.	0.
5140.	5150.	0.
5150.	5160.	0.
5160.	5170.	0.
5170.	5180.	0.
5180.	5190.	0.
5190.	5200.	0.
5200.	5210.	0.
5210.	5220.	0.
5220.	5230.	0.
5230.	5240.	0.
5240.	5250.	0.
5250.	5260.	0.
5260.	5270.	0.
5270.	5280.	0.
5280.	5290.	0.
5290.	5300.	0.
5300.	5310.	0.
5310.	5320.	0.
5320.	5330.	0.
5330.	5340.	0.
5340.	5350.	0.
5350.	5360.	0.
5360.	5370.	0.
5370.	5380.	0.
5380.	5390.	0.
5390.	5400.	0.
5400.	5410.	0.
5410.	5420.	0.
5420.	5430.	0.
5430.	5440.	0.
5440.	5450.	0.
5450.	5460.	0.
5460.	5470.	0.
5470.	5480.	0.
5480.	5490.	0.
5490.	5500.	0.
5500.	5510.	0.
5510.	5520.	0.
5520.	5530.	0.
5530.	5540.	0.
5540.	5550.	0.
5550.	5560.	0.
5560.	5570.	0.
5570.	5580.	0.
5580.	5590.	0.
5590.	5600.	0.
5600.	5610.	0.
5610.	5620.	0.
5620.	5630.	0.
5630.	5640.	0.
5640.	5650.	0.
5650.	5660.	0.
5660.	5670.	0.
5670.	5680.	0.
5680.	5690.	0.
5690.	5700.	0.
5700.	5710.	0.
5710.	5720.	0.
5720.	5730.	0.
5730.	5740.	0.
5740.	5750.	0.
5750.	5760.	0.
5760.	5770.	0.
5770.	5780.	0.
5780.	5790.	0.
5790.	5800.	0.
5800.	5810.	0.
5810.	5820.	0.
5820.	5830.	0.
5830.	5840.	0.
5840.	5850.	0.
5850.	5860.	0.
5860.	5870.	0.
5870.	5880.	0.
5880.	5890.	0.
5890.	5900.	0.
5900.	5910.	0.
5910.	5920.	0.
5920.	5930.	0.
5930.	5940.	0.
5940.	5950.	0.
5950.	5960.	0.
5960.	5970.	0.
5970.	5980.	0.
5980.	5990.	0.
5990.	6000.	0.
6000.	6010.	0.
6010.	6020.	0.
6020.	6030.	0.
6030.	6040.	0.
6040.	6050.	0.
6050.	6060.	0.
6060.	6070.	0.
6070.	6080.	0.
6080.	6090.	0.
6090.	6100.	0.
6100.	6110.	0.
6110.	6120.	0.
6120.	6130.	0.
6130.	6140.	0.
6140.	6150.	0.
6150.	6160.	0.
6160.	6170.	0.
6170.	6180.	0.
6180.	6190.	0.
6190.	6200.	0.
6200.	6210.	0.
6210.	6220.	0.
6220.	6230.	0.
6230.	6240.	0.
6240.	6250.	0.
6250.	6260.	0.
6260.	6270.	0.
6270.	6280.	0.
6280.	6290.	0.
6290.	6300.	0.
6300.	6310.	0.
6310.	6320.	0.
6320.	6330.	0.
6330.	6340.	0.
6340.	6350.	0.
6350.	6360.	0.
6360.	6370.	0.
6370.	6380.	0.
6380.	6390.	0.
6390.	6400.	0.
6400.	6410.	0.
6410.	6420.	0.
6420.	6430.	0.
6430.	6440.	0.
6440.	6450.	0.
6450.	6460.	0.
6460.	6470.	0.
6470.	6480.	0.
6480.	6490.	0.
6490.	6500.	0.
6500.	6510.	0.
6510.	6520.	0.
6520.	6530.	0.
6530.	6540.	0.
6540.	6550.	0.
6550.	6560.	0.
6560.	6570.	0.
6570.	6580.	0.
6580.	6590.	0.
6590.	6600.	0.
6600.	6610.	0.
6610.	6620.	0.
6620.	6630.	0.
6630.	6640.	0.
6640.	6650.	0.
6650.	6660.	0.
6660.	6670.	0.
6670.	6680.	0.
6680.	6690.	0.
6690.	6700.	0.
6700.	6710.	0.
6710.	6720.	0.
6720.	6730.	0.
6730.	6740.	0.
6740.	6750.	0.
6750.	6760.	0.
6760.	6770.	0.
6770.	6780.	0.
6780.	6790.	0.
6790.	6800.	0.
6800.	6810.	0.
6810.	6820.	0.
6820.	6830.	0.
6830.	6840.	0.
6840.	6850.	0.
6850.	6860.	0.
6860.	6870.	0.
6870.	6880.	0.
6880.	6890.	0.
6890.	6900.	0.
6900.	6910.	0.
6910.	6920.	0.
6920.	6930.	0.
6930.	6940.	0.
6940.	6950.	0.
6950.	6960.	0.
6960.	6970.	0.
6970.	6980.	0.
6980.	6990.	0.
6990.	7000.	0.
7000.	7010.	0.
7010.	7020.	0.
7020.	7030.	0.
7030.	7040.	0.
7040.	7050.	0.
7050.	7060.	0.
7060.	7070.	0.
7070.	7080.	0.
7080.	7090.	0.
7090.	7100.	0.
7100.	7110.	0.
7110.	7120.	0.
7120.	7130.	0.
7130.	7140.	0.
7140.	7150.	0.
7150.	7160.	0.
7160.	7170.	0.
7170.	7180.	0.
7180.	7190.	0.
7190.	7200.	0.
7200.	7210.	0.
7210.	7220.	0.
7220.	7230.	0.
7230.	7240.	0.
7240.	7250.	0.
7250.	7260.	0.
7260.	7270.	0.
7270.	7280.	0.
7280.	7290.	0.
7290.	7300.	0.
7300.	7310.	0.
7310.	7320.	0.
7320.	7330.	0.
7330.	7340.	0.
7340.	7350.	0.
7350.	7360.	0.
7360.	7370.	0.
7370.	7380.	0.
7380.	7390.	0.
7390.	7400.	0.
7400.	7410.	0.
7410.	7420.	0.
7420.	7430.	0.
7430.	7440.	0.
7440.	7450.	0.
7450.	7460.	0.
7460.	7470.	0.
7470.	7480.	0.
7480.	7490.	0.
7490.	7500.	0.
7500.	7510.	0.
7510.	7520.	0.
7520.	7530.	0.
7530.	7540.	0.
7540.	7550.	0.
7550.	7560.	0.
7560.	7570.	0.
7570.	7580.	0.
7580.	7590.	0.
7590.	7600.	0.
7600.	7610.	0.
7610.	7620.	0.
7620.	7630.	0.
7630.	7640.	0.
7640.	7650.	0.
7650.	7660.	0.
7660.	7670.	0.
7670.	7680.	0.
7680.	7690.	0.
7690.	7700.	0.
7700.	7710.	0.
7710.	7720.	0.
7720.	7730.	0.
7730.	7740.	0.
7740.	7750.	0.
7750.	7760.	0.
7760.	7770.	0.
7770.	7780.	0.
7780.	7790.	0.
7790.	7800.	0.
7800.	7810.	0.
7810.	7820.	0.
7820.	7830.	0.
7830.	7840.	0.
7840.	7850.	0.
7850.	7860.	0.
7860.	7870.	0.
7870.	7880.	0.
7880.	7890.	0.
7890.	7900.	0.
7900.	7910.	0.
7910.	7920.	0.
7920.	7930.	0.
7930.	7940.	0.
7940.	7950.	0.
7950.	7960.	0.
7960.	7970.	0.
7970.	7980.	0.
7980.	7990.	0.
7990.	8000.	0.
8000.	8010.	0.
8010.	8020.	0.
8020.	8030.	0.
8030.	8040.	0.
8040.	8050.	0.
8050.	8060.	0.
8060.	8070.	0.
8070.	8080.	0.
8080.	8090.	0.
8090.	8100.	0.
8100.	8110.	0.
8110.	8120.	0.
8120.	8130.	0.
8130.	8140.	0.
8140.	8150.	0.
8150.	8160.	0.
8160.	8170.	0.
8170.	8180.	0.
8180.	8190.	0.
8190.	8200.	0.
8200.	8210.	0.
8210.	8220.	0.
8220.	8230.	0.
8230.	8240.	0.
8240.	8250.	0.
8250.	8260.	0.
8260.	8270.	0.
8270.	8280.	0.
8280.	8290.	0.
8290.	8300.	0.
8300.	8310.	0.
8310.	8320.	0.
8320.	8330.	0.
8330.	8340.	0.
8340.	8350.	0.
8350.	8360.	0.
8360.	8370.	0.
8370.	8380.	0.
8380.	8390.	0.
8390.	8400.	0.
8400.	8410.	0.
8410.	8420.	0.
8420.	8430.	0.
8430.	8440.	0.
8440.	8450.	0.
8450.	8460.	0.
8460.	8470.	0.
8470.	8480.	0.
8480.	8490.	0.
8490.	8500.	0.
8500.	8510.	0.
8510.	8520.	0.
8520.	8530.	0.
8530.	8540.	0.
8540.	8550.	0.
8550.	8560.	0.
8560.	8570.	0.
8570.	8580.	0.
8580.	8590.	0.
8590.	8600.	0.
8600.	8610.	0.
8610.	8620.	0.
8620.	8630.	0.
8630.	8640.	0.
8640.	8650.	0.
8650.	8660.	0.
8660.	8670.	0.
8670.	8680.	0.
8680.	8690.	0.
8690.	8700.	0.
8700.	8710.	0.
8710.	8720.	0.
8720.	8730.	0.
8730.	8740.	0.
8740.	8750.	0.
8750.	8760.	0.
8760.	8770.	0.
8770.	8780.	0.
8780.	8790.	0.
8790.	8800.	0.
8800.	8810.	0.
8810.	8820.	0.
8820.	8830.	0.
8830.	8840.	0.
8840.	8850.	0.
8850.	8860.	0.
8860.	8870.	0.
8870.	8880.	0.
8880.	8890.	0.
8890.	8900.	0.
8900.	8910.	0.
8910.	8920.	0.
8920.	8930.	0.
8930.	8940.	0.
8940.	8950.	0.
8950.	8960.	0.
8960.	8970.	0.
8970.	8980.	0.
8980.	8990.	0.
8990.	9000.	0.
9000.	9010.	0.
9010.	9020.	0.
9020.	9030.	0.
9030.	9040.	0.
9040.	9050.	0.
9050.	9060.	0.
9060.	9070.	0.
9070.	9080.	0.
9080.	9090.	0.
9090.	9100.	0.
9100.	9110.	0.
9110.	9120.	0.
9120.	9130.	0.
9130.	9140.	0.
9140.	9150.	0.
9150.	9160.	0.
9160.	9170.	0.
9170.	9180.	0.
9180.	9190.	0.
9190.	9200.	0.
9200.	9210.	0.
9210.	9220.	0.
9220.	9230.	0.
9230.	9240.	0.
9240.	9250.	0.
9250.	9260.	0.
9260.	9270.	0.
9270.	9280.	0.
9280.	9290.	0.
9290.	9300.	0.
9300.	9310.	0.
9310.	9320.	0.
9320.	9330.	0.
9330.	9340.	0.
9340.	9350.	0.
9350.	9360.	0.
9360.	9370.	0.
9370.	9380.	0.
9380.	9390.	0.
9390.	9400.	0.
9400.	9410.	0.
9410.	9420.	0.
9420.	9430.	0.
9430.	9440.	0.
9440.	9450.	0.
9450.	9460.	0.
9460.	9470.	0.
9470.	9480.	0.
9480.	9490.	0.
9490.	9500.	0.
9500.	9510.	0.
9510.	9520.	0.
9520.	9530.	0.
9530.	9540.	0.
9540.	9550.	0.
9550.	9560.	0.
9560.	9570.	0.
9570.	9580.	0.
9580.	9590.	0.
9590.	9600.	0.
9600.	9610.	0.
9610.	9620.	0.
9620.	9630.	0.
9630.	9640.	0.
9640.	9650.	0.
9650.	9660.	0.
9660.	9670.	0.
9670.	9680.	0.
9680.	9690.	0.
9690.	9700.	0.
9700.	9710.	0.
9710.	9720.	0.
9720.	9730.	0.
9730.	9740.	0.
9740.	9750.	0.
9750.	9760.	0.
9760.	9770.	0.
9770.	9780.	0.
9780.	9790.	0.
9790.	9800.	0.
9800.	9810.	0.
9810.	9820.	0.
9820.	9830.	0.
9830.	9840.	0.
9840.	9850.	0.
9850.	9860.	0.
9860.	9870.	0.
9870.	9880.	0.
9880.	9890.	0.
9890.	9900.	0.
9900.	9910.	0.
9910.	9920.	0.
9920.	9930.	0.
9930.	9940.	0.
9940.	9950.	0.
9950.	9960.	0.
9960.	9970.	0.
9970.	9980.	0.
9980.	9990.	0.
9990.	10000.	0.
10000.	10010.	0.