-10.	0.	0.
0.	10.	0.
10.	20.	0.
20.	30.	0.
30.	40.	0.
40.	50.	0.
50.	60.	0.
60.	70.	0.
70.	80.	0.
80.	90.	0.
90.	100.	0.
100.	110.	0.
110.	120.	0.
120.	130.	0.
130.	140.	0.
140.	150.	0.
150.	160.	4.749978
160.	170.	4.89693
170.	180.	5.009433
180.	190.	5.066556
190.	200.	5.060451
200.	210.	5.184728
210.	220.	5.050858
220.	230.	5.029927
230.	240.	5.032544
240.	250.	4.792276
250.	260.	4.563782
260.	270.	4.501425
270.	280.	4.429476
280.	290.	4.272931
290.	300.	4.119003
300.	310.	3.876554
310.	320.	3.778005
320.	330.	3.575238
330.	340.	3.480178
340.	350.	3.321453
350.	360.	3.049789
360.	370.	2.966066
370.	380.	2.896296
380.	390.	2.686989
390.	400.	2.661697
400.	410.	2.493379
410.	420.	2.333782
420.	430.	2.313723
430.	440.	2.178109
440.	450.	2.084357
450.	460.	1.973598
460.	470.	1.861967
470.	480.	1.754697
480.	490.	1.768215
490.	500.	1.623443
500.	510.	1.640014
510.	520.	1.513121
520.	530.	1.388408
530.	540.	1.409339
540.	550.	1.326052
550.	560.	1.239712
560.	570.	1.186513
570.	580.	1.109331
580.	590.	1.105843
590.	600.	1.074883
600.	610.	0.9959562
610.	620.	0.9837465
620.	630.	0.9475537
630.	640.	0.8886859
640.	650.	0.866447
650.	660.	0.7931892
660.	670.	0.7587407
670.	680.	0.7792354
680.	690.	0.7107743
690.	700.	0.6955123
700.	710.	0.648418
710.	720.	0.6117892
720.	730.	0.6322839
730.	740.	0.5851896
740.	750.	0.5668752
750.	760.	0.5555377
760.	770.	0.5136762
770.	780.	0.489693
780.	790.	0.4761752
790.	800.	0.4630934
800.	810.	0.4312612
810.	820.	0.4508838
820.	830.	0.4242843
830.	840.	0.3911439
840.	850.	0.376754
850.	860.	0.3789343
860.	870.	0.3654165
870.	880.	0.3527708
880.	890.	0.3610559
890.	900.	0.3553872
900.	910.	0.3078568
910.	920.	0.3004439
920.	930.	0.2917227
930.	940.	0.2760246
940.	950.	0.2699198
950.	960.	0.2738443
960.	970.	0.2511693
970.	980.	0.2245698
980.	990.	0.2359073
990.	1000.	0.2324188
1000.	1010.	0.1952208
1010.	1020.	0.2067779
1020.	1030.	0.1984441
1030.	1040.	0.2024735
1040.	1050.	0.1929148
1050.	1060.	0.1835178
1060.	1070.	0.1712076
1070.	1080.	0.1782092
1080.	1090.	0.1759886
1090.	1100.	0.1528775
1100.	1110.	0.1537815
1110.	1120.	0.1508447
1120.	1130.	0.1379083
1130.	1140.	0.1471218
1140.	1150.	0.1427534
1150.	1160.	0.1319734
1160.	1170.	0.1366278
1170.	1180.	0.1363464
1180.	1190.	0.1239676
1190.	1200.	0.1134976
1200.	1210.	0.1140384
1210.	1220.	0.1121998
1220.	1230.	0.108249
1230.	1240.	0.1060307
1240.	1250.	0.1032104
1250.	1260.	0.09748627
1260.	1270.	0.09465138
1270.	1280.	0.09399926
1280.	1290.	0.08674969
1290.	1300.	0.08785596
1300.	1310.	0.08512519
1310.	1320.	0.08572817
1320.	1330.	0.08369772
1330.	1340.	0.08097735
1340.	1350.	0.07955552
1350.	1360.	0.07697952
1360.	1370.	0.07470984
1370.	1380.	0.07115958
1380.	1390.	0.06924225
1390.	1400.	0.07258333
1400.	1410.	0.06738653
1410.	1420.	0.0637617
1420.	1430.	0.06009065
1430.	1440.	0.06056065
1440.	1450.	0.05688693
1450.	1460.	0.05337609
1460.	1470.	0.05320184
1470.	1480.	0.05438445
1480.	1490.	0.05221284
1490.	1500.	0.05030177
1500.	1510.	0.05167789
1510.	1520.	0.04812046
1520.	1530.	0.04880167
1530.	1540.	0.04880576
1540.	1550.	0.04602533
1550.	1560.	0.043393
1560.	1570.	0.04134615
1570.	1580.	0.03890034
1580.	1590.	0.04112627
1590.	1600.	0.03827516
1600.	1610.	0.03840915
1610.	1620.	0.03691878
1620.	1630.	0.0362872
1630.	1640.	0.03544229
1640.	1650.	0.03624722
1650.	1660.	0.03367705
1660.	1670.	0.03336175
1670.	1680.	0.03314208
1680.	1690.	0.03240199
1690.	1700.	0.03002778
1700.	1710.	0.0299174
1710.	1720.	0.02964161
1720.	1730.	0.02798807
1730.	1740.	0.02790066
1740.	1750.	0.02672205
1750.	1760.	0.02710887
1760.	1770.	0.0257803
1770.	1780.	0.02566624
1780.	1790.	0.02435592
1790.	1800.	0.02411418
1800.	1810.	0.02364395
1810.	1820.	0.02242954
1820.	1830.	0.0230218
1830.	1840.	0.0220026
1840.	1850.	0.02136683
1850.	1860.	0.02093731
1860.	1870.	0.02048817
1870.	1880.	0.0197782
1880.	1890.	0.01919776
1890.	1900.	0.01853021
1900.	1910.	0.01831268
1910.	1920.	0.0184816
1920.	1930.	0.01774779
1930.	1940.	0.01641454
1940.	1950.	0.01631582
1950.	1960.	0.01603144
1960.	1970.	0.01546093
1970.	1980.	0.01571119
1980.	1990.	0.01484288
1990.	2000.	0.01514023
2000.	2010.	0.01467368
2010.	2020.	0.01438422
2020.	2030.	0.01384998
2030.	2040.	0.01386009
2040.	2050.	0.01342505
2050.	2060.	0.01335514
2060.	2070.	0.01239441
2070.	2080.	0.01201266
2080.	2090.	0.01254145
2090.	2100.	0.01186149
2100.	2110.	0.01122707
2110.	2120.	0.01127526
2120.	2130.	0.01132265
2130.	2140.	0.01052237
2140.	2150.	0.01062971
2150.	2160.	0.01001222
2160.	2170.	0.01010631
2170.	2180.	0.01005736
2180.	2190.	0.009527893
2190.	2200.	0.009360716
2200.	2210.	0.008797439
2210.	2220.	0.008923717
2220.	2230.	0.008790878
2230.	2240.	0.00830639
2240.	2250.	0.008519157
2250.	2260.	0.008431192
2260.	2270.	0.008380294
2270.	2280.	0.007887679
2280.	2290.	0.007858609
2290.	2300.	0.007427493
2300.	2310.	0.007223931
2310.	2320.	0.007012304
2320.	2330.	0.007213428
2330.	2340.	0.006801384
2340.	2350.	0.006675076
2350.	2360.	0.006658319
2360.	2370.	0.006582137
2370.	2380.	0.00633814
2380.	2390.	0.006042988
2390.	2400.	0.005926393
2400.	2410.	0.005809359
2410.	2420.	0.005912752
2420.	2430.	0.005571386
2430.	2440.	0.005337826
2440.	2450.	0.005308556
2450.	2460.	0.005200279
2460.	2470.	0.005137578
2470.	2480.	0.004940118
2480.	2490.	0.004962286
2490.	2500.	0.004844429
2500.	2510.	0.004611684
2510.	2520.	0.004588119
2520.	2530.	0.004500679
2530.	2540.	0.004507488
2540.	2550.	0.004339097
2550.	2560.	0.004154889
2560.	2570.	0.004171977
2570.	2580.	0.00404179
2580.	2590.	0.004057307
2590.	2600.	0.003798115
2600.	2610.	0.003848376
2610.	2620.	0.003742455
2620.	2630.	0.003743981
2630.	2640.	0.003633341
2640.	2650.	0.003417672
2650.	2660.	0.003305438
2660.	2670.	0.00329824
2670.	2680.	0.003174286
2680.	2690.	0.003156466
2690.	2700.	0.003128873
2700.	2710.	0.002996444
2710.	2720.	0.002862255
2720.	2730.	0.002890012
2730.	2740.	0.002748511
2740.	2750.	0.002785758
2750.	2760.	0.002748803
2760.	2770.	0.002613297
2770.	2780.	0.002569552
2780.	2790.	0.002549491
2790.	2800.	0.00264328
2800.	2810.	0.002440191
2810.	2820.	0.002324235
2820.	2830.	0.002396142
2830.	2840.	0.00231722
2840.	2850.	0.002188807
2850.	2860.	0.002208639
2860.	2870.	0.002129105
2870.	2880.	0.002100319
2880.	2890.	0.001976575
2890.	2900.	0.002030899
2900.	2910.	0.00188931
2910.	2920.	0.001966986
2920.	2930.	0.001822817
2930.	2940.	0.001799311
2940.	2950.	0.001783195
2950.	2960.	0.001768803
2960.	2970.	0.001683359
2970.	2980.	0.001613265
2980.	2990.	0.001627938
2990.	3000.	0.001606707
3000.	3010.	0.001538481
3010.	3020.	0.001585358
3020.	3030.	0.001486484
3030.	3040.	0.001447793
3040.	3050.	0.001383009
3050.	3060.	0.001393594
3060.	3070.	0.001393863
3070.	3080.	0.001328161
3080.	3090.	0.001313617
3090.	3100.	0.00124174
3100.	3110.	0.001231614
3110.	3120.	0.00122588
3120.	3130.	0.00118316
3130.	3140.	0.001130472
3140.	3150.	0.001173965
3150.	3160.	0.001134584
3160.	3170.	0.001054308
3170.	3180.	0.001068074
3180.	3190.	0.001019321
3190.	3200.	0.001028825
3200.	3210.	0.0009920635
3210.	3220.	0.000932419
3220.	3230.	0.000936935
3230.	3240.	0.0009103725
3240.	3250.	0.0008952703
3250.	3260.	0.0008758794
3260.	3270.	0.0008443391
3270.	3280.	0.0008594232
3280.	3290.	0.000803718
3290.	3300.	0.0007886472
3300.	3310.	0.0007518305
3310.	3320.	0.000774055
3320.	3330.	0.000752084
3330.	3340.	0.0007286057
3340.	3350.	0.0007129175
3350.	3360.	0.0007102634
3360.	3370.	0.0006539798
3370.	3380.	0.000634992
3380.	3390.	0.0006299418
3390.	3400.	0.0006202319
3400.	3410.	0.0006110931
3410.	3420.	0.0005862458
3420.	3430.	0.0006015332
3430.	3440.	0.000578229
3440.	3450.	0.0005536845
3450.	3460.	0.0005432349
3460.	3470.	0.0005487749
3470.	3480.	0.0005100943
3480.	3490.	0.000514299
3490.	3500.	0.0004957267
3500.	3510.	0.0004724577
3510.	3520.	0.0004555696
3520.	3530.	0.0004421286
3530.	3540.	0.0004612989
3540.	3550.	0.0004419945
3550.	3560.	0.0004363505
3560.	3570.	0.000422501
3570.	3580.	0.0004114654
3580.	3590.	0.0003894437
3590.	3600.	0.0003797855
3600.	3610.	0.0003731267
3610.	3620.	0.000372963
3620.	3630.	0.0003679975
3630.	3640.	0.000350305
3640.	3650.	0.0003228021
3650.	3660.	0.0003404057
3660.	3670.	0.0003143731
3670.	3680.	0.0003169775
3680.	3690.	0.0003236207
3690.	3700.	0.0002926768
3700.	3710.	0.0002916782
3710.	3720.	0.0002706556
3720.	3730.	0.000263966
3730.	3740.	0.0002730663
3740.	3750.	0.0002688866
3750.	3760.	0.0002481001
3760.	3770.	0.0002448615
3770.	3780.	0.0002467967
3780.	3790.	0.0002305927
3790.	3800.	0.0002331212
3800.	3810.	0.0002284424
3810.	3820.	0.0002179798
3820.	3830.	0.0002073661
3830.	3840.	0.0002071632
3840.	3850.	0.0002037767
3850.	3860.	0.000185581
3860.	3870.	0.0001896868
3870.	3880.	0.0001852476
3880.	3890.	0.0001767902
3890.	3900.	0.0001723496
3900.	3910.	0.0001733911
3910.	3920.	0.0001603369
3920.	3930.	0.0001628162
3930.	3940.	0.0001528424
3940.	3950.	0.0001544323
3950.	3960.	0.0001468979
3960.	3970.	0.0001382735
3970.	3980.	0.0001392584
3980.	3990.	0.0001284765
3990.	4000.	0.0001336306
4000.	4010.	0.0001267681
4010.	4020.	0.0001236856
4020.	4030.	0.0001262716
4030.	4040.	0.0001165072
4040.	4050.	0.0001103057
4050.	4060.	0.0001095406
4060.	4070.	0.0001063975
4070.	4080.	0.000100489
4080.	4090.	0.00009899972
4090.	4100.	0.00009274004
4100.	4110.	0.00009002783
4110.	4120.	0.0000904473
4120.	4130.	0.00008667003
4130.	4140.	0.00008757277
4140.	4150.	0.00008691558
4150.	4160.	0.00007837621
4160.	4170.	0.00007809182
4170.	4180.	0.00007083216
4180.	4190.	0.00007022291
4190.	4200.	0.00007105524
4200.	4210.	0.0000716938
4210.	4220.	0.00006796825
4220.	4230.	0.00006024955
4230.	4240.	0.00005977062
4240.	4250.	0.00005805028
4250.	4260.	0.00005554653
4260.	4270.	0.00005534412
4270.	4280.	0.00005157603
4280.	4290.	0.0000514223
4290.	4300.	0.00005008508
4300.	4310.	0.00004856809
4310.	4320.	0.00004464798
4320.	4330.	0.00004416494
4330.	4340.	0.00004474836
4340.	4350.	0.00004284033
4350.	4360.	0.0000377734
4360.	4370.	0.00003884006
4370.	4380.	0.00003519779
4380.	4390.	0.00003613227
4390.	4400.	0.00003206701
4400.	4410.	0.00003192617
4410.	4420.	0.00003190983
4420.	4430.	0.00002840771
4430.	4440.	0.00002825339
4440.	4450.	0.00002651807
4450.	4460.	0.00002666112
4460.	4470.	0.0000264739
4470.	4480.	0.00002497873
4480.	4490.	0.00002158886
4490.	4500.	0.00002067101
4500.	4510.	0.00001904056
4510.	4520.	0.00002032785
4520.	4530.	0.00001909516
4530.	4540.	0.00001830054
4540.	4550.	0.00001696964
4550.	4560.	0.00001668759
4560.	4570.	0.00001527264
4570.	4580.	0.00001417832
4580.	4590.	0.00001220608
4590.	4600.	0.00001390336
4600.	4610.	0.00001170449
4610.	4620.	0.00001240853
4620.	4630.	0.00001020039
4630.	4640.	9.193823e-6
4640.	4650.	0.0000100285
4650.	4660.	9.213861e-6
4660.	4670.	9.009028e-6
4670.	4680.	7.31262e-6
4680.	4690.	7.834118e-6
4690.	4700.	6.675675e-6
4700.	4710.	7.319542e-6
4710.	4720.	5.437846e-6
4720.	4730.	4.976808e-6
4730.	4740.	5.106158e-6
4740.	4750.	5.313546e-6
4750.	4760.	4.414838e-6
4760.	4770.	3.688417e-6
4770.	4780.	3.789361e-6
4780.	4790.	2.874081e-6
4790.	4800.	3.052696e-6
4800.	4810.	3.1877e-6
4810.	4820.	3.078843e-6
4820.	4830.	2.696808e-6
4830.	4840.	2.38975e-6
4840.	4850.	2.156709e-6
4850.	4860.	1.331461e-6
4860.	4870.	1.380172e-6
4870.	4880.	1.103574e-6
4880.	4890.	1.250449e-6
4890.	4900.	7.930538e-7
4900.	4910.	6.575643e-7
4910.	4920.	5.881848e-7
4920.	4930.	4.885012e-7
4930.	4940.	5.134473e-7
4940.	4950.	3.581924e-7
4950.	4960.	1.771925e-7
4960.	4970.	2.040519e-7
4970.	4980.	5.750048e-8
4980.	4990.	0.
4990.	5000.	0.
5000.	5010.	0.
5010.	5020.	0.
5020.	5030.	0.
5030.	5040.	0.
5040.	5050.	0.
5050.	5060.	0.
5060.	5070.	0.
5070.	5080.	0.
5080.	5090.	0.
5090.	5100.	0.
5100.	5110.	0.
5110.	5120.	0.
5120.	5130.	0.
5130.	5140.	0.
5140.	5150.	0.
5150.	5160.	0.
5160.	5170.	0.
5170.	5180.	0.
5180.	5190.	0.
5190.	5200.	0.
5200.	5210.	0.
5210.	5220.	0.
5220.	5230.	0.
5230.	5240.	0.
5240.	5250.	0.
5250.	5260.	0.
5260.	5270.	0.
5270.	5280.	0.
5280.	5290.	0.
5290.	5300.	0.
5300.	5310.	0.
5310.	5320.	0.
5320.	5330.	0.
5330.	5340.	0.
5340.	5350.	0.
5350.	5360.	0.
5360.	5370.	0.
5370.	5380.	0.
5380.	5390.	0.
5390.	5400.	0.
5400.	5410.	0.
5410.	5420.	0.
5420.	5430.	0.
5430.	5440.	0.
5440.	5450.	0.
5450.	5460.	0.
5460.	5470.	0.
5470.	5480.	0.
5480.	5490.	0.
5490.	5500.	0.
5500.	5510.	0.
5510.	5520.	0.
5520.	5530.	0.
5530.	5540.	0.
5540.	5550.	0.
5550.	5560.	0.
5560.	5570.	0.
5570.	5580.	0.
5580.	5590.	0.
5590.	5600.	0.
5600.	5610.	0.
5610.	5620.	0.
5620.	5630.	0.
5630.	5640.	0.
5640.	5650.	0.
5650.	5660.	0.
5660.	5670.	0.
5670.	5680.	0.
5680.	5690.	0.
5690.	5700.	0.
5700.	5710.	0.
5710.	5720.	0.
5720.	5730.	0.
5730.	5740.	0.
5740.	5750.	0.
5750.	5760.	0.
5760.	5770.	0.
5770.	5780.	0.
5780.	5790.	0.
5790.	5800.	0.
5800.	5810.	0.
5810.	5820.	0.
5820.	5830.	0.
5830.	5840.	0.
5840.	5850.	0.
5850.	5860.	0.
5860.	5870.	0.
5870.	5880.	0.
5880.	5890.	0.
5890.	5900.	0.
5900.	5910.	0.
5910.	5920.	0.
5920.	5930.	0.
5930.	5940.	0.
5940.	5950.	0.
5950.	5960.	0.
5960.	5970.	0.
5970.	5980.	0.
5980.	5990.	0.
5990.	6000.	0.
6000.	6010.	0.
6010.	6020.	0.
6020.	6030.	0.
6030.	6040.	0.
6040.	6050.	0.
6050.	6060.	0.
6060.	6070.	0.
6070.	6080.	0.
6080.	6090.	0.
6090.	6100.	0.
6100.	6110.	0.
6110.	6120.	0.
6120.	6130.	0.
6130.	6140.	0.
6140.	6150.	0.
6150.	6160.	0.
6160.	6170.	0.
6170.	6180.	0.
6180.	6190.	0.
6190.	6200.	0.
6200.	6210.	0.
6210.	6220.	0.
6220.	6230.	0.
6230.	6240.	0.
6240.	6250.	0.
6250.	6260.	0.
6260.	6270.	0.
6270.	6280.	0.
6280.	6290.	0.
6290.	6300.	0.
6300.	6310.	0.
6310.	6320.	0.
6320.	6330.	0.
6330.	6340.	0.
6340.	6350.	0.
6350.	6360.	0.
6360.	6370.	0.
6370.	6380.	0.
6380.	6390.	0.
6390.	6400.	0.
6400.	6410.	0.
6410.	6420.	0.
6420.	6430.	0.
6430.	6440.	0.
6440.	6450.	0.
6450.	6460.	0.
6460.	6470.	0.
6470.	6480.	0.
6480.	6490.	0.
6490.	6500.	0.
6500.	6510.	0.
6510.	6520.	0.
6520.	6530.	0.
6530.	6540.	0.
6540.	6550.	0.
6550.	6560.	0.
6560.	6570.	0.
6570.	6580.	0.
6580.	6590.	0.
6590.	6600.	0.
6600.	6610.	0.
6610.	6620.	0.
6620.	6630.	0.
6630.	6640.	0.
6640.	6650.	0.
6650.	6660.	0.
6660.	6670.	0.
6670.	6680.	0.
6680.	6690.	0.
6690.	6700.	0.
6700.	6710.	0.
6710.	6720.	0.
6720.	6730.	0.
6730.	6740.	0.
6740.	6750.	0.
6750.	6760.	0.
6760.	6770.	0.
6770.	6780.	0.
6780.	6790.	0.
6790.	6800.	0.
6800.	6810.	0.
6810.	6820.	0.
6820.	6830.	0.
6830.	6840.	0.
6840.	6850.	0.
6850.	6860.	0.
6860.	6870.	0.
6870.	6880.	0.
6880.	6890.	0.
6890.	6900.	0.
6900.	6910.	0.
6910.	6920.	0.
6920.	6930.	0.
6930.	6940.	0.
6940.	6950.	0.
6950.	6960.	0.
6960.	6970.	0.
6970.	6980.	0.
6980.	6990.	0.
6990.	7000.	0.
7000.	7010.	0.
7010.	7020.	0.
7020.	7030.	0.
7030.	7040.	0.
7040.	7050.	0.
7050.	7060.	0.
7060.	7070.	0.
7070.	7080.	0.
7080.	7090.	0.
7090.	7100.	0.
7100.	7110.	0.
7110.	7120.	0.
7120.	7130.	0.
7130.	7140.	0.
7140.	7150.	0.
7150.	7160.	0.
7160.	7170.	0.
7170.	7180.	0.
7180.	7190.	0.
7190.	7200.	0.
7200.	7210.	0.
7210.	7220.	0.
7220.	7230.	0.
7230.	7240.	0.
7240.	7250.	0.
7250.	7260.	0.
7260.	7270.	0.
7270.	7280.	0.
7280.	7290.	0.
7290.	7300.	0.
7300.	7310.	0.
7310.	7320.	0.
7320.	7330.	0.
7330.	7340.	0.
7340.	7350.	0.
7350.	7360.	0.
7360.	7370.	0.
7370.	7380.	0.
7380.	7390.	0.
7390.	7400.	0.
7400.	7410.	0.
7410.	7420.	0.
7420.	7430.	0.
7430.	7440.	0.
7440.	7450.	0.
7450.	7460.	0.
7460.	7470.	0.
7470.	7480.	0.
7480.	7490.	0.
7490.	7500.	0.
7500.	7510.	0.
7510.	7520.	0.
7520.	7530.	0.
7530.	7540.	0.
7540.	7550.	0.
7550.	7560.	0.
7560.	7570.	0.
7570.	7580.	0.
7580.	7590.	0.
7590.	7600.	0.
7600.	7610.	0.
7610.	7620.	0.
7620.	7630.	0.
7630.	7640.	0.
7640.	7650.	0.
7650.	7660.	0.
7660.	7670.	0.
7670.	7680.	0.
7680.	7690.	0.
7690.	7700.	0.
7700.	7710.	0.
7710.	7720.	0.
7720.	7730.	0.
7730.	7740.	0.
7740.	7750.	0.
7750.	7760.	0.
7760.	7770.	0.
7770.	7780.	0.
7780.	7790.	0.
7790.	7800.	0.
7800.	7810.	0.
7810.	7820.	0.
7820.	7830.	0.
7830.	7840.	0.
7840.	7850.	0.
7850.	7860.	0.
7860.	7870.	0.
7870.	7880.	0.
7880.	7890.	0.
7890.	7900.	0.
7900.	7910.	0.
7910.	7920.	0.
7920.	7930.	0.
7930.	7940.	0.
7940.	7950.	0.
7950.	7960.	0.
7960.	7970.	0.
7970.	7980.	0.
7980.	7990.	0.
7990.	8000.	0.
8000.	8010.	0.
8010.	8020.	0.
8020.	8030.	0.
8030.	8040.	0.
8040.	8050.	0.
8050.	8060.	0.
8060.	8070.	0.
8070.	8080.	0.
8080.	8090.	0.
8090.	8100.	0.
8100.	8110.	0.
8110.	8120.	0.
8120.	8130.	0.
8130.	8140.	0.
8140.	8150.	0.
8150.	8160.	0.
8160.	8170.	0.
8170.	8180.	0.
8180.	8190.	0.
8190.	8200.	0.
8200.	8210.	0.
8210.	8220.	0.
8220.	8230.	0.
8230.	8240.	0.
8240.	8250.	0.
8250.	8260.	0.
8260.	8270.	0.
8270.	8280.	0.
8280.	8290.	0.
8290.	8300.	0.
8300.	8310.	0.
8310.	8320.	0.
8320.	8330.	0.
8330.	8340.	0.
8340.	8350.	0.
8350.	8360.	0.
8360.	8370.	0.
8370.	8380.	0.
8380.	8390.	0.
8390.	8400.	0.
8400.	8410.	0.
8410.	8420.	0.
8420.	8430.	0.
8430.	8440.	0.
8440.	8450.	0.
8450.	8460.	0.
8460.	8470.	0.
8470.	8480.	0.
8480.	8490.	0.
8490.	8500.	0.
8500.	8510.	0.
8510.	8520.	0.
8520.	8530.	0.
8530.	8540.	0.
8540.	8550.	0.
8550.	8560.	0.
8560.	8570.	0.
8570.	8580.	0.
8580.	8590.	0.
8590.	8600.	0.
8600.	8610.	0.
8610.	8620.	0.
8620.	8630.	0.
8630.	8640.	0.
8640.	8650.	0.
8650.	8660.	0.
8660.	8670.	0.
8670.	8680.	0.
8680.	8690.	0.
8690.	8700.	0.
8700.	8710.	0.
8710.	8720.	0.
8720.	8730.	0.
8730.	8740.	0.
8740.	8750.	0.
8750.	8760.	0.
8760.	8770.	0.
8770.	8780.	0.
8780.	8790.	0.
8790.	8800.	0.
8800.	8810.	0.
8810.	8820.	0.
8820.	8830.	0.
8830.	8840.	0.
8840.	8850.	0.
8850.	8860.	0.
8860.	8870.	0.
8870.	8880.	0.
8880.	8890.	0.
8890.	8900.	0.
8900.	8910.	0.
8910.	8920.	0.
8920.	8930.	0.
8930.	8940.	0.
8940.	8950.	0.
8950.	8960.	0.
8960.	8970.	0.
8970.	8980.	0.
8980.	8990.	0.
8990.	9000.	0.
9000.	9010.	0.
9010.	9020.	0.
9020.	9030.	0.
9030.	9040.	0.
9040.	9050.	0.
9050.	9060.	0.
9060.	9070.	0.
9070.	9080.	0.
9080.	9090.	0.
9090.	9100.	0.
9100.	9110.	0.
9110.	9120.	0.
9120.	9130.	0.
9130.	9140.	0.
9140.	9150.	0.
9150.	9160.	0.
9160.	9170.	0.
9170.	9180.	0.
9180.	9190.	0.
9190.	9200.	0.
9200.	9210.	0.
9210.	9220.	0.
9220.	9230.	0.
9230.	9240.	0.
9240.	9250.	0.
9250.	9260.	0.
9260.	9270.	0.
9270.	9280.	0.
9280.	9290.	0.
9290.	9300.	0.
9300.	9310.	0.
9310.	9320.	0.
9320.	9330.	0.
9330.	9340.	0.
9340.	9350.	0.
9350.	9360.	0.
9360.	9370.	0.
9370.	9380.	0.
9380.	9390.	0.
9390.	9400.	0.
9400.	9410.	0.
9410.	9420.	0.
9420.	9430.	0.
9430.	9440.	0.
9440.	9450.	0.
9450.	9460.	0.
9460.	9470.	0.
9470.	9480.	0.
9480.	9490.	0.
9490.	9500.	0.
9500.	9510.	0.
9510.	9520.	0.
9520.	9530.	0.
9530.	9540.	0.
9540.	9550.	0.
9550.	9560.	0.
9560.	9570.	0.
9570.	9580.	0.
9580.	9590.	0.
9590.	9600.	0.
9600.	9610.	0.
9610.	9620.	0.
9620.	9630.	0.
9630.	9640.	0.
9640.	9650.	0.
9650.	9660.	0.
9660.	9670.	0.
9670.	9680.	0.
9680.	9690.	0.
9690.	9700.	0.
9700.	9710.	0.
9710.	9720.	0.
9720.	9730.	0.
9730.	9740.	0.
9740.	9750.	0.
9750.	9760.	0.
9760.	9770.	0.
9770.	9780.	0.
9780.	9790.	0.
9790.	9800.	0.
9800.	9810.	0.
9810.	9820.	0.
9820.	9830.	0.
9830.	9840.	0.
9840.	9850.	0.
9850.	9860.	0.
9860.	9870.	0.
9870.	9880.	0.
9880.	9890.	0.
9890.	9900.	0.
9900.	9910.	0.
9910.	9920.	0.
9920.	9930.	0.
9930.	9940.	0.
9940.	9950.	0.
9950.	9960.	0.
9960.	9970.	0.
9970.	9980.	0.
9980.	9990.	0.
9990.	10000.	0.
10000.	10010.	0.