-10.	0.	0.
0.	10.	0.
10.	20.	0.
20.	30.	0.
30.	40.	0.
40.	50.	0.
50.	60.	0.
60.	70.	0.
70.	80.	0.
80.	90.	0.
90.	100.	0.
100.	110.	0.
110.	120.	0.
120.	130.	0.
130.	140.	0.
140.	150.	0.
150.	160.	0.
160.	170.	0.
170.	180.	0.
180.	190.	0.
190.	200.	0.
200.	210.	0.
210.	220.	0.
220.	230.	0.
230.	240.	0.
240.	250.	0.
250.	260.	0.
260.	270.	0.
270.	280.	0.
280.	290.	0.
290.	300.	0.
300.	310.	0.
310.	320.	0.
320.	330.	0.
330.	340.	0.
340.	350.	0.
350.	360.	0.
360.	370.	0.
370.	380.	0.
380.	390.	0.
390.	400.	0.
400.	410.	0.
410.	420.	0.
420.	430.	0.
430.	440.	0.
440.	450.	0.
450.	460.	0.
460.	470.	0.
470.	480.	0.
480.	490.	0.
490.	500.	0.
500.	510.	669.2564
510.	520.	673.8402
520.	530.	672.37
530.	540.	663.5842
540.	550.	653.5438
550.	560.	631.256
560.	570.	644.3996
570.	580.	657.1261
580.	590.	632.7762
590.	600.	622.6164
600.	610.	602.4128
610.	620.	618.059
620.	630.	632.9758
630.	640.	622.8933
640.	650.	610.1073
650.	660.	581.5353
660.	670.	590.8456
670.	680.	613.7993
680.	690.	597.1168
690.	700.	572.4486
700.	710.	583.3343
710.	720.	568.026
720.	730.	580.5086
730.	740.	558.9944
740.	750.	543.7388
750.	760.	529.2901
760.	770.	531.4048
770.	780.	536.8665
780.	790.	525.1068
790.	800.	511.4133
800.	810.	510.5539
810.	820.	481.8969
820.	830.	461.7733
830.	840.	499.8392
840.	850.	485.1535
850.	860.	489.9169
860.	870.	474.086
870.	880.	449.7178
880.	890.	452.6014
890.	900.	449.1533
900.	910.	447.8962
910.	920.	423.7788
920.	930.	443.3022
930.	940.	446.3459
940.	950.	423.3391
950.	960.	418.7941
960.	970.	411.6034
970.	980.	419.1486
980.	990.	392.2483
990.	1000.	391.2302
1000.	1010.	394.175
1010.	1020.	403.2137
1020.	1030.	374.8571
1030.	1040.	377.1241
1040.	1050.	375.3361
1050.	1060.	362.3731
1060.	1070.	361.5547
1070.	1080.	368.7317
1080.	1090.	348.1837
1090.	1100.	343.1201
1100.	1110.	333.0905
1110.	1120.	355.2056
1120.	1130.	338.4674
1130.	1140.	350.5903
1140.	1150.	327.9331
1150.	1160.	325.7943
1160.	1170.	317.7747
1170.	1180.	323.3561
1180.	1190.	308.7212
1190.	1200.	315.2254
1200.	1210.	300.6191
1210.	1220.	287.0539
1220.	1230.	291.7192
1230.	1240.	296.0285
1240.	1250.	291.9411
1250.	1260.	284.6058
1260.	1270.	276.2346
1270.	1280.	274.6699
1280.	1290.	279.7047
1290.	1300.	269.7678
1300.	1310.	272.1673
1310.	1320.	281.2628
1320.	1330.	264.8358
1330.	1340.	264.1677
1340.	1350.	265.2792
1350.	1360.	252.4377
1360.	1370.	234.9456
1370.	1380.	246.1718
1380.	1390.	239.9664
1390.	1400.	240.2733
1400.	1410.	236.275
1410.	1420.	235.7854
1420.	1430.	241.5852
1430.	1440.	225.8203
1440.	1450.	228.4737
1450.	1460.	220.5007
1460.	1470.	220.6951
1470.	1480.	217.4651
1480.	1490.	217.9054
1490.	1500.	221.8101
1500.	1510.	196.3721
1510.	1520.	197.6596
1520.	1530.	197.3348
1530.	1540.	206.6519
1540.	1550.	188.2357
1550.	1560.	206.5619
1560.	1570.	197.0532
1570.	1580.	193.0877
1580.	1590.	194.534
1590.	1600.	195.4282
1600.	1610.	193.573
1610.	1620.	183.0707
1620.	1630.	188.2701
1630.	1640.	176.5509
1640.	1650.	178.0749
1650.	1660.	163.7393
1660.	1670.	177.5009
1670.	1680.	174.1176
1680.	1690.	172.4287
1690.	1700.	163.1926
1700.	1710.	168.8566
1710.	1720.	160.4306
1720.	1730.	170.675
1730.	1740.	161.6032
1740.	1750.	161.6838
1750.	1760.	147.7989
1760.	1770.	149.7844
1770.	1780.	149.4404
1780.	1790.	157.5808
1790.	1800.	139.8178
1800.	1810.	158.3164
1810.	1820.	148.83
1820.	1830.	147.9311
1830.	1840.	145.6328
1840.	1850.	154.8243
1850.	1860.	138.114
1860.	1870.	128.7347
1870.	1880.	139.7601
1880.	1890.	131.8587
1890.	1900.	136.9691
1900.	1910.	149.755
1910.	1920.	122.0711
1920.	1930.	128.5598
1930.	1940.	128.3577
1940.	1950.	126.9837
1950.	1960.	131.4825
1960.	1970.	126.0077
1970.	1980.	118.3239
1980.	1990.	124.894
1990.	2000.	114.7157
2000.	2010.	124.2884
2010.	2020.	114.4787
2020.	2030.	124.5068
2030.	2040.	118.0404
2040.	2050.	124.2854
2050.	2060.	113.3985
2060.	2070.	101.9495
2070.	2080.	107.4043
2080.	2090.	100.0721
2090.	2100.	105.6698
2100.	2110.	105.3809
2110.	2120.	103.2528
2120.	2130.	102.2287
2130.	2140.	103.2116
2140.	2150.	93.74929
2150.	2160.	98.72737
2160.	2170.	99.71999
2170.	2180.	95.53368
2180.	2190.	94.07693
2190.	2200.	87.19544
2200.	2210.	82.53213
2210.	2220.	95.79967
2220.	2230.	90.2604
2230.	2240.	86.06939
2240.	2250.	87.12642
2250.	2260.	85.44966
2260.	2270.	89.45337
2270.	2280.	92.64917
2280.	2290.	74.46999
2290.	2300.	89.91544
2300.	2310.	77.8321
2310.	2320.	73.62724
2320.	2330.	86.41662
2330.	2340.	85.92194
2340.	2350.	77.33565
2350.	2360.	87.63424
2360.	2370.	80.36181
2370.	2380.	75.56529
2380.	2390.	69.94525
2390.	2400.	81.17338
2400.	2410.	80.62647
2410.	2420.	74.69191
2420.	2430.	66.96384
2430.	2440.	70.8156
2440.	2450.	73.04135
2450.	2460.	67.78537
2460.	2470.	65.78846
2470.	2480.	77.32821
2480.	2490.	69.32775
2490.	2500.	68.14937
2500.	2510.	64.39445
2510.	2520.	64.86638
2520.	2530.	70.02866
2530.	2540.	59.18377
2540.	2550.	64.44372
2550.	2560.	63.8147
2560.	2570.	65.23407
2570.	2580.	63.94766
2580.	2590.	58.46241
2590.	2600.	56.53983
2600.	2610.	57.47434
2610.	2620.	63.81062
2620.	2630.	59.46304
2630.	2640.	59.33089
2640.	2650.	54.56451
2650.	2660.	58.01453
2660.	2670.	55.07967
2670.	2680.	56.0373
2680.	2690.	57.77585
2690.	2700.	56.45843
2700.	2710.	60.32853
2710.	2720.	52.91897
2720.	2730.	51.88781
2730.	2740.	55.37745
2740.	2750.	54.7813
2750.	2760.	51.86667
2760.	2770.	52.18045
2770.	2780.	49.49967
2780.	2790.	51.02749
2790.	2800.	44.84136
2800.	2810.	54.86468
2810.	2820.	49.59035
2820.	2830.	46.26585
2830.	2840.	38.77259
2840.	2850.	40.84757
2850.	2860.	42.90076
2860.	2870.	52.73056
2870.	2880.	41.78707
2880.	2890.	43.13018
2890.	2900.	43.36974
2900.	2910.	46.17633
2910.	2920.	44.84292
2920.	2930.	45.45675
2930.	2940.	36.60337
2940.	2950.	41.25389
2950.	2960.	40.54278
2960.	2970.	43.47707
2970.	2980.	43.08896
2980.	2990.	40.25094
2990.	3000.	37.97771
3000.	3010.	42.21598
3010.	3020.	40.26752
3020.	3030.	41.72806
3030.	3040.	44.00692
3040.	3050.	38.24233
3050.	3060.	39.69539
3060.	3070.	41.93753
3070.	3080.	32.83717
3080.	3090.	36.13181
3090.	3100.	38.4305
3100.	3110.	38.46678
3110.	3120.	31.9822
3120.	3130.	35.7781
3130.	3140.	33.4481
3140.	3150.	30.38633
3150.	3160.	36.07416
3160.	3170.	35.58003
3170.	3180.	31.83605
3180.	3190.	32.35134
3190.	3200.	32.32109
3200.	3210.	32.9812
3210.	3220.	28.57857
3220.	3230.	31.67246
3230.	3240.	35.55091
3240.	3250.	28.84958
3250.	3260.	32.91598
3260.	3270.	32.35867
3270.	3280.	30.4375
3280.	3290.	29.02001
3290.	3300.	31.31966
3300.	3310.	28.9107
3310.	3320.	31.27718
3320.	3330.	26.50583
3330.	3340.	35.38938
3340.	3350.	28.38602
3350.	3360.	22.90281
3360.	3370.	25.56803
3370.	3380.	30.07944
3380.	3390.	23.79275
3390.	3400.	27.28269
3400.	3410.	29.66201
3410.	3420.	24.89683
3420.	3430.	25.97808
3430.	3440.	32.04105
3440.	3450.	27.36207
3450.	3460.	21.93843
3460.	3470.	31.53294
3470.	3480.	26.9378
3480.	3490.	22.49215
3490.	3500.	22.96093
3500.	3510.	24.12435
3510.	3520.	24.84656
3520.	3530.	21.55725
3530.	3540.	23.67273
3540.	3550.	23.13508
3550.	3560.	25.61666
3560.	3570.	21.2424
3570.	3580.	25.08569
3580.	3590.	23.44537
3590.	3600.	25.70726
3600.	3610.	21.18838
3610.	3620.	25.47899
3620.	3630.	24.20912
3630.	3640.	21.85207
3640.	3650.	21.43045
3650.	3660.	23.01799
3660.	3670.	22.38364
3670.	3680.	21.41262
3680.	3690.	23.45782
3690.	3700.	17.14627
3700.	3710.	21.10394
3710.	3720.	24.1197
3720.	3730.	20.1614
3730.	3740.	20.18735
3740.	3750.	20.61212
3750.	3760.	19.32423
3760.	3770.	16.99822
3770.	3780.	19.44372
3780.	3790.	17.89758
3790.	3800.	18.31749
3800.	3810.	19.18198
3810.	3820.	16.00733
3820.	3830.	18.70387
3830.	3840.	16.08186
3840.	3850.	15.41819
3850.	3860.	17.06134
3860.	3870.	17.21091
3870.	3880.	17.50525
3880.	3890.	21.04928
3890.	3900.	15.75084
3900.	3910.	14.87561
3910.	3920.	16.89565
3920.	3930.	14.98424
3930.	3940.	15.91895
3940.	3950.	16.26979
3950.	3960.	17.61092
3960.	3970.	15.35959
3970.	3980.	15.74029
3980.	3990.	16.91847
3990.	4000.	12.98711
4000.	4010.	13.11874
4010.	4020.	15.36363
4020.	4030.	17.32147
4030.	4040.	13.37021
4040.	4050.	16.65687
4050.	4060.	16.8344
4060.	4070.	15.52321
4070.	4080.	13.5817
4080.	4090.	13.50266
4090.	4100.	14.85576
4100.	4110.	18.14204
4110.	4120.	14.22294
4120.	4130.	11.03062
4130.	4140.	15.2648
4140.	4150.	12.93045
4150.	4160.	14.99289
4160.	4170.	10.72355
4170.	4180.	10.98752
4180.	4190.	11.44898
4190.	4200.	8.335586
4200.	4210.	12.50863
4210.	4220.	12.18551
4220.	4230.	12.75832
4230.	4240.	14.86783
4240.	4250.	8.581817
4250.	4260.	8.265495
4260.	4270.	11.15527
4270.	4280.	14.25903
4280.	4290.	9.602109
4290.	4300.	12.937
4300.	4310.	9.362532
4310.	4320.	11.12111
4320.	4330.	9.555806
4330.	4340.	7.492727
4340.	4350.	11.79094
4350.	4360.	10.79582
4360.	4370.	11.56676
4370.	4380.	9.436038
4380.	4390.	7.925886
4390.	4400.	10.25762
4400.	4410.	9.914619
4410.	4420.	9.125874
4420.	4430.	11.73039
4430.	4440.	10.1599
4440.	4450.	12.66821
4450.	4460.	9.916523
4460.	4470.	8.41828
4470.	4480.	11.16303
4480.	4490.	10.49408
4490.	4500.	9.117646
4500.	4510.	9.100706
4510.	4520.	7.863317
4520.	4530.	9.927291
4530.	4540.	11.15153
4540.	4550.	7.744838
4550.	4560.	11.1368
4560.	4570.	7.596686
4570.	4580.	7.305593
4580.	4590.	10.39615
4590.	4600.	8.604351
4600.	4610.	8.998178
4610.	4620.	9.015102
4620.	4630.	6.591199
4630.	4640.	9.252873
4640.	4650.	8.892872
4650.	4660.	5.664904
4660.	4670.	8.396732
4670.	4680.	6.853039
4680.	4690.	9.922671
4690.	4700.	6.497728
4700.	4710.	8.236531
4710.	4720.	9.70016
4720.	4730.	7.170568
4730.	4740.	5.542931
4740.	4750.	6.792193
4750.	4760.	9.256701
4760.	4770.	6.476706
4770.	4780.	9.155107
4780.	4790.	7.694427
4790.	4800.	6.101253
4800.	4810.	9.732992
4810.	4820.	9.600231
4820.	4830.	7.178674
4830.	4840.	7.88842
4840.	4850.	8.287448
4850.	4860.	7.569068
4860.	4870.	7.85949
4870.	4880.	6.727865
4880.	4890.	5.84343
4890.	4900.	9.393523
4900.	4910.	5.176868
4910.	4920.	6.499362
4920.	4930.	7.96419
4930.	4940.	4.214561
4940.	4950.	7.116359
4950.	4960.	7.088971
4960.	4970.	4.138457
4970.	4980.	4.986176
4980.	4990.	6.492424
4990.	5000.	4.670645
5000.	5010.	5.658795
5010.	5020.	5.407723
5020.	5030.	7.210765
5030.	5040.	3.24526
5040.	5050.	5.200719
5050.	5060.	7.924389
5060.	5070.	5.659891
5070.	5080.	3.877991
5080.	5090.	4.792118
5090.	5100.	7.550025
5100.	5110.	6.60857
5110.	5120.	3.890532
5120.	5130.	7.250129
5130.	5140.	4.611912
5140.	5150.	5.756473
5150.	5160.	4.594883
5160.	5170.	4.797424
5170.	5180.	6.049404
5180.	5190.	5.309861
5190.	5200.	4.477158
5200.	5210.	4.135284
5210.	5220.	4.201217
5220.	5230.	4.342269
5230.	5240.	3.560762
5240.	5250.	6.711752
5250.	5260.	5.035605
5260.	5270.	5.73351
5270.	5280.	4.495969
5280.	5290.	3.776008
5290.	5300.	4.761784
5300.	5310.	4.215912
5310.	5320.	2.686017
5320.	5330.	3.48742
5330.	5340.	4.272066
5340.	5350.	6.147439
5350.	5360.	3.566727
5360.	5370.	5.303445
5370.	5380.	4.461171
5380.	5390.	5.722377
5390.	5400.	4.308238
5400.	5410.	3.470714
5410.	5420.	2.014369
5420.	5430.	3.068489
5430.	5440.	6.363203
5440.	5450.	6.237114
5450.	5460.	2.637792
5460.	5470.	4.194575
5470.	5480.	4.814951
5480.	5490.	2.633466
5490.	5500.	3.530714
5500.	5510.	3.444317
5510.	5520.	4.093056
5520.	5530.	3.114216
5530.	5540.	3.561755
5540.	5550.	4.673988
5550.	5560.	4.473821
5560.	5570.	4.515785
5570.	5580.	2.495364
5580.	5590.	2.253
5590.	5600.	3.874347
5600.	5610.	2.677714
5610.	5620.	2.852541
5620.	5630.	4.451714
5630.	5640.	4.631763
5640.	5650.	3.392885
5650.	5660.	3.177953
5660.	5670.	4.330847
5670.	5680.	2.876287
5680.	5690.	2.880061
5690.	5700.	2.94852
5700.	5710.	2.498008
5710.	5720.	2.416761
5720.	5730.	2.680502
5730.	5740.	3.349731
5740.	5750.	1.763751
5750.	5760.	4.22832
5760.	5770.	3.303791
5770.	5780.	2.651256
5780.	5790.	3.078258
5790.	5800.	2.73958
5800.	5810.	2.706293
5810.	5820.	2.162092
5820.	5830.	3.10493
5830.	5840.	1.840867
5840.	5850.	2.25765
5850.	5860.	3.005318
5860.	5870.	3.045305
5870.	5880.	1.726643
5880.	5890.	2.094477
5890.	5900.	1.253483
5900.	5910.	3.183482
5910.	5920.	2.209332
5920.	5930.	2.275356
5930.	5940.	2.245617
5940.	5950.	1.232515
5950.	5960.	3.279674
5960.	5970.	2.330181
5970.	5980.	2.858785
5980.	5990.	3.040814
5990.	6000.	2.88158
6000.	6010.	1.89513
6010.	6020.	1.924354
6020.	6030.	2.411509
6030.	6040.	3.733861
6040.	6050.	2.732635
6050.	6060.	3.510945
6060.	6070.	1.632629
6070.	6080.	2.44003
6080.	6090.	2.417234
6090.	6100.	0.7515662
6100.	6110.	3.218687
6110.	6120.	3.228802
6120.	6130.	1.446772
6130.	6140.	2.840106
6140.	6150.	1.171444
6150.	6160.	3.268716
6160.	6170.	2.842299
6170.	6180.	1.571988
6180.	6190.	2.260604
6190.	6200.	2.95163
6200.	6210.	3.01829
6210.	6220.	1.667125
6220.	6230.	2.527282
6230.	6240.	2.597903
6240.	6250.	1.944192
6250.	6260.	1.513247
6260.	6270.	1.499238
6270.	6280.	3.304249
6280.	6290.	2.556291
6290.	6300.	2.128475
6300.	6310.	1.956081
6310.	6320.	1.183029
6320.	6330.	2.399071
6330.	6340.	0.9487449
6340.	6350.	2.881857
6350.	6360.	2.225891
6360.	6370.	2.175703
6370.	6380.	1.789471
6380.	6390.	0.7842221
6390.	6400.	1.582766
6400.	6410.	1.06279
6410.	6420.	0.5904978
6420.	6430.	2.931367
6430.	6440.	1.51129
6440.	6450.	1.348097
6450.	6460.	1.763777
6460.	6470.	1.115966
6470.	6480.	1.10288
6480.	6490.	1.881928
6490.	6500.	0.8866021
6500.	6510.	1.247453
6510.	6520.	2.063297
6520.	6530.	0.5016546
6530.	6540.	2.361894
6540.	6550.	0.8817841
6550.	6560.	1.66959
6560.	6570.	1.607899
6570.	6580.	1.417915
6580.	6590.	1.833048
6590.	6600.	1.784447
6600.	6610.	1.025919
6610.	6620.	3.249497
6620.	6630.	1.598099
6630.	6640.	1.06367
6640.	6650.	0.6247487
6650.	6660.	1.054949
6660.	6670.	0.9773994
6670.	6680.	1.784421
6680.	6690.	2.744626
6690.	6700.	0.6470025
6700.	6710.	1.4399
6710.	6720.	1.205673
6720.	6730.	1.575487
6730.	6740.	1.039787
6740.	6750.	0.9513678
6750.	6760.	1.215459
6760.	6770.	0.8171273
6770.	6780.	1.054842
6780.	6790.	0.8952929
6790.	6800.	1.368928
6800.	6810.	0.6436175
6810.	6820.	1.46354
6820.	6830.	0.8021515
6830.	6840.	0.9722871
6840.	6850.	1.093801
6850.	6860.	0.7443361
6860.	6870.	0.7766368
6870.	6880.	1.569744
6880.	6890.	1.449417
6890.	6900.	1.026741
6900.	6910.	0.3765495
6910.	6920.	1.489882
6920.	6930.	1.034031
6930.	6940.	0.9416798
6940.	6950.	0.6907702
6950.	6960.	1.048142
6960.	6970.	0.6729684
6970.	6980.	0.3691319
6980.	6990.	1.018207
6990.	7000.	1.906996
7000.	7010.	1.378319
7010.	7020.	0.7580521
7020.	7030.	0.491106
7030.	7040.	1.049104
7040.	7050.	1.398625
7050.	7060.	1.515492
7060.	7070.	2.333129
7070.	7080.	0.8842411
7080.	7090.	0.8774075
7090.	7100.	0.9004803
7100.	7110.	0.6552745
7110.	7120.	0.5565048
7120.	7130.	0.3198064
7130.	7140.	1.09397
7140.	7150.	0.6154521
7150.	7160.	1.383577
7160.	7170.	1.421369
7170.	7180.	0.8007115
7180.	7190.	1.471409
7190.	7200.	0.582542
7200.	7210.	0.6146437
7210.	7220.	0.9722751
7220.	7230.	0.9656375
7230.	7240.	0.5945884
7240.	7250.	0.2804301
7250.	7260.	0.3953088
7260.	7270.	0.584995
7270.	7280.	0.7333218
7280.	7290.	1.095335
7290.	7300.	0.4379418
7300.	7310.	1.010785
7310.	7320.	0.6689026
7320.	7330.	0.3787774
7330.	7340.	1.487765
7340.	7350.	0.4146805
7350.	7360.	1.256197
7360.	7370.	0.7581646
7370.	7380.	0.4928641
7380.	7390.	0.4100004
7390.	7400.	1.255722
7400.	7410.	0.5268821
7410.	7420.	0.3408082
7420.	7430.	0.3765452
7430.	7440.	0.8779233
7440.	7450.	1.220188
7450.	7460.	0.2064644
7460.	7470.	1.085825
7470.	7480.	0.7696892
7480.	7490.	0.675523
7490.	7500.	0.5605513
7500.	7510.	0.571017
7510.	7520.	0.6683802
7520.	7530.	0.5796849
7530.	7540.	0.2059577
7540.	7550.	0.723777
7550.	7560.	0.3301384
7560.	7570.	0.3882269
7570.	7580.	0.3510768
7580.	7590.	0.5292037
7590.	7600.	0.8231906
7600.	7610.	0.815653
7610.	7620.	0.2754731
7620.	7630.	0.3635873
7630.	7640.	0.9678915
7640.	7650.	0.3305227
7650.	7660.	0.5739556
7660.	7670.	0.5054095
7670.	7680.	0.7852048
7680.	7690.	0.2744253
7690.	7700.	0.6748807
7700.	7710.	0.4639364
7710.	7720.	0.8627659
7720.	7730.	0.129951
7730.	7740.	0.252968
7740.	7750.	0.2527664
7750.	7760.	0.5733036
7760.	7770.	0.6069415
7770.	7780.	0.806571
7780.	7790.	0.1606447
7790.	7800.	0.4243043
7800.	7810.	0.2374649
7810.	7820.	0.7575396
7820.	7830.	0.1096138
7830.	7840.	0.3445123
7840.	7850.	0.2237678
7850.	7860.	0.8334645
7860.	7870.	0.682842
7870.	7880.	0.2871612
7880.	7890.	0.2183604
7890.	7900.	0.4057947
7900.	7910.	0.3151606
7910.	7920.	0.8039482
7920.	7930.	0.4709712
7930.	7940.	0.3734006
7940.	7950.	0.4120959
7950.	7960.	0.3606995
7960.	7970.	0.2069995
7970.	7980.	0.8952638
7980.	7990.	0.2360357
7990.	8000.	0.6461884
8000.	8010.	0.1026097
8010.	8020.	0.1930705
8020.	8030.	0.1652375
8030.	8040.	0.1248987
8040.	8050.	0.518765
8050.	8060.	0.5983918
8060.	8070.	0.4218125
8070.	8080.	0.2778052
8080.	8090.	0.0730867
8090.	8100.	0.1176786
8100.	8110.	0.1533369
8110.	8120.	0.7793243
8120.	8130.	0.4721631
8130.	8140.	0.1144069
8140.	8150.	0.5224164
8150.	8160.	0.1868208
8160.	8170.	0.5756292
8170.	8180.	0.1421054
8180.	8190.	0.2356874
8190.	8200.	0.1546028
8200.	8210.	0.1690672
8210.	8220.	0.1820441
8220.	8230.	0.5731748
8230.	8240.	0.1124806
8240.	8250.	0.5236779
8250.	8260.	0.1296022
8260.	8270.	0.09715005
8270.	8280.	0.1184776
8280.	8290.	0.07039867
8290.	8300.	0.3847027
8300.	8310.	0.119729
8310.	8320.	0.08374073
8320.	8330.	0.1966639
8330.	8340.	0.1233401
8340.	8350.	0.2171869
8350.	8360.	0.7343131
8360.	8370.	0.1789943
8370.	8380.	0.3204113
8380.	8390.	0.1358905
8390.	8400.	0.05019683
8400.	8410.	0.05800423
8410.	8420.	0.2416447
8420.	8430.	0.1942714
8430.	8440.	0.3954289
8440.	8450.	0.4343746
8450.	8460.	0.4155058
8460.	8470.	0.4168465
8470.	8480.	0.1792462
8480.	8490.	0.4374944
8490.	8500.	0.3445359
8500.	8510.	0.09870215
8510.	8520.	0.1299806
8520.	8530.	0.06270869
8530.	8540.	0.09625627
8540.	8550.	0.1505838
8550.	8560.	0.06684491
8560.	8570.	0.04678206
8570.	8580.	0.1641191
8580.	8590.	0.1318213
8590.	8600.	0.09508526
8600.	8610.	0.0297431
8610.	8620.	0.05850928
8620.	8630.	0.05465978
8630.	8640.	0.6973134
8640.	8650.	0.1509242
8650.	8660.	0.4157542
8660.	8670.	0.0777983
8670.	8680.	0.05893066
8680.	8690.	0.06150378
8690.	8700.	0.3757536
8700.	8710.	0.1469713
8710.	8720.	0.1046425
8720.	8730.	0.6721708
8730.	8740.	0.04612649
8740.	8750.	0.02879159
8750.	8760.	0.06258612
8760.	8770.	0.01807359
8770.	8780.	0.0442274
8780.	8790.	0.06936592
8790.	8800.	0.0322641
8800.	8810.	0.02714272
8810.	8820.	0.1384687
8820.	8830.	0.06200429
8830.	8840.	0.0723395
8840.	8850.	0.02808336
8850.	8860.	0.1840497
8860.	8870.	0.04862839
8870.	8880.	0.3589278
8880.	8890.	0.03289899
8890.	8900.	0.3870731
8900.	8910.	0.03550696
8910.	8920.	0.112672
8920.	8930.	0.03722499
8930.	8940.	0.1869179
8940.	8950.	0.09665473
8950.	8960.	0.350502
8960.	8970.	0.03739118
8970.	8980.	0.5054361
8980.	8990.	0.02206753
8990.	9000.	0.01559139
9000.	9010.	0.02473577
9010.	9020.	0.02862133
9020.	9030.	0.020613
9030.	9040.	0.02181417
9040.	9050.	0.01496994
9050.	9060.	0.03943248
9060.	9070.	0.01395439
9070.	9080.	0.01936061
9080.	9090.	0.01140173
9090.	9100.	0.03790318
9100.	9110.	0.03006986
9110.	9120.	0.01878225
9120.	9130.	0.0593477
9130.	9140.	0.01181971
9140.	9150.	0.3316228
9150.	9160.	0.05455336
9160.	9170.	0.01281746
9170.	9180.	0.02779979
9180.	9190.	0.03041875
9190.	9200.	0.06503055
9200.	9210.	0.03441198
9210.	9220.	0.03085913
9220.	9230.	0.1801494
9230.	9240.	0.02264349
9240.	9250.	0.02293637
9250.	9260.	0.01072981
9260.	9270.	0.01987726
9270.	9280.	0.03996612
9280.	9290.	0.123714
9290.	9300.	0.007736345
9300.	9310.	0.04563191
9310.	9320.	0.01956337
9320.	9330.	0.007129118
9330.	9340.	0.01627889
9340.	9350.	0.009620319
9350.	9360.	0.01596369
9360.	9370.	0.07357139
9370.	9380.	0.008857056
9380.	9390.	0.008042849
9390.	9400.	0.003706882
9400.	9410.	0.02103213
9410.	9420.	0.05774549
9420.	9430.	0.0605987
9430.	9440.	0.004443871
9440.	9450.	0.01008627
9450.	9460.	0.05241215
9460.	9470.	0.01843921
9470.	9480.	0.005174941
9480.	9490.	0.003377778
9490.	9500.	0.004745283
9500.	9510.	0.00711123
9510.	9520.	0.008539112
9520.	9530.	0.005475755
9530.	9540.	0.002349818
9540.	9550.	0.002513484
9550.	9560.	0.008924989
9560.	9570.	0.03455353
9570.	9580.	0.0240161
9580.	9590.	0.005607398
9590.	9600.	0.005670954
9600.	9610.	0.002983801
9610.	9620.	0.003573209
9620.	9630.	0.004184601
9630.	9640.	0.002382451
9640.	9650.	0.00723618
9650.	9660.	0.01612631
9660.	9670.	0.002522976
9670.	9680.	0.001801755
9680.	9690.	0.006311338
9690.	9700.	0.00266912
9700.	9710.	0.003980649
9710.	9720.	0.005511658
9720.	9730.	0.005088038
9730.	9740.	0.001264467
9740.	9750.	0.004826553
9750.	9760.	0.001442203
9760.	9770.	0.0002801611
9770.	9780.	0.001362022
9780.	9790.	0.001044711
9790.	9800.	0.0005020069
9800.	9810.	0.00362297
9810.	9820.	0.000504889
9820.	9830.	0.0004361467
9830.	9840.	0.001489117
9840.	9850.	0.01296581
9850.	9860.	0.0005885799
9860.	9870.	0.0003223417
9870.	9880.	0.0001260827
9880.	9890.	0.0009770112
9890.	9900.	0.00122126
9900.	9910.	0.0005212546
9910.	9920.	0.
9920.	9930.	0.
9930.	9940.	0.000231934
9940.	9950.	0.
9950.	9960.	0.
9960.	9970.	0.
9970.	9980.	0.00002416442
9980.	9990.	0.
9990.	10000.	0.
10000.	10010.	0.