-10.	0.	0.
0.	10.	0.
10.	20.	0.
20.	30.	0.
30.	40.	0.
40.	50.	0.
50.	60.	0.
60.	70.	0.
70.	80.	0.
80.	90.	0.
90.	100.	0.
100.	110.	0.
110.	120.	0.
120.	130.	0.
130.	140.	0.
140.	150.	0.
150.	160.	0.
160.	170.	0.
170.	180.	0.
180.	190.	0.
190.	200.	0.
200.	210.	0.
210.	220.	0.
220.	230.	0.
230.	240.	0.
240.	250.	0.
250.	260.	0.
260.	270.	0.
270.	280.	0.
280.	290.	0.
290.	300.	0.
300.	310.	0.
310.	320.	0.
320.	330.	0.
330.	340.	0.
340.	350.	61.81236
350.	360.	125.8225
360.	370.	160.9869
370.	380.	194.2282
380.	390.	251.0955
390.	400.	266.4799
400.	410.	289.5566
410.	420.	311.2596
420.	430.	332.9626
430.	440.	367.3028
440.	450.	365.9292
450.	460.	403.2913
460.	470.	418.6757
470.	480.	452.4665
480.	490.	445.8731
490.	500.	475.2684
500.	510.	498.345
510.	520.	513.4547
520.	530.	514.5535
530.	540.	534.8829
540.	550.	543.1246
550.	560.	580.7614
560.	570.	581.5856
570.	580.	579.1131
580.	590.	636.5299
590.	600.	616.2005
600.	610.	629.3872
610.	620.	633.508
620.	630.	627.4641
630.	640.	656.3099
640.	650.	671.6943
650.	660.	677.4634
660.	670.	667.8482
670.	680.	679.9359
680.	690.	683.782
690.	700.	698.617
700.	710.	727.1881
710.	720.	709.3312
720.	730.	715.1003
730.	740.	741.7483
740.	750.	722.5178
750.	760.	772.2424
760.	770.	731.8583
770.	780.	753.8361
780.	790.	734.6055
790.	800.	760.1546
800.	810.	787.0774
810.	820.	770.8688
820.	830.	758.2316
830.	840.	780.7588
840.	850.	765.9238
850.	860.	759.0558
860.	870.	759.8799
870.	880.	761.5283
880.	890.	787.3521
890.	900.	761.5283
900.	910.	751.6383
910.	920.	812.6265
920.	930.	759.8799
930.	940.	776.9127
940.	950.	778.561
950.	960.	763.726
960.	970.	776.0885
970.	980.	788.7257
980.	990.	779.3852
990.	1000.	748.3416
1000.	1010.	794.7696
1010.	1020.	784.0554
1020.	1030.	783.2313
1030.	1040.	776.6379
1040.	1050.	779.6599
1050.	1060.	788.451
1060.	1070.	771.693
1070.	1080.	778.0116
1080.	1090.	774.1654
1090.	1100.	785.1543
1100.	1110.	784.8796
1110.	1120.	773.8907
1120.	1130.	770.8688
1130.	1140.	773.616
1140.	1150.	781.3082
1150.	1160.	760.7041
1160.	1170.	771.1435
1170.	1180.	794.2201
1180.	1190.	760.1546
1190.	1200.	797.5168
1200.	1210.	779.1104
1210.	1220.	740.9241
1220.	1230.	784.0554
1230.	1240.	751.6383
1240.	1250.	749.1658
1250.	1260.	737.3528
1260.	1270.	753.5613
1270.	1280.	736.8033
1280.	1290.	751.3636
1290.	1300.	750.2647
1300.	1310.	752.1877
1310.	1320.	721.9683
1320.	1330.	733.5067
1330.	1340.	731.3089
1340.	1350.	736.5286
1350.	1360.	740.6494
1360.	1370.	746.968
1370.	1380.	734.0561
1380.	1390.	737.078
1390.	1400.	717.5728
1400.	1410.	711.8036
1410.	1420.	738.1769
1420.	1430.	720.5947
1430.	1440.	719.7706
1440.	1450.	740.6494
1450.	1460.	714.2761
1460.	1470.	703.8367
1470.	1480.	690.6501
1480.	1490.	692.0237
1490.	1500.	707.6828
1500.	1510.	702.7378
1510.	1520.	701.3642
1520.	1530.	684.8809
1530.	1540.	680.7601
1540.	1550.	687.0787
1550.	1560.	676.0898
1560.	1570.	698.0676
1570.	1580.	675.5404
1580.	1590.	690.1006
1590.	1600.	678.5623
1600.	1610.	661.5296
1610.	1620.	656.3099
1620.	1630.	675.5404
1630.	1640.	673.6173
1640.	1650.	646.1452
1650.	1660.	660.7054
1660.	1670.	658.2329
1670.	1680.	651.0902
1680.	1690.	662.3538
1690.	1700.	637.3541
1700.	1710.	659.6065
1710.	1720.	668.9471
1720.	1730.	646.6946
1730.	1740.	638.1783
1740.	1750.	593.6734
1750.	1760.	623.0686
1760.	1770.	626.64
1770.	1780.	651.9143
1780.	1790.	639.8266
1790.	1800.	636.5299
1800.	1810.	603.2886
1810.	1820.	637.6288
1820.	1830.	610.4314
1830.	1840.	629.1124
1840.	1850.	604.1128
1850.	1860.	607.1347
1860.	1870.	598.0689
1870.	1880.	611.2555
1880.	1890.	605.7611
1890.	1900.	605.4864
1900.	1910.	597.2447
1910.	1920.	586.8053
1920.	1930.	582.9592
1930.	1940.	587.3548
1940.	1950.	599.4425
1950.	1960.	573.6187
1960.	1970.	595.5964
1970.	1980.	584.0581
1980.	1990.	574.7176
1990.	2000.	588.7284
2000.	2010.	550.2674
2010.	2020.	568.9309
2020.	2030.	564.8012
2030.	2040.	564.1488
2040.	2050.	568.539
2050.	2060.	581.6467
2060.	2070.	542.0682
2070.	2080.	554.7498
2080.	2090.	540.7085
2090.	2100.	540.5474
2100.	2110.	570.7677
2110.	2120.	537.2052
2120.	2130.	539.2637
2130.	2140.	547.9337
2140.	2150.	538.326
2150.	2160.	535.4462
2160.	2170.	531.4703
2170.	2180.	538.3371
2180.	2190.	520.4851
2190.	2200.	519.1334
2200.	2210.	527.4827
2210.	2220.	537.7904
2220.	2230.	511.6179
2230.	2240.	517.4257
2240.	2250.	493.7698
2250.	2260.	509.8488
2260.	2270.	492.7054
2270.	2280.	482.6066
2280.	2290.	508.384
2290.	2300.	497.4035
2300.	2310.	489.2058
2310.	2320.	503.5156
2320.	2330.	506.2208
2330.	2340.	495.1302
2340.	2350.	486.8874
2350.	2360.	512.5324
2360.	2370.	490.4799
2370.	2380.	480.8482
2380.	2390.	480.4074
2390.	2400.	495.0954
2400.	2410.	476.8387
2410.	2420.	503.7375
2420.	2430.	470.6424
2430.	2440.	467.3292
2440.	2450.	491.9203
2450.	2460.	487.8466
2460.	2470.	472.7563
2470.	2480.	459.3226
2480.	2490.	472.2312
2490.	2500.	452.9516
2500.	2510.	456.3528
2510.	2520.	437.6189
2520.	2530.	466.4651
2530.	2540.	470.7652
2540.	2550.	446.7005
2550.	2560.	429.0198
2560.	2570.	432.9229
2570.	2580.	431.4659
2580.	2590.	448.9961
2590.	2600.	430.6502
2600.	2610.	447.4777
2610.	2620.	427.6732
2620.	2630.	436.0423
2630.	2640.	430.1582
2640.	2650.	426.1793
2650.	2660.	421.2957
2660.	2670.	436.7234
2670.	2680.	412.8161
2680.	2690.	415.6299
2690.	2700.	439.4786
2700.	2710.	404.7725
2710.	2720.	412.2954
2720.	2730.	396.1506
2730.	2740.	421.8337
2740.	2750.	400.7835
2750.	2760.	423.5524
2760.	2770.	400.7018
2770.	2780.	381.5302
2780.	2790.	413.3492
2790.	2800.	407.6124
2800.	2810.	405.6378
2810.	2820.	389.6556
2820.	2830.	399.4849
2830.	2840.	386.783
2840.	2850.	408.6933
2850.	2860.	390.9447
2860.	2870.	369.8446
2870.	2880.	372.8656
2880.	2890.	382.9599
2890.	2900.	403.4883
2900.	2910.	378.8451
2910.	2920.	384.547
2920.	2930.	383.9838
2930.	2940.	365.0317
2940.	2950.	381.9428
2950.	2960.	377.76
2960.	2970.	369.1374
2970.	2980.	369.2504
2980.	2990.	363.8761
2990.	3000.	370.4627
3000.	3010.	364.6716
3010.	3020.	364.7052
3020.	3030.	343.9655
3030.	3040.	379.1247
3040.	3050.	346.8174
3050.	3060.	361.0689
3060.	3070.	363.6922
3070.	3080.	345.9718
3080.	3090.	347.6955
3090.	3100.	368.6248
3100.	3110.	339.6863
3110.	3120.	342.3991
3120.	3130.	346.8628
3130.	3140.	352.3667
3140.	3150.	338.1427
3150.	3160.	336.4061
3160.	3170.	334.9051
3170.	3180.	332.6321
3180.	3190.	351.8316
3190.	3200.	312.6112
3200.	3210.	350.9556
3210.	3220.	332.3413
3220.	3230.	328.4563
3230.	3240.	331.7926
3240.	3250.	327.9188
3250.	3260.	334.4876
3260.	3270.	316.8277
3270.	3280.	337.4856
3280.	3290.	336.3733
3290.	3300.	324.3455
3300.	3310.	324.3961
3310.	3320.	304.1915
3320.	3330.	300.7414
3330.	3340.	312.3214
3340.	3350.	322.1916
3350.	3360.	313.8082
3360.	3370.	331.1096
3370.	3380.	309.8371
3380.	3390.	303.9254
3390.	3400.	295.9432
3400.	3410.	312.7065
3410.	3420.	298.7697
3420.	3430.	289.263
3430.	3440.	298.7706
3440.	3450.	296.0418
3450.	3460.	307.2707
3460.	3470.	290.5506
3470.	3480.	275.7534
3480.	3490.	283.0555
3490.	3500.	298.8774
3500.	3510.	281.998
3510.	3520.	277.7093
3520.	3530.	292.7737
3530.	3540.	287.6399
3540.	3550.	305.5763
3550.	3560.	292.4201
3560.	3570.	275.8057
3570.	3580.	273.9636
3580.	3590.	287.6178
3590.	3600.	290.065
3600.	3610.	282.3683
3610.	3620.	289.8914
3620.	3630.	293.0238
3630.	3640.	266.9588
3640.	3650.	276.5281
3650.	3660.	283.3504
3660.	3670.	286.918
3670.	3680.	280.1173
3680.	3690.	273.407
3690.	3700.	264.5138
3700.	3710.	261.2082
3710.	3720.	266.8863
3720.	3730.	272.4353
3730.	3740.	261.395
3740.	3750.	281.0686
3750.	3760.	265.5879
3760.	3770.	248.6818
3770.	3780.	260.6395
3780.	3790.	248.1443
3790.	3800.	250.8131
3800.	3810.	258.5536
3810.	3820.	255.1824
3820.	3830.	246.0705
3830.	3840.	262.9323
3840.	3850.	243.5813
3850.	3860.	272.0288
3860.	3870.	259.3638
3870.	3880.	238.6457
3880.	3890.	247.8077
3890.	3900.	258.3449
3900.	3910.	230.6656
3910.	3920.	248.9162
3920.	3930.	241.1266
3930.	3940.	253.8491
3940.	3950.	258.8921
3950.	3960.	248.9265
3960.	3970.	234.5635
3970.	3980.	228.3706
3980.	3990.	240.1929
3990.	4000.	222.742
4000.	4010.	234.4395
4010.	4020.	232.5857
4020.	4030.	240.0685
4030.	4040.	232.5588
4040.	4050.	223.5089
4050.	4060.	219.5122
4060.	4070.	231.3256
4070.	4080.	224.9247
4080.	4090.	239.5298
4090.	4100.	223.0222
4100.	4110.	217.8031
4110.	4120.	228.8182
4120.	4130.	224.8575
4130.	4140.	230.4696
4140.	4150.	221.412
4150.	4160.	217.2053
4160.	4170.	213.3285
4170.	4180.	224.0079
4180.	4190.	216.7182
4190.	4200.	215.9039
4200.	4210.	201.7315
4210.	4220.	211.1443
4220.	4230.	210.6233
4230.	4240.	216.1937
4240.	4250.	217.456
4250.	4260.	203.582
4260.	4270.	210.3078
4270.	4280.	209.1508
4280.	4290.	207.519
4290.	4300.	205.7731
4300.	4310.	206.6435
4310.	4320.	194.9673
4320.	4330.	209.4724
4330.	4340.	204.2679
4340.	4350.	203.2477
4350.	4360.	203.6724
4360.	4370.	194.8942
4370.	4380.	188.3189
4380.	4390.	188.6434
4390.	4400.	194.8733
4400.	4410.	195.3012
4410.	4420.	206.1884
4420.	4430.	191.8601
4430.	4440.	185.3579
4440.	4450.	203.3579
4450.	4460.	200.6805
4460.	4470.	184.7533
4470.	4480.	187.4161
4480.	4490.	189.2617
4490.	4500.	193.9812
4500.	4510.	176.0414
4510.	4520.	183.8396
4520.	4530.	187.1655
4530.	4540.	197.6846
4540.	4550.	191.6257
4550.	4560.	194.5352
4560.	4570.	180.4352
4570.	4580.	179.9669
4580.	4590.	181.6025
4590.	4600.	178.9083
4600.	4610.	165.7921
4610.	4620.	177.8283
4620.	4630.	175.9394
4630.	4640.	175.3227
4640.	4650.	171.8754
4650.	4660.	176.4438
4660.	4670.	170.9716
4670.	4680.	181.1065
4680.	4690.	173.6265
4690.	4700.	162.9188
4700.	4710.	167.5689
4710.	4720.	166.5079
4720.	4730.	167.1321
4730.	4740.	174.5871
4740.	4750.	175.8225
4750.	4760.	172.5305
4760.	4770.	163.5546
4770.	4780.	158.9214
4780.	4790.	177.111
4790.	4800.	167.5122
4800.	4810.	149.9701
4810.	4820.	170.1194
4820.	4830.	166.9718
4830.	4840.	168.3452
4840.	4850.	162.2229
4850.	4860.	143.7696
4860.	4870.	164.5555
4870.	4880.	157.6647
4880.	4890.	167.4289
4890.	4900.	150.535
4900.	4910.	149.309
4910.	4920.	160.4802
4920.	4930.	141.3523
4930.	4940.	155.3794
4940.	4950.	142.4311
4950.	4960.	153.144
4960.	4970.	143.6515
4970.	4980.	145.282
4980.	4990.	151.005
4990.	5000.	153.4241
5000.	5010.	141.9058
5010.	5020.	145.3057
5020.	5030.	146.2065
5030.	5040.	156.5614
5040.	5050.	138.9487
5050.	5060.	140.7518
5060.	5070.	147.3459
5070.	5080.	150.7618
5080.	5090.	140.9165
5090.	5100.	145.2893
5100.	5110.	143.0243
5110.	5120.	138.8926
5120.	5130.	140.2171
5130.	5140.	155.0163
5140.	5150.	145.7409
5150.	5160.	136.4729
5160.	5170.	136.483
5170.	5180.	131.6353
5180.	5190.	146.1294
5190.	5200.	134.8219
5200.	5210.	134.5949
5210.	5220.	135.6659
5220.	5230.	133.1228
5230.	5240.	138.4829
5240.	5250.	135.0549
5250.	5260.	139.1549
5260.	5270.	131.2209
5270.	5280.	124.2346
5280.	5290.	125.9112
5290.	5300.	133.4585
5300.	5310.	127.7671
5310.	5320.	136.6739
5320.	5330.	130.8011
5330.	5340.	144.6112
5340.	5350.	125.0295
5350.	5360.	114.2297
5360.	5370.	140.1355
5370.	5380.	126.0963
5380.	5390.	123.6766
5390.	5400.	129.294
5400.	5410.	126.0421
5410.	5420.	122.4756
5420.	5430.	122.4744
5430.	5440.	125.5484
5440.	5450.	128.3119
5450.	5460.	129.7104
5460.	5470.	117.218
5470.	5480.	121.6677
5480.	5490.	105.171
5490.	5500.	116.2493
5500.	5510.	109.4802
5510.	5520.	121.4478
5520.	5530.	116.1328
5530.	5540.	108.8025
5540.	5550.	115.8553
5550.	5560.	121.7783
5560.	5570.	122.5309
5570.	5580.	101.8537
5580.	5590.	121.0931
5590.	5600.	123.337
5600.	5610.	107.1449
5610.	5620.	123.1381
5620.	5630.	115.8094
5630.	5640.	113.1662
5640.	5650.	104.0519
5650.	5660.	116.55
5660.	5670.	115.9938
5670.	5680.	117.1587
5680.	5690.	104.9438
5690.	5700.	114.9081
5700.	5710.	108.9885
5710.	5720.	113.6349
5720.	5730.	109.921
5730.	5740.	118.893
5740.	5750.	115.5621
5750.	5760.	109.7391
5760.	5770.	110.2861
5770.	5780.	112.7048
5780.	5790.	118.6743
5790.	5800.	97.06484
5800.	5810.	101.5735
5810.	5820.	102.1809
5820.	5830.	111.4246
5830.	5840.	103.5712
5840.	5850.	104.5483
5850.	5860.	107.246
5860.	5870.	104.1426
5870.	5880.	104.969
5880.	5890.	107.3804
5890.	5900.	104.4748
5900.	5910.	97.35532
5910.	5920.	99.99888
5920.	5930.	95.46714
5930.	5940.	102.1023
5940.	5950.	101.8728
5950.	5960.	103.3191
5960.	5970.	104.3561
5970.	5980.	96.72192
5980.	5990.	97.86892
5990.	6000.	102.6106
6000.	6010.	94.16037
6010.	6020.	94.20984
6020.	6030.	89.8471
6030.	6040.	89.05076
6040.	6050.	92.24617
6050.	6060.	94.73812
6060.	6070.	93.18252
6070.	6080.	90.67443
6080.	6090.	96.05537
6090.	6100.	89.59
6100.	6110.	94.61296
6110.	6120.	88.82598
6120.	6130.	94.23797
6130.	6140.	94.76597
6140.	6150.	87.34587
6150.	6160.	83.12953
6160.	6170.	89.4835
6170.	6180.	92.7609
6180.	6190.	76.99658
6190.	6200.	97.38932
6200.	6210.	92.49531
6210.	6220.	79.54346
6220.	6230.	91.4368
6230.	6240.	84.05655
6240.	6250.	81.39546
6250.	6260.	89.96355
6260.	6270.	75.32418
6270.	6280.	86.34303
6280.	6290.	78.22257
6290.	6300.	79.16841
6300.	6310.	78.98201
6310.	6320.	89.66255
6320.	6330.	84.35083
6330.	6340.	77.87224
6340.	6350.	86.1224
6350.	6360.	84.22519
6360.	6370.	78.07224
6370.	6380.	77.3874
6380.	6390.	86.18356
6390.	6400.	72.31537
6400.	6410.	87.57879
6410.	6420.	86.67433
6420.	6430.	79.21844
6430.	6440.	74.83561
6440.	6450.	75.78348
6450.	6460.	84.32074
6460.	6470.	71.32005
6470.	6480.	79.95023
6480.	6490.	78.25112
6490.	6500.	85.7708
6500.	6510.	73.90117
6510.	6520.	70.51376
6520.	6530.	75.44816
6530.	6540.	78.08676
6540.	6550.	71.96916
6550.	6560.	83.81677
6560.	6570.	75.64105
6570.	6580.	74.95823
6580.	6590.	59.15603
6590.	6600.	72.68814
6600.	6610.	73.00355
6610.	6620.	70.72329
6620.	6630.	75.51777
6630.	6640.	71.75224
6640.	6650.	70.18698
6650.	6660.	66.91762
6660.	6670.	71.65158
6670.	6680.	70.87428
6680.	6690.	69.66919
6690.	6700.	64.79594
6700.	6710.	66.34786
6710.	6720.	62.06122
6720.	6730.	58.30495
6730.	6740.	64.49192
6740.	6750.	71.11451
6750.	6760.	66.96825
6760.	6770.	62.90907
6770.	6780.	61.30173
6780.	6790.	64.15656
6790.	6800.	66.23438
6800.	6810.	67.70272
6810.	6820.	61.95672
6820.	6830.	60.2833
6830.	6840.	67.16216
6840.	6850.	63.84497
6850.	6860.	66.69783
6860.	6870.	58.0276
6870.	6880.	57.32655
6880.	6890.	58.68991
6890.	6900.	62.80917
6900.	6910.	57.14189
6910.	6920.	61.38187
6920.	6930.	60.27903
6930.	6940.	61.18548
6940.	6950.	57.79445
6950.	6960.	61.60763
6960.	6970.	62.09897
6970.	6980.	59.65346
6980.	6990.	53.01188
6990.	7000.	55.12378
7000.	7010.	54.97845
7010.	7020.	56.73964
7020.	7030.	50.40478
7030.	7040.	58.25359
7040.	7050.	50.15919
7050.	7060.	63.82253
7060.	7070.	64.43851
7070.	7080.	53.86323
7080.	7090.	57.85507
7090.	7100.	59.35348
7100.	7110.	56.20691
7110.	7120.	53.08091
7120.	7130.	53.51042
7130.	7140.	61.07486
7140.	7150.	62.08065
7150.	7160.	56.04127
7160.	7170.	53.68956
7170.	7180.	56.3489
7180.	7190.	47.98005
7190.	7200.	51.6678
7200.	7210.	48.88489
7210.	7220.	49.46643
7220.	7230.	53.65677
7230.	7240.	50.39534
7240.	7250.	54.87412
7250.	7260.	53.64368
7260.	7270.	46.79602
7270.	7280.	54.70654
7280.	7290.	53.09798
7290.	7300.	49.76745
7300.	7310.	51.94642
7310.	7320.	48.84314
7320.	7330.	45.16773
7330.	7340.	49.17729
7340.	7350.	49.17683
7350.	7360.	56.12479
7360.	7370.	44.68991
7370.	7380.	49.65487
7380.	7390.	52.38733
7390.	7400.	45.46842
7400.	7410.	55.0994
7410.	7420.	42.69594
7420.	7430.	50.58854
7430.	7440.	42.20693
7440.	7450.	40.06843
7450.	7460.	53.9824
7460.	7470.	48.83616
7470.	7480.	46.75658
7480.	7490.	48.69099
7490.	7500.	46.30704
7500.	7510.	43.49814
7510.	7520.	45.65338
7520.	7530.	43.74255
7530.	7540.	51.8724
7540.	7550.	40.55362
7550.	7560.	44.78977
7560.	7570.	45.7522
7570.	7580.	47.10022
7580.	7590.	42.44505
7590.	7600.	46.79303
7600.	7610.	38.94121
7610.	7620.	40.71514
7620.	7630.	36.43524
7630.	7640.	45.01536
7640.	7650.	48.59822
7650.	7660.	43.1481
7660.	7670.	39.98685
7670.	7680.	37.75495
7680.	7690.	42.62244
7690.	7700.	40.36535
7700.	7710.	43.14081
7710.	7720.	34.25434
7720.	7730.	39.64777
7730.	7740.	40.07733
7740.	7750.	41.94942
7750.	7760.	37.80708
7760.	7770.	48.00093
7770.	7780.	38.00319
7780.	7790.	42.40775
7790.	7800.	31.41281
7800.	7810.	34.07307
7810.	7820.	37.74063
7820.	7830.	33.75439
7830.	7840.	39.09677
7840.	7850.	39.62764
7850.	7860.	41.14497
7860.	7870.	32.07813
7870.	7880.	37.0897
7880.	7890.	29.74721
7890.	7900.	42.50436
7900.	7910.	35.92263
7910.	7920.	42.11739
7920.	7930.	36.56278
7930.	7940.	36.70675
7940.	7950.	33.19865
7950.	7960.	33.96734
7960.	7970.	30.49563
7970.	7980.	32.32873
7980.	7990.	39.45236
7990.	8000.	33.13612
8000.	8010.	38.07378
8010.	8020.	34.03759
8020.	8030.	31.90566
8030.	8040.	31.7453
8040.	8050.	34.05458
8050.	8060.	30.98
8060.	8070.	32.35413
8070.	8080.	30.25051
8080.	8090.	25.41716
8090.	8100.	33.50785
8100.	8110.	29.24733
8110.	8120.	28.40646
8120.	8130.	31.32961
8130.	8140.	25.52277
8140.	8150.	27.48161
8150.	8160.	28.83639
8160.	8170.	28.26958
8170.	8180.	27.51168
8180.	8190.	29.88774
8190.	8200.	24.43743
8200.	8210.	28.07455
8210.	8220.	30.94215
8220.	8230.	29.89861
8230.	8240.	29.13609
8240.	8250.	29.39364
8250.	8260.	26.51328
8260.	8270.	24.23419
8270.	8280.	31.95394
8280.	8290.	26.03058
8290.	8300.	29.53631
8300.	8310.	26.73564
8310.	8320.	32.28979
8320.	8330.	27.12668
8330.	8340.	21.79802
8340.	8350.	24.97425
8350.	8360.	24.75238
8360.	8370.	30.35651
8370.	8380.	31.71467
8380.	8390.	25.5168
8390.	8400.	28.91267
8400.	8410.	24.5499
8410.	8420.	22.3176
8420.	8430.	28.82327
8430.	8440.	27.43924
8440.	8450.	26.65482
8450.	8460.	28.68052
8460.	8470.	23.65165
8470.	8480.	23.88614
8480.	8490.	23.91317
8490.	8500.	24.79625
8500.	8510.	27.54079
8510.	8520.	23.91819
8520.	8530.	23.66243
8530.	8540.	18.45401
8540.	8550.	28.13162
8550.	8560.	27.44059
8560.	8570.	16.96286
8570.	8580.	24.5411
8580.	8590.	21.47596
8590.	8600.	20.24633
8600.	8610.	18.82806
8610.	8620.	17.02099
8620.	8630.	17.66071
8630.	8640.	22.77156
8640.	8650.	23.81332
8650.	8660.	26.70201
8660.	8670.	20.46323
8670.	8680.	21.61671
8680.	8690.	24.06889
8690.	8700.	21.78462
8700.	8710.	18.59578
8710.	8720.	26.65317
8720.	8730.	16.43123
8730.	8740.	21.77466
8740.	8750.	19.58234
8750.	8760.	16.14937
8760.	8770.	19.37788
8770.	8780.	19.45963
8780.	8790.	23.32889
8790.	8800.	19.73659
8800.	8810.	18.52102
8810.	8820.	22.45315
8820.	8830.	20.74331
8830.	8840.	22.73922
8840.	8850.	18.4383
8850.	8860.	16.29936
8860.	8870.	18.38951
8870.	8880.	20.15654
8880.	8890.	15.32474
8890.	8900.	21.14369
8900.	8910.	18.68413
8910.	8920.	17.15384
8920.	8930.	17.22846
8930.	8940.	20.73463
8940.	8950.	16.93053
8950.	8960.	15.61649
8960.	8970.	15.63722
8970.	8980.	17.5512
8980.	8990.	19.12403
8990.	9000.	13.75318
9000.	9010.	18.06155
9010.	9020.	14.02987
9020.	9030.	15.08997
9030.	9040.	15.766
9040.	9050.	15.74641
9050.	9060.	15.599
9060.	9070.	12.3569
9070.	9080.	15.45043
9080.	9090.	15.9277
9090.	9100.	16.09251
9100.	9110.	13.91156
9110.	9120.	17.02687
9120.	9130.	12.52827
9130.	9140.	14.6381
9140.	9150.	12.732
9150.	9160.	14.54848
9160.	9170.	14.92073
9170.	9180.	13.1718
9180.	9190.	12.7556
9190.	9200.	11.48807
9200.	9210.	13.09997
9210.	9220.	14.12364
9220.	9230.	14.74894
9230.	9240.	12.79858
9240.	9250.	12.73951
9250.	9260.	10.04925
9260.	9270.	12.7119
9270.	9280.	13.62864
9280.	9290.	10.67102
9290.	9300.	11.46753
9300.	9310.	10.89337
9310.	9320.	9.841033
9320.	9330.	13.09486
9330.	9340.	12.26037
9340.	9350.	10.31545
9350.	9360.	10.47973
9360.	9370.	9.463765
9370.	9380.	11.35899
9380.	9390.	8.493466
9390.	9400.	11.21287
9400.	9410.	9.144121
9410.	9420.	8.28849
9420.	9430.	10.63372
9430.	9440.	8.862983
9440.	9450.	12.69381
9450.	9460.	8.781109
9460.	9470.	10.0278
9470.	9480.	8.100159
9480.	9490.	7.676674
9490.	9500.	10.27411
9500.	9510.	7.565537
9510.	9520.	8.27114
9520.	9530.	10.77781
9530.	9540.	7.364868
9540.	9550.	8.105337
9550.	9560.	8.115625
9560.	9570.	7.818886
9570.	9580.	7.231616
9580.	9590.	8.4871
9590.	9600.	4.70915
9600.	9610.	7.901065
9610.	9620.	7.576198
9620.	9630.	7.209647
9630.	9640.	8.853515
9640.	9650.	6.925967
9650.	9660.	6.393382
9660.	9670.	5.351649
9670.	9680.	6.901261
9680.	9690.	6.639894
9690.	9700.	5.530848
9700.	9710.	5.019912
9710.	9720.	5.089815
9720.	9730.	5.54244
9730.	9740.	6.102319
9740.	9750.	4.154269
9750.	9760.	5.003085
9760.	9770.	3.633284
9770.	9780.	4.143652
9780.	9790.	2.23235
9790.	9800.	3.324157
9800.	9810.	2.214972
9810.	9820.	3.453639
9820.	9830.	1.93507
9830.	9840.	5.64757
9840.	9850.	3.619606
9850.	9860.	4.444729
9860.	9870.	2.154314
9870.	9880.	1.932681
9880.	9890.	3.411017
9890.	9900.	1.843683
9900.	9910.	1.384915
9910.	9920.	2.437743
9920.	9930.	1.946656
9930.	9940.	1.931897
9940.	9950.	1.37779
9950.	9960.	1.107652
9960.	9970.	0.002053266
9970.	9980.	0.275275
9980.	9990.	0.5535024
9990.	10000.	0.00172725
10000.	10010.	0.