-10.	0.	0.
0.	10.	0.
10.	20.	0.
20.	30.	0.
30.	40.	0.
40.	50.	0.
50.	60.	0.
60.	70.	0.
70.	80.	0.
80.	90.	0.
90.	100.	0.
100.	110.	0.
110.	120.	0.
120.	130.	0.
130.	140.	0.
140.	150.	0.
150.	160.	0.
160.	170.	0.
170.	180.	0.
180.	190.	0.
190.	200.	0.
200.	210.	0.
210.	220.	0.
220.	230.	0.
230.	240.	0.
240.	250.	0.
250.	260.	0.
260.	270.	0.
270.	280.	0.
280.	290.	0.
290.	300.	0.
300.	310.	0.
310.	320.	0.
320.	330.	0.
330.	340.	0.
340.	350.	41.85421
350.	360.	86.03365
360.	370.	107.4258
370.	380.	125.5626
380.	390.	139.9791
390.	400.	135.7936
400.	410.	174.8576
410.	420.	173.9275
420.	430.	193.9245
430.	440.	199.9701
440.	450.	211.5963
450.	460.	222.7574
460.	470.	239.4991
470.	480.	235.3136
480.	490.	238.1039
490.	500.	238.1039
500.	510.	260.4262
510.	520.	225.0826
520.	530.	253.9155
530.	540.	262.2864
540.	550.	278.563
550.	560.	279.4931
560.	570.	257.1708
570.	580.	272.9824
580.	590.	292.9794
590.	600.	288.329
600.	610.	299.9551
610.	620.	291.5843
620.	630.	291.5843
630.	640.	292.0493
640.	650.	312.5114
650.	660.	284.1436
660.	670.	306.9308
670.	680.	307.8609
680.	690.	296.2348
690.	700.	305.0707
700.	710.	300.8852
710.	720.	282.2834
720.	730.	315.7667
730.	740.	312.5114
740.	750.	302.2804
750.	760.	299.4901
760.	770.	310.6512
770.	780.	291.5843
780.	790.	306.4658
790.	800.	300.4202
800.	810.	306.4658
810.	820.	301.3503
820.	830.	313.4415
830.	840.	296.6998
840.	850.	319.0221
850.	860.	280.8882
860.	870.	300.8852
870.	880.	292.0493
880.	890.	303.2105
890.	900.	302.7454
900.	910.	312.5114
910.	920.	283.2135
920.	930.	287.8639
930.	940.	280.4232
940.	950.	298.56
950.	960.	305.5357
960.	970.	294.8396
970.	980.	283.6785
980.	990.	286.0037
990.	1000.	278.0979
1000.	1010.	288.329
1010.	1020.	282.7484
1020.	1030.	276.2378
1030.	1040.	287.3989
1040.	1050.	270.6572
1050.	1060.	266.4718
1060.	1070.	269.7271
1070.	1080.	261.8213
1080.	1090.	291.5843
1090.	1100.	287.3989
1100.	1110.	272.9824
1110.	1120.	261.8213
1120.	1130.	257.1708
1130.	1140.	264.1465
1140.	1150.	277.1679
1150.	1160.	283.6785
1160.	1170.	268.332
1170.	1180.	267.4019
1180.	1190.	259.9611
1190.	1200.	263.6815
1200.	1210.	268.332
1210.	1220.	250.1951
1220.	1230.	270.6572
1230.	1240.	253.9155
1240.	1250.	246.4748
1250.	1260.	254.8456
1260.	1270.	238.1039
1270.	1280.	248.8
1280.	1290.	263.2165
1290.	1300.	259.9611
1300.	1310.	232.5234
1310.	1320.	233.9185
1320.	1330.	237.1738
1330.	1340.	234.3836
1340.	1350.	264.6116
1350.	1360.	239.034
1360.	1370.	241.3593
1370.	1380.	245.5447
1380.	1390.	240.8942
1390.	1400.	250.1951
1400.	1410.	243.6845
1410.	1420.	229.268
1420.	1430.	228.3379
1430.	1440.	227.8729
1440.	1450.	245.5447
1450.	1460.	233.9185
1460.	1470.	243.2194
1470.	1480.	236.7088
1480.	1490.	231.1282
1490.	1500.	219.037
1500.	1510.	214.3865
1510.	1520.	232.9884
1520.	1530.	236.7088
1530.	1540.	219.037
1540.	1550.	224.1525
1550.	1560.	233.4535
1560.	1570.	230.1981
1570.	1580.	209.271
1580.	1590.	219.037
1590.	1600.	238.1039
1600.	1610.	215.3166
1610.	1620.	210.6662
1620.	1630.	246.4748
1630.	1640.	222.7574
1640.	1650.	200.4351
1650.	1660.	211.5963
1660.	1670.	212.0613
1670.	1680.	208.806
1680.	1690.	198.1099
1690.	1700.	184.1585
1700.	1710.	193.9245
1710.	1720.	219.9671
1720.	1730.	189.7391
1730.	1740.	195.3196
1740.	1750.	213.9215
1750.	1760.	199.04
1760.	1770.	202.7604
1770.	1780.	191.1342
1780.	1790.	203.2254
1790.	1800.	180.9032
1800.	1810.	195.7847
1810.	1820.	193.9245
1820.	1830.	196.2497
1830.	1840.	198.575
1840.	1850.	168.812
1850.	1860.	179.9731
1860.	1870.	181.8333
1870.	1880.	189.274
1880.	1890.	176.2527
1890.	1900.	165.0916
1900.	1910.	179.508
1910.	1920.	171.6022
1920.	1930.	187.4138
1930.	1940.	180.4381
1940.	1950.	172.9974
1950.	1960.	182.7634
1960.	1970.	193.9245
1970.	1980.	175.3226
1980.	1990.	164.6265
1990.	2000.	179.508
2000.	2010.	176.2527
2010.	2020.	169.7332
2020.	2030.	184.1585
2030.	2040.	173.4429
2040.	2050.	170.1212
2050.	2060.	177.1828
2060.	2070.	160.9062
2070.	2080.	163.0366
2080.	2090.	168.2022
2090.	2100.	169.985
2100.	2110.	146.3622
2110.	2120.	151.5525
2120.	2130.	164.6265
2130.	2140.	148.815
2140.	2150.	166.1177
2150.	2160.	148.1914
2160.	2170.	155.5875
2170.	2180.	171.2844
2180.	2190.	146.5867
2190.	2200.	165.0514
2200.	2210.	153.0661
2210.	2220.	152.0391
2220.	2230.	155.8744
2230.	2240.	140.3189
2240.	2250.	151.5436
2250.	2260.	171.6297
2260.	2270.	168.7411
2270.	2280.	161.0288
2280.	2290.	147.4194
2290.	2300.	138.9895
2300.	2310.	140.1026
2310.	2320.	144.3999
2320.	2330.	139.9199
2330.	2340.	137.4091
2340.	2350.	142.2534
2350.	2360.	152.5101
2360.	2370.	151.2528
2370.	2380.	145.9898
2380.	2390.	137.6836
2390.	2400.	138.3817
2400.	2410.	155.8812
2410.	2420.	135.5903
2420.	2430.	142.7485
2430.	2440.	152.9217
2440.	2450.	142.7148
2450.	2460.	124.3963
2460.	2470.	148.302
2470.	2480.	132.562
2480.	2490.	142.1518
2490.	2500.	138.4584
2500.	2510.	127.3929
2510.	2520.	129.3457
2520.	2530.	122.2228
2530.	2540.	129.2797
2540.	2550.	118.0884
2550.	2560.	127.5831
2560.	2570.	131.3609
2570.	2580.	142.4581
2580.	2590.	116.2251
2590.	2600.	128.4211
2600.	2610.	141.0361
2610.	2620.	124.6228
2620.	2630.	137.3814
2630.	2640.	125.6149
2640.	2650.	125.5076
2650.	2660.	125.0951
2660.	2670.	117.6373
2670.	2680.	114.9934
2680.	2690.	115.8264
2690.	2700.	119.0382
2700.	2710.	133.0023
2710.	2720.	116.0881
2720.	2730.	107.9096
2730.	2740.	126.8657
2740.	2750.	104.4262
2750.	2760.	116.7923
2760.	2770.	123.7957
2770.	2780.	117.3535
2780.	2790.	135.1246
2790.	2800.	118.2759
2800.	2810.	115.8815
2810.	2820.	102.7442
2820.	2830.	109.6885
2830.	2840.	106.755
2840.	2850.	100.0189
2850.	2860.	105.7339
2860.	2870.	105.8344
2870.	2880.	113.455
2880.	2890.	113.6072
2890.	2900.	103.4348
2900.	2910.	108.8803
2910.	2920.	99.56839
2920.	2930.	93.97995
2930.	2940.	103.7677
2940.	2950.	103.7379
2950.	2960.	107.6547
2960.	2970.	102.1997
2970.	2980.	113.357
2980.	2990.	104.8653
2990.	3000.	93.29141
3000.	3010.	113.9995
3010.	3020.	119.7389
3020.	3030.	105.5282
3030.	3040.	100.6036
3040.	3050.	96.91535
3050.	3060.	84.07727
3060.	3070.	89.92812
3070.	3080.	88.82576
3080.	3090.	93.34832
3090.	3100.	108.7492
3100.	3110.	93.53986
3110.	3120.	76.05297
3120.	3130.	93.95185
3130.	3140.	103.1974
3140.	3150.	86.72627
3150.	3160.	85.05064
3160.	3170.	98.17502
3170.	3180.	91.63684
3180.	3190.	85.05661
3190.	3200.	98.8758
3200.	3210.	108.8505
3210.	3220.	101.8233
3220.	3230.	98.30419
3230.	3240.	95.90597
3240.	3250.	93.89914
3250.	3260.	93.482
3260.	3270.	88.80605
3270.	3280.	87.79562
3280.	3290.	96.41337
3290.	3300.	98.01505
3300.	3310.	99.59965
3310.	3320.	94.47917
3320.	3330.	90.71591
3330.	3340.	88.69987
3340.	3350.	79.35136
3350.	3360.	85.45572
3360.	3370.	78.71588
3370.	3380.	97.41647
3380.	3390.	90.86914
3390.	3400.	83.41188
3400.	3410.	77.6179
3410.	3420.	93.27145
3420.	3430.	88.61628
3430.	3440.	81.77178
3440.	3450.	72.54133
3450.	3460.	85.75786
3460.	3470.	70.10783
3470.	3480.	83.47916
3480.	3490.	78.06471
3490.	3500.	79.55678
3500.	3510.	78.53115
3510.	3520.	81.32227
3520.	3530.	73.25674
3530.	3540.	80.38259
3540.	3550.	83.10085
3550.	3560.	81.86437
3560.	3570.	82.26936
3570.	3580.	73.91115
3580.	3590.	71.30991
3590.	3600.	69.47616
3600.	3610.	87.12427
3610.	3620.	79.88736
3620.	3630.	85.50666
3630.	3640.	73.98755
3640.	3650.	84.69557
3650.	3660.	70.58842
3660.	3670.	84.56663
3670.	3680.	71.659
3680.	3690.	81.7321
3690.	3700.	72.42116
3700.	3710.	71.1952
3710.	3720.	70.69052
3720.	3730.	67.67943
3730.	3740.	75.65009
3740.	3750.	67.37429
3750.	3760.	70.71796
3760.	3770.	75.35357
3770.	3780.	81.41276
3780.	3790.	86.86448
3790.	3800.	76.67494
3800.	3810.	74.0983
3810.	3820.	72.89801
3820.	3830.	71.22533
3830.	3840.	69.04126
3840.	3850.	67.11038
3850.	3860.	76.81436
3860.	3870.	67.71196
3870.	3880.	69.57494
3880.	3890.	55.60988
3890.	3900.	67.50977
3900.	3910.	60.58611
3910.	3920.	62.2074
3920.	3930.	63.50608
3930.	3940.	59.72285
3940.	3950.	67.94606
3950.	3960.	63.37211
3960.	3970.	66.76539
3970.	3980.	63.36968
3980.	3990.	70.83535
3990.	4000.	65.27556
4000.	4010.	66.81014
4010.	4020.	64.76736
4020.	4030.	66.76459
4030.	4040.	62.52106
4040.	4050.	53.95966
4050.	4060.	53.54281
4060.	4070.	62.45491
4070.	4080.	63.50652
4080.	4090.	63.29679
4090.	4100.	57.72142
4100.	4110.	59.80147
4110.	4120.	59.25608
4120.	4130.	69.23567
4130.	4140.	65.99199
4140.	4150.	60.43874
4150.	4160.	66.23631
4160.	4170.	55.9545
4170.	4180.	57.23879
4180.	4190.	47.48258
4190.	4200.	50.07645
4200.	4210.	55.25369
4210.	4220.	57.29453
4220.	4230.	49.9902
4230.	4240.	46.05136
4240.	4250.	58.05806
4250.	4260.	57.40185
4260.	4270.	55.45962
4270.	4280.	48.84552
4280.	4290.	64.28296
4290.	4300.	58.30441
4300.	4310.	47.51911
4310.	4320.	57.81516
4320.	4330.	59.30486
4330.	4340.	56.25108
4340.	4350.	55.60982
4350.	4360.	50.22692
4360.	4370.	49.66924
4370.	4380.	56.90065
4380.	4390.	46.94344
4390.	4400.	48.40129
4400.	4410.	52.17282
4410.	4420.	55.69433
4420.	4430.	58.85863
4430.	4440.	50.642
4440.	4450.	54.42965
4450.	4460.	46.31574
4460.	4470.	46.74178
4470.	4480.	53.94744
4480.	4490.	44.07643
4490.	4500.	53.16118
4500.	4510.	42.29024
4510.	4520.	51.51444
4520.	4530.	46.75086
4530.	4540.	43.30851
4540.	4550.	53.53476
4550.	4560.	50.86815
4560.	4570.	51.60931
4570.	4580.	43.8564
4580.	4590.	48.97877
4590.	4600.	42.682
4600.	4610.	49.25927
4610.	4620.	55.54187
4620.	4630.	56.68389
4630.	4640.	48.34147
4640.	4650.	48.77533
4650.	4660.	46.29682
4660.	4670.	46.73949
4670.	4680.	37.03082
4680.	4690.	39.88929
4690.	4700.	47.74848
4700.	4710.	41.32901
4710.	4720.	43.30094
4720.	4730.	44.28062
4730.	4740.	35.46484
4740.	4750.	45.99269
4750.	4760.	39.25945
4760.	4770.	45.66866
4770.	4780.	44.32186
4780.	4790.	52.14537
4790.	4800.	45.83027
4800.	4810.	43.79502
4810.	4820.	43.08033
4820.	4830.	34.78874
4830.	4840.	37.09542
4840.	4850.	40.5074
4850.	4860.	41.10323
4860.	4870.	40.61371
4870.	4880.	33.37162
4880.	4890.	41.37373
4890.	4900.	54.13716
4900.	4910.	40.34222
4910.	4920.	39.77758
4920.	4930.	44.12804
4930.	4940.	40.28397
4940.	4950.	47.94634
4950.	4960.	37.3234
4960.	4970.	40.52792
4970.	4980.	42.17108
4980.	4990.	39.40516
4990.	5000.	35.07971
5000.	5010.	40.05489
5010.	5020.	40.0143
5020.	5030.	41.53576
5030.	5040.	36.33848
5040.	5050.	41.57409
5050.	5060.	27.70903
5060.	5070.	36.97724
5070.	5080.	43.62676
5080.	5090.	42.81332
5090.	5100.	32.86202
5100.	5110.	38.80351
5110.	5120.	40.06209
5120.	5130.	42.52922
5130.	5140.	40.04801
5140.	5150.	38.66574
5150.	5160.	35.68596
5160.	5170.	30.81471
5170.	5180.	39.75483
5180.	5190.	37.52626
5190.	5200.	34.84942
5200.	5210.	32.72015
5210.	5220.	32.18676
5220.	5230.	28.45435
5230.	5240.	38.73583
5240.	5250.	35.28241
5250.	5260.	35.33121
5260.	5270.	32.21234
5270.	5280.	30.01006
5280.	5290.	36.14398
5290.	5300.	38.48386
5300.	5310.	28.92404
5310.	5320.	33.44278
5320.	5330.	33.20089
5330.	5340.	34.65899
5340.	5350.	35.76854
5350.	5360.	31.37212
5360.	5370.	32.75361
5370.	5380.	34.19427
5380.	5390.	31.22283
5390.	5400.	25.55125
5400.	5410.	27.47569
5410.	5420.	30.92872
5420.	5430.	27.00234
5430.	5440.	30.5599
5440.	5450.	29.39208
5450.	5460.	30.77466
5460.	5470.	31.56332
5470.	5480.	31.50307
5480.	5490.	26.97597
5490.	5500.	30.7224
5500.	5510.	30.79452
5510.	5520.	25.42445
5520.	5530.	29.62313
5530.	5540.	31.93797
5540.	5550.	31.2014
5550.	5560.	27.95622
5560.	5570.	27.23441
5570.	5580.	29.81207
5580.	5590.	20.33836
5590.	5600.	33.79085
5600.	5610.	36.41413
5610.	5620.	31.92601
5620.	5630.	23.80427
5630.	5640.	29.21295
5640.	5650.	27.79942
5650.	5660.	28.45906
5660.	5670.	24.16233
5670.	5680.	26.72665
5680.	5690.	28.68622
5690.	5700.	34.25427
5700.	5710.	23.44797
5710.	5720.	24.19589
5720.	5730.	29.12788
5730.	5740.	29.94592
5740.	5750.	22.24454
5750.	5760.	31.95003
5760.	5770.	28.37201
5770.	5780.	26.7613
5780.	5790.	30.48291
5790.	5800.	24.38886
5800.	5810.	29.58997
5810.	5820.	26.45457
5820.	5830.	19.84606
5830.	5840.	23.00922
5840.	5850.	24.16695
5850.	5860.	21.34501
5860.	5870.	23.16701
5870.	5880.	30.13252
5880.	5890.	23.71456
5890.	5900.	22.22296
5900.	5910.	27.35617
5910.	5920.	24.69455
5920.	5930.	34.32201
5930.	5940.	22.04295
5940.	5950.	28.92291
5950.	5960.	24.04461
5960.	5970.	22.50789
5970.	5980.	22.02174
5980.	5990.	20.48375
5990.	6000.	28.9306
6000.	6010.	23.53988
6010.	6020.	26.35042
6020.	6030.	24.43241
6030.	6040.	18.44618
6040.	6050.	23.98165
6050.	6060.	18.75614
6060.	6070.	22.63994
6070.	6080.	21.6888
6080.	6090.	23.76519
6090.	6100.	22.0611
6100.	6110.	21.86575
6110.	6120.	21.75576
6120.	6130.	19.53911
6130.	6140.	24.0039
6140.	6150.	20.30603
6150.	6160.	23.4386
6160.	6170.	22.86547
6170.	6180.	24.48363
6180.	6190.	24.93705
6190.	6200.	21.12433
6200.	6210.	22.33066
6210.	6220.	26.27704
6220.	6230.	19.84591
6230.	6240.	19.61352
6240.	6250.	18.40184
6250.	6260.	23.77645
6260.	6270.	20.21232
6270.	6280.	17.25155
6280.	6290.	28.50921
6290.	6300.	16.52528
6300.	6310.	23.49815
6310.	6320.	23.12272
6320.	6330.	19.85242
6330.	6340.	17.95884
6340.	6350.	19.54362
6350.	6360.	15.25186
6360.	6370.	19.71731
6370.	6380.	27.96208
6380.	6390.	21.28042
6390.	6400.	19.01088
6400.	6410.	21.43205
6410.	6420.	22.03512
6420.	6430.	17.65815
6430.	6440.	19.69492
6440.	6450.	14.85996
6450.	6460.	14.93879
6460.	6470.	17.58768
6470.	6480.	18.90603
6480.	6490.	20.98223
6490.	6500.	19.12068
6500.	6510.	16.38916
6510.	6520.	17.81613
6520.	6530.	22.15684
6530.	6540.	21.98066
6540.	6550.	21.2428
6550.	6560.	19.2072
6560.	6570.	13.67651
6570.	6580.	20.44899
6580.	6590.	16.96097
6590.	6600.	15.14538
6600.	6610.	23.78162
6610.	6620.	15.0787
6620.	6630.	19.26559
6630.	6640.	14.26588
6640.	6650.	16.87635
6650.	6660.	17.49838
6660.	6670.	20.01945
6670.	6680.	24.44158
6680.	6690.	15.43048
6690.	6700.	13.71965
6700.	6710.	25.21938
6710.	6720.	18.76412
6720.	6730.	15.92532
6730.	6740.	16.45246
6740.	6750.	12.27267
6750.	6760.	19.42503
6760.	6770.	20.59821
6770.	6780.	25.30979
6780.	6790.	17.42872
6790.	6800.	15.9257
6800.	6810.	12.25069
6810.	6820.	16.29962
6820.	6830.	15.70828
6830.	6840.	14.199
6840.	6850.	13.42433
6850.	6860.	16.82608
6860.	6870.	12.98775
6870.	6880.	17.88462
6880.	6890.	14.67243
6890.	6900.	15.23044
6900.	6910.	15.9679
6910.	6920.	17.50555
6920.	6930.	12.60876
6930.	6940.	13.4093
6940.	6950.	13.40475
6950.	6960.	14.86596
6960.	6970.	12.82617
6970.	6980.	14.87221
6980.	6990.	15.86986
6990.	7000.	16.04821
7000.	7010.	16.5661
7010.	7020.	15.86798
7020.	7030.	13.59973
7030.	7040.	16.48544
7040.	7050.	14.03062
7050.	7060.	14.09857
7060.	7070.	11.89968
7070.	7080.	14.0698
7080.	7090.	14.69347
7090.	7100.	8.564894
7100.	7110.	12.02066
7110.	7120.	10.38276
7120.	7130.	15.26761
7130.	7140.	17.33124
7140.	7150.	16.21319
7150.	7160.	13.35714
7160.	7170.	15.09665
7170.	7180.	13.65265
7180.	7190.	14.08313
7190.	7200.	10.47361
7200.	7210.	13.9549
7210.	7220.	16.25403
7220.	7230.	13.97988
7230.	7240.	12.21088
7240.	7250.	12.95416
7250.	7260.	14.54425
7260.	7270.	11.95037
7270.	7280.	13.8468
7280.	7290.	9.960641
7290.	7300.	17.46373
7300.	7310.	12.88738
7310.	7320.	13.24364
7320.	7330.	8.019375
7330.	7340.	13.18273
7340.	7350.	8.641459
7350.	7360.	11.84361
7360.	7370.	11.95538
7370.	7380.	7.954629
7380.	7390.	9.859265
7390.	7400.	13.11623
7400.	7410.	12.62775
7410.	7420.	9.949296
7420.	7430.	8.084474
7430.	7440.	11.18353
7440.	7450.	13.85785
7450.	7460.	10.72207
7460.	7470.	10.05486
7470.	7480.	11.08943
7480.	7490.	8.110876
7490.	7500.	12.63506
7500.	7510.	13.10404
7510.	7520.	9.998849
7520.	7530.	12.94711
7530.	7540.	9.182991
7540.	7550.	9.000676
7550.	7560.	11.03135
7560.	7570.	10.30547
7570.	7580.	6.725971
7580.	7590.	7.582157
7590.	7600.	11.23318
7600.	7610.	7.199439
7610.	7620.	7.496541
7620.	7630.	12.09553
7630.	7640.	10.33887
7640.	7650.	5.408239
7650.	7660.	10.83701
7660.	7670.	6.668137
7670.	7680.	7.104784
7680.	7690.	7.258832
7690.	7700.	13.7965
7700.	7710.	7.468533
7710.	7720.	9.876504
7720.	7730.	11.10021
7730.	7740.	5.269467
7740.	7750.	9.419738
7750.	7760.	4.749537
7760.	7770.	5.749813
7770.	7780.	10.13606
7780.	7790.	6.356111
7790.	7800.	11.23938
7800.	7810.	9.395254
7810.	7820.	9.5415
7820.	7830.	7.548505
7830.	7840.	10.07286
7840.	7850.	9.067638
7850.	7860.	7.963821
7860.	7870.	6.115783
7870.	7880.	11.77173
7880.	7890.	10.87208
7890.	7900.	7.566765
7900.	7910.	6.023392
7910.	7920.	6.120429
7920.	7930.	9.401824
7930.	7940.	9.324924
7940.	7950.	7.163057
7950.	7960.	11.09082
7960.	7970.	11.80086
7970.	7980.	6.563152
7980.	7990.	9.409299
7990.	8000.	5.651693
8000.	8010.	9.422355
8010.	8020.	13.71784
8020.	8030.	9.535037
8030.	8040.	5.633911
8040.	8050.	7.540804
8050.	8060.	6.58484
8060.	8070.	7.160314
8070.	8080.	5.698124
8080.	8090.	11.20978
8090.	8100.	7.518554
8100.	8110.	8.890678
8110.	8120.	7.129209
8120.	8130.	4.820339
8130.	8140.	8.21029
8140.	8150.	9.83536
8150.	8160.	7.969162
8160.	8170.	5.250588
8170.	8180.	5.607222
8180.	8190.	4.548294
8190.	8200.	5.792496
8200.	8210.	6.130879
8210.	8220.	6.090497
8220.	8230.	5.233926
8230.	8240.	5.140428
8240.	8250.	4.465255
8250.	8260.	6.555282
8260.	8270.	7.009066
8270.	8280.	4.231821
8280.	8290.	4.93078
8290.	8300.	6.552927
8300.	8310.	5.059135
8310.	8320.	4.447737
8320.	8330.	3.613704
8330.	8340.	7.186786
8340.	8350.	6.570812
8350.	8360.	8.865161
8360.	8370.	4.746727
8370.	8380.	4.292607
8380.	8390.	8.899077
8390.	8400.	9.315235
8400.	8410.	6.196668
8410.	8420.	4.355506
8420.	8430.	3.754457
8430.	8440.	4.666881
8440.	8450.	5.46019
8450.	8460.	6.098785
8460.	8470.	5.94545
8470.	8480.	1.932333
8480.	8490.	8.944918
8490.	8500.	6.552973
8500.	8510.	3.526565
8510.	8520.	7.539911
8520.	8530.	4.273513
8530.	8540.	4.313451
8540.	8550.	3.33551
8550.	8560.	7.478921
8560.	8570.	4.364885
8570.	8580.	6.547663
8580.	8590.	4.221156
8590.	8600.	4.223977
8600.	8610.	6.55624
8610.	8620.	6.583402
8620.	8630.	7.480858
8630.	8640.	3.980109
8640.	8650.	7.968321
8650.	8660.	7.941013
8660.	8670.	4.691017
8670.	8680.	2.368091
8680.	8690.	3.737169
8690.	8700.	6.686971
8700.	8710.	3.617896
8710.	8720.	2.014386
8720.	8730.	7.008863
8730.	8740.	5.793279
8740.	8750.	5.603616
8750.	8760.	3.777584
8760.	8770.	3.311107
8770.	8780.	6.560069
8780.	8790.	3.913135
8790.	8800.	6.535965
8800.	8810.	4.270102
8810.	8820.	3.750385
8820.	8830.	4.32126
8830.	8840.	3.819801
8840.	8850.	3.275645
8850.	8860.	2.578372
8860.	8870.	4.264751
8870.	8880.	2.365832
8880.	8890.	3.360415
8890.	8900.	2.81693
8900.	8910.	2.339207
8910.	8920.	5.129514
8920.	8930.	4.197952
8930.	8940.	2.812813
8940.	8950.	3.280579
8950.	8960.	6.676162
8960.	8970.	4.347486
8970.	8980.	4.850217
8980.	8990.	4.387774
8990.	9000.	3.74099
9000.	9010.	4.665345
9010.	9020.	6.064347
9020.	9030.	4.66069
9030.	9040.	6.538719
9040.	9050.	4.659635
9050.	9060.	3.757617
9060.	9070.	2.847618
9070.	9080.	3.239906
9080.	9090.	3.86381
9090.	9100.	2.871551
9100.	9110.	4.259609
9110.	9120.	4.215162
9120.	9130.	5.15249
9130.	9140.	4.203767
9140.	9150.	3.269307
9150.	9160.	0.535646
9160.	9170.	4.969324
9170.	9180.	4.206863
9180.	9190.	2.857919
9190.	9200.	2.942245
9200.	9210.	1.519287
9210.	9220.	2.818923
9220.	9230.	2.335721
9230.	9240.	2.347655
9240.	9250.	3.271694
9250.	9260.	3.739542
9260.	9270.	1.45726
9270.	9280.	1.417107
9280.	9290.	1.422563
9290.	9300.	1.871554
9300.	9310.	3.260508
9310.	9320.	1.427517
9320.	9330.	1.007609
9330.	9340.	2.333715
9340.	9350.	1.868399
9350.	9360.	2.827404
9360.	9370.	2.795619
9370.	9380.	1.298602
9380.	9390.	1.513369
9390.	9400.	2.564346
9400.	9410.	2.811799
9410.	9420.	1.917696
9420.	9430.	2.383947
9430.	9440.	2.391978
9440.	9450.	2.798091
9450.	9460.	2.343878
9460.	9470.	1.877039
9470.	9480.	0.9382419
9480.	9490.	2.327547
9490.	9500.	2.378326
9500.	9510.	0.4686282
9510.	9520.	0.9324243
9520.	9530.	1.867647
9530.	9540.	1.402359
9540.	9550.	2.351543
9550.	9560.	3.050647
9560.	9570.	1.565992
9570.	9580.	0.4865267
9580.	9590.	2.338679
9590.	9600.	0.4927872
9600.	9610.	1.397083
9610.	9620.	1.862158
9620.	9630.	2.338188
9630.	9640.	0.9404829
9640.	9650.	1.889537
9650.	9660.	2.808457
9660.	9670.	1.442105
9670.	9680.	1.892733
9680.	9690.	0.9586076
9690.	9700.	1.396493
9700.	9710.	1.86573
9710.	9720.	0.4913446
9720.	9730.	1.409227
9730.	9740.	0.003610543
9740.	9750.	1.396653
9750.	9760.	0.006258504
9760.	9770.	0.01211359
9770.	9780.	1.397419
9780.	9790.	0.9348435
9790.	9800.	1.499602
9800.	9810.	0.9612782
9810.	9820.	0.9352098
9820.	9830.	1.092014
9830.	9840.	0.9337313
9840.	9850.	1.419493
9850.	9860.	0.9314196
9860.	9870.	0.4671737
9870.	9880.	0.007713795
9880.	9890.	0.4653882
9890.	9900.	0.9305058
9900.	9910.	0.4657974
9910.	9920.	0.000655341
9920.	9930.	0.4138906
9930.	9940.	0.02898806
9940.	9950.	0.4669823
9950.	9960.	0.0002181546
9960.	9970.	0.4652564
9970.	9980.	0.002590423
9980.	9990.	0.0001812033
9990.	10000.	0.0003613692
10000.	10010.	0.