-10.	0.	0.
0.	10.	0.
10.	20.	0.
20.	30.	0.
30.	40.	0.
40.	50.	0.
50.	60.	0.
60.	70.	0.
70.	80.	0.
80.	90.	0.
90.	100.	0.
100.	110.	0.
110.	120.	0.
120.	130.	0.
130.	140.	0.
140.	150.	0.
150.	160.	0.
160.	170.	0.
170.	180.	0.
180.	190.	0.
190.	200.	0.
200.	210.	0.
210.	220.	0.
220.	230.	0.
230.	240.	0.
240.	250.	0.
250.	260.	0.
260.	270.	0.
270.	280.	0.
280.	290.	0.
290.	300.	0.
300.	310.	0.
310.	320.	0.
320.	330.	0.
330.	340.	0.
340.	350.	12.19941
350.	360.	23.23697
360.	370.	33.11269
370.	380.	38.05054
380.	390.	44.44071
390.	400.	51.12134
400.	410.	62.30413
410.	420.	63.75645
420.	430.	68.25861
430.	440.	76.24632
440.	450.	78.13432
450.	460.	88.59096
460.	470.	94.8359
470.	480.	100.2094
480.	490.	100.2094
490.	500.	108.1972
500.	510.	118.9443
510.	520.	118.5086
520.	530.	128.5295
530.	540.	129.6914
540.	550.	134.3388
550.	560.	136.5172
560.	570.	145.2311
570.	580.	147.4095
580.	590.	159.3185
590.	600.	166.5801
600.	610.	169.7751
610.	620.	172.6798
620.	630.	172.5345
630.	640.	190.9789
640.	650.	180.2318
650.	660.	194.0287
660.	670.	196.2072
670.	680.	197.6595
680.	690.	206.6638
690.	700.	203.7592
700.	710.	213.4897
710.	720.	206.2281
720.	730.	220.0251
730.	740.	220.0251
740.	750.	220.4608
750.	760.	230.627
760.	770.	230.046
770.	780.	224.9629
780.	790.	234.9839
790.	800.	231.2079
800.	810.	234.8387
810.	820.	239.3408
820.	830.	243.843
830.	840.	257.6399
840.	850.	264.7563
850.	860.	267.08
860.	870.	273.6154
870.	880.	277.3914
880.	890.	262.1421
890.	900.	269.2584
900.	910.	263.8849
910.	920.	275.0677
920.	930.	270.275
930.	940.	275.7938
940.	950.	276.0843
950.	960.	274.1963
960.	970.	286.1052
970.	980.	289.736
980.	990.	286.5409
990.	1000.	287.9932
1000.	1010.	286.9766
1010.	1020.	296.8523
1020.	1030.	293.512
1030.	1040.	288.8646
1040.	1050.	297.7237
1050.	1060.	299.757
1060.	1070.	304.84
1070.	1080.	310.6493
1080.	1090.	301.3545
1090.	1100.	306.728
1100.	1110.	301.645
1110.	1120.	306.5828
1120.	1130.	301.4997
1130.	1140.	318.3465
1140.	1150.	316.1681
1150.	1160.	319.3632
1160.	1170.	315.1515
1170.	1180.	310.7945
1180.	1190.	307.5994
1190.	1200.	311.085
1200.	1210.	317.4751
1210.	1220.	303.2425
1220.	1230.	321.2512
1230.	1240.	314.2801
1240.	1250.	316.8942
1250.	1260.	318.9275
1260.	1270.	315.4419
1270.	1280.	317.4751
1280.	1290.	316.749
1290.	1300.	312.1016
1300.	1310.	328.9484
1310.	1320.	321.8321
1320.	1330.	322.413
1330.	1340.	316.8942
1340.	1350.	326.6247
1350.	1360.	320.6702
1360.	1370.	303.3877
1370.	1380.	307.4542
1380.	1390.	311.8111
1390.	1400.	337.0813
1400.	1410.	322.5582
1410.	1420.	324.301
1420.	1430.	317.4751
1430.	1440.	322.9939
1440.	1450.	315.8776
1450.	1460.	316.4585
1460.	1470.	320.525
1470.	1480.	325.4629
1480.	1490.	312.5373
1490.	1500.	309.7779
1500.	1510.	304.9853
1510.	1520.	321.6868
1520.	1530.	327.9318
1530.	1540.	312.6825
1540.	1550.	303.533
1550.	1560.	321.1059
1560.	1570.	313.1182
1570.	1580.	306.0019
1580.	1590.	309.197
1590.	1600.	314.5705
1600.	1610.	320.2345
1610.	1620.	310.6493
1620.	1630.	318.2013
1630.	1640.	314.1348
1640.	1650.	315.0062
1650.	1660.	301.4997
1660.	1670.	317.9108
1670.	1680.	323.2844
1680.	1690.	307.309
1690.	1700.	308.9065
1700.	1710.	321.9773
1710.	1720.	304.84
1720.	1730.	310.5041
1730.	1740.	311.085
1740.	1750.	315.5871
1750.	1760.	298.1594
1760.	1770.	316.8942
1770.	1780.	302.8068
1780.	1790.	307.4542
1790.	1800.	305.421
1800.	1810.	312.8278
1810.	1820.	316.1681
1820.	1830.	318.0561
1830.	1840.	308.0351
1840.	1850.	287.9932
1850.	1860.	300.7736
1860.	1870.	298.8856
1870.	1880.	304.6948
1880.	1890.	306.5828
1890.	1900.	290.6074
1900.	1910.	306.2924
1910.	1920.	295.8357
1920.	1930.	305.7114
1930.	1940.	294.8191
1940.	1950.	293.3668
1950.	1960.	307.309
1960.	1970.	290.6074
1970.	1980.	297.1428
1980.	1990.	288.1385
1990.	2000.	298.0142
2000.	2010.	286.9766
2010.	2020.	293.8003
2020.	2030.	288.828
2030.	2040.	297.9725
2040.	2050.	291.2953
2050.	2060.	291.0182
2060.	2070.	275.0963
2070.	2080.	281.0607
2080.	2090.	278.4937
2090.	2100.	278.4209
2100.	2110.	281.5228
2110.	2120.	278.5764
2120.	2130.	283.1767
2130.	2140.	274.5121
2140.	2150.	287.5516
2150.	2160.	286.2741
2160.	2170.	272.423
2170.	2180.	279.8121
2180.	2190.	271.0651
2190.	2200.	292.1031
2200.	2210.	273.4528
2210.	2220.	265.4989
2220.	2230.	268.9463
2230.	2240.	263.2777
2240.	2250.	268.1407
2250.	2260.	263.312
2260.	2270.	270.4882
2270.	2280.	272.8017
2280.	2290.	269.3399
2290.	2300.	273.7934
2300.	2310.	266.8878
2310.	2320.	258.5784
2320.	2330.	263.4614
2330.	2340.	267.2492
2340.	2350.	261.7898
2350.	2360.	255.5944
2360.	2370.	274.7038
2370.	2380.	252.3235
2380.	2390.	266.3574
2390.	2400.	254.3752
2400.	2410.	263.5144
2410.	2420.	261.913
2420.	2430.	256.0557
2430.	2440.	258.396
2440.	2450.	257.8243
2450.	2460.	260.3224
2460.	2470.	264.1878
2470.	2480.	253.0574
2480.	2490.	252.5586
2490.	2500.	261.0761
2500.	2510.	256.5304
2510.	2520.	246.3423
2520.	2530.	243.9121
2530.	2540.	258.833
2540.	2550.	254.616
2550.	2560.	250.541
2560.	2570.	246.9944
2570.	2580.	245.045
2580.	2590.	237.217
2590.	2600.	244.8757
2600.	2610.	237.3096
2610.	2620.	245.754
2620.	2630.	241.9233
2630.	2640.	232.3767
2640.	2650.	237.069
2650.	2660.	242.9051
2660.	2670.	239.6986
2670.	2680.	234.3441
2680.	2690.	235.5403
2690.	2700.	236.0358
2700.	2710.	229.606
2710.	2720.	227.7014
2720.	2730.	239.9113
2730.	2740.	240.6667
2740.	2750.	238.0676
2750.	2760.	216.9179
2760.	2770.	228.2599
2770.	2780.	229.6624
2780.	2790.	218.4585
2790.	2800.	224.4129
2800.	2810.	227.133
2810.	2820.	223.786
2820.	2830.	229.3723
2830.	2840.	214.1158
2840.	2850.	220.5392
2850.	2860.	216.058
2860.	2870.	222.9017
2870.	2880.	208.01
2880.	2890.	230.8416
2890.	2900.	218.9093
2900.	2910.	217.315
2910.	2920.	211.2117
2920.	2930.	227.5152
2930.	2940.	211.6793
2940.	2950.	222.9693
2950.	2960.	215.199
2960.	2970.	215.9446
2970.	2980.	213.4341
2980.	2990.	209.8008
2990.	3000.	210.4014
3000.	3010.	218.1638
3010.	3020.	212.0708
3020.	3030.	208.5265
3030.	3040.	209.8263
3040.	3050.	210.1533
3050.	3060.	203.9291
3060.	3070.	201.7639
3070.	3080.	212.634
3080.	3090.	199.3517
3090.	3100.	197.7442
3100.	3110.	202.9671
3110.	3120.	202.2263
3120.	3130.	205.4174
3130.	3140.	200.8937
3140.	3150.	191.5025
3150.	3160.	199.7878
3160.	3170.	190.4024
3170.	3180.	202.6569
3180.	3190.	197.3616
3190.	3200.	204.5982
3200.	3210.	194.4473
3210.	3220.	206.2582
3220.	3230.	201.9447
3230.	3240.	193.9108
3240.	3250.	189.4141
3250.	3260.	195.1555
3260.	3270.	196.6407
3270.	3280.	192.9021
3280.	3290.	195.7173
3290.	3300.	191.7051
3300.	3310.	184.9955
3310.	3320.	185.006
3320.	3330.	174.9389
3330.	3340.	186.9252
3340.	3350.	189.7859
3350.	3360.	182.7485
3360.	3370.	186.3983
3370.	3380.	188.9206
3380.	3390.	180.0411
3390.	3400.	185.8499
3400.	3410.	175.6626
3410.	3420.	188.6662
3420.	3430.	178.5081
3430.	3440.	184.6455
3440.	3450.	179.188
3450.	3460.	175.8661
3460.	3470.	170.9017
3470.	3480.	173.2818
3480.	3490.	176.7953
3490.	3500.	167.7801
3500.	3510.	172.1022
3510.	3520.	170.2441
3520.	3530.	180.0275
3530.	3540.	180.2961
3540.	3550.	172.6892
3550.	3560.	157.1218
3560.	3570.	178.4603
3570.	3580.	171.8942
3580.	3590.	170.6824
3590.	3600.	166.0065
3600.	3610.	174.7383
3610.	3620.	159.2659
3620.	3630.	159.2437
3630.	3640.	164.0578
3640.	3650.	168.8024
3650.	3660.	164.432
3660.	3670.	156.1457
3670.	3680.	151.5421
3680.	3690.	168.0701
3690.	3700.	150.536
3700.	3710.	154.9692
3710.	3720.	158.1646
3720.	3730.	158.7109
3730.	3740.	162.2072
3740.	3750.	158.8148
3750.	3760.	157.8191
3760.	3770.	156.9451
3770.	3780.	152.8178
3780.	3790.	155.5482
3790.	3800.	162.1525
3800.	3810.	145.2609
3810.	3820.	154.7468
3820.	3830.	147.5724
3830.	3840.	154.8015
3840.	3850.	150.2038
3850.	3860.	157.5363
3860.	3870.	151.8989
3870.	3880.	157.1123
3880.	3890.	156.3606
3890.	3900.	153.2329
3900.	3910.	151.1616
3910.	3920.	142.5559
3920.	3930.	147.6422
3930.	3940.	143.8807
3940.	3950.	147.6844
3950.	3960.	147.7633
3960.	3970.	144.179
3970.	3980.	139.1803
3980.	3990.	145.9122
3990.	4000.	146.7903
4000.	4010.	146.7581
4010.	4020.	141.3809
4020.	4030.	145.5849
4030.	4040.	146.4865
4040.	4050.	144.1839
4050.	4060.	136.5445
4060.	4070.	129.6164
4070.	4080.	137.3051
4080.	4090.	149.3675
4090.	4100.	148.1502
4100.	4110.	136.0083
4110.	4120.	140.1287
4120.	4130.	142.9469
4130.	4140.	137.1076
4140.	4150.	135.273
4150.	4160.	130.4608
4160.	4170.	135.8756
4170.	4180.	133.6249
4180.	4190.	138.8941
4190.	4200.	137.3223
4200.	4210.	136.5631
4210.	4220.	128.6205
4220.	4230.	128.3953
4230.	4240.	135.5053
4240.	4250.	131.4545
4250.	4260.	129.0054
4260.	4270.	139.7736
4270.	4280.	125.7724
4280.	4290.	130.3264
4290.	4300.	122.0955
4300.	4310.	128.6592
4310.	4320.	128.2074
4320.	4330.	131.0297
4330.	4340.	122.3337
4340.	4350.	130.0009
4350.	4360.	123.4173
4360.	4370.	131.0387
4370.	4380.	118.4837
4380.	4390.	118.9961
4390.	4400.	114.146
4400.	4410.	127.5678
4410.	4420.	125.3103
4420.	4430.	120.8799
4430.	4440.	119.6135
4440.	4450.	130.8951
4450.	4460.	125.5135
4460.	4470.	119.4799
4470.	4480.	112.8472
4480.	4490.	118.3329
4490.	4500.	113.9155
4500.	4510.	126.3821
4510.	4520.	123.8098
4520.	4530.	117.8248
4530.	4540.	116.6742
4540.	4550.	109.1823
4550.	4560.	117.1715
4560.	4570.	114.6787
4570.	4580.	112.9168
4580.	4590.	116.3096
4590.	4600.	118.0152
4600.	4610.	112.7822
4610.	4620.	124.6987
4620.	4630.	118.9696
4630.	4640.	115.8683
4640.	4650.	108.4303
4650.	4660.	107.67
4660.	4670.	105.2458
4670.	4680.	115.7924
4680.	4690.	114.6761
4690.	4700.	112.296
4700.	4710.	111.6397
4710.	4720.	108.3556
4720.	4730.	108.9718
4730.	4740.	105.1724
4740.	4750.	113.7016
4750.	4760.	111.7803
4760.	4770.	103.6905
4770.	4780.	108.3694
4780.	4790.	111.5501
4790.	4800.	115.0501
4800.	4810.	107.7008
4810.	4820.	112.5945
4820.	4830.	102.489
4830.	4840.	99.32672
4840.	4850.	104.9002
4850.	4860.	106.7441
4860.	4870.	104.2251
4870.	4880.	102.4335
4880.	4890.	98.88052
4890.	4900.	102.7841
4900.	4910.	100.1046
4910.	4920.	103.0351
4920.	4930.	98.39692
4930.	4940.	100.6308
4940.	4950.	102.4838
4950.	4960.	96.82298
4960.	4970.	101.1982
4970.	4980.	97.94822
4980.	4990.	99.53834
4990.	5000.	102.6413
5000.	5010.	97.12463
5010.	5020.	96.08417
5020.	5030.	89.43771
5030.	5040.	94.06283
5040.	5050.	96.93956
5050.	5060.	96.87747
5060.	5070.	99.33164
5070.	5080.	97.46853
5080.	5090.	98.40539
5090.	5100.	89.08068
5100.	5110.	97.01003
5110.	5120.	92.57329
5120.	5130.	91.30161
5130.	5140.	87.03613
5140.	5150.	87.35739
5150.	5160.	92.72046
5160.	5170.	93.838
5170.	5180.	92.30298
5180.	5190.	85.66248
5190.	5200.	90.67472
5200.	5210.	84.0723
5210.	5220.	85.09617
5220.	5230.	91.18105
5230.	5240.	89.07411
5240.	5250.	86.1598
5250.	5260.	91.63578
5260.	5270.	83.87727
5270.	5280.	87.74268
5280.	5290.	83.55969
5290.	5300.	85.84211
5300.	5310.	87.46863
5310.	5320.	87.17938
5320.	5330.	83.81774
5330.	5340.	86.10581
5340.	5350.	82.4119
5350.	5360.	85.21102
5360.	5370.	88.06597
5370.	5380.	81.73875
5380.	5390.	88.06828
5390.	5400.	82.65098
5400.	5410.	83.80543
5410.	5420.	78.34939
5420.	5430.	81.67936
5430.	5440.	79.69715
5440.	5450.	73.91387
5450.	5460.	80.94061
5460.	5470.	84.34917
5470.	5480.	76.48151
5480.	5490.	75.75242
5490.	5500.	80.66011
5500.	5510.	80.90107
5510.	5520.	84.03684
5520.	5530.	82.97677
5530.	5540.	81.5611
5540.	5550.	78.97319
5550.	5560.	81.15844
5560.	5570.	75.66964
5570.	5580.	71.05205
5580.	5590.	73.52366
5590.	5600.	74.85578
5600.	5610.	74.79391
5610.	5620.	75.73247
5620.	5630.	77.87346
5630.	5640.	69.44105
5640.	5650.	72.26045
5650.	5660.	73.5469
5660.	5670.	67.74089
5670.	5680.	72.76209
5680.	5690.	73.61563
5690.	5700.	74.53304
5700.	5710.	65.91037
5710.	5720.	74.43832
5720.	5730.	71.47945
5730.	5740.	73.50923
5740.	5750.	76.31194
5750.	5760.	69.20841
5760.	5770.	71.3837
5770.	5780.	68.70284
5780.	5790.	71.13535
5790.	5800.	72.16245
5800.	5810.	71.58458
5810.	5820.	68.59858
5820.	5830.	70.50597
5830.	5840.	70.24738
5840.	5850.	70.43927
5850.	5860.	68.139
5860.	5870.	66.43854
5870.	5880.	70.76382
5880.	5890.	71.70706
5890.	5900.	66.9262
5900.	5910.	65.78455
5910.	5920.	68.78968
5920.	5930.	66.78865
5930.	5940.	66.1742
5940.	5950.	63.55133
5950.	5960.	67.15303
5960.	5970.	67.07503
5970.	5980.	63.49446
5980.	5990.	62.87112
5990.	6000.	64.79584
6000.	6010.	55.73708
6010.	6020.	62.62689
6020.	6030.	65.27425
6030.	6040.	59.16531
6040.	6050.	67.93617
6050.	6060.	67.72339
6060.	6070.	65.11652
6070.	6080.	60.14283
6080.	6090.	62.22236
6090.	6100.	61.58369
6100.	6110.	61.74979
6110.	6120.	57.98798
6120.	6130.	60.79115
6130.	6140.	58.78502
6140.	6150.	59.44981
6150.	6160.	59.82972
6160.	6170.	60.07499
6170.	6180.	57.74928
6180.	6190.	57.90651
6190.	6200.	60.02343
6200.	6210.	67.59559
6210.	6220.	56.82504
6220.	6230.	57.43845
6230.	6240.	56.02412
6240.	6250.	59.75062
6250.	6260.	55.7341
6260.	6270.	56.34062
6270.	6280.	51.70968
6280.	6290.	53.02985
6290.	6300.	58.96355
6300.	6310.	57.96973
6310.	6320.	57.38915
6320.	6330.	55.51173
6330.	6340.	53.82495
6340.	6350.	56.17857
6350.	6360.	56.33031
6360.	6370.	55.11109
6370.	6380.	52.63598
6380.	6390.	53.94571
6390.	6400.	57.25587
6400.	6410.	45.1852
6410.	6420.	53.67028
6420.	6430.	54.43069
6430.	6440.	50.82765
6440.	6450.	51.14174
6450.	6460.	53.9162
6460.	6470.	51.29384
6470.	6480.	51.61453
6480.	6490.	50.16734
6490.	6500.	54.11359
6500.	6510.	50.75738
6510.	6520.	49.13099
6520.	6530.	53.32084
6530.	6540.	46.42408
6540.	6550.	49.28273
6550.	6560.	51.93214
6560.	6570.	49.98064
6570.	6580.	46.38566
6580.	6590.	54.20456
6590.	6600.	46.22661
6600.	6610.	45.58954
6610.	6620.	48.59135
6620.	6630.	47.86832
6630.	6640.	48.34615
6640.	6650.	47.55437
6650.	6660.	43.572
6660.	6670.	45.65063
6670.	6680.	44.49351
6680.	6690.	52.5297
6690.	6700.	45.52842
6700.	6710.	46.35419
6710.	6720.	48.74762
6720.	6730.	44.61469
6730.	6740.	52.03053
6740.	6750.	51.16403
6750.	6760.	47.87757
6760.	6770.	49.51994
6770.	6780.	45.49703
6780.	6790.	44.93778
6790.	6800.	42.84567
6800.	6810.	45.97591
6810.	6820.	46.54681
6820.	6830.	45.69535
6830.	6840.	44.99935
6840.	6850.	41.59945
6850.	6860.	50.02692
6860.	6870.	46.54316
6870.	6880.	48.6399
6880.	6890.	42.01354
6890.	6900.	40.25801
6900.	6910.	45.56999
6910.	6920.	41.10417
6920.	6930.	39.65171
6930.	6940.	43.17704
6940.	6950.	40.39788
6950.	6960.	40.00019
6960.	6970.	38.66654
6970.	6980.	39.50542
6980.	6990.	42.03797
6990.	7000.	45.28241
7000.	7010.	40.89283
7010.	7020.	40.91563
7020.	7030.	41.8357
7030.	7040.	38.67981
7040.	7050.	39.8115
7050.	7060.	42.67962
7060.	7070.	37.66659
7070.	7080.	39.38743
7080.	7090.	38.86159
7090.	7100.	39.03615
7100.	7110.	41.24996
7110.	7120.	37.80349
7120.	7130.	33.07586
7130.	7140.	42.35533
7140.	7150.	39.61071
7150.	7160.	35.54222
7160.	7170.	41.67527
7170.	7180.	33.02347
7180.	7190.	38.64127
7190.	7200.	35.11783
7200.	7210.	36.81461
7210.	7220.	35.76836
7220.	7230.	36.71426
7230.	7240.	33.98105
7240.	7250.	36.50567
7250.	7260.	39.25758
7260.	7270.	32.63468
7270.	7280.	38.49599
7280.	7290.	36.84124
7290.	7300.	38.35011
7300.	7310.	36.06825
7310.	7320.	34.70738
7320.	7330.	34.172
7330.	7340.	36.68883
7340.	7350.	31.2648
7350.	7360.	36.17553
7360.	7370.	32.15113
7370.	7380.	34.92631
7380.	7390.	35.33291
7390.	7400.	30.99363
7400.	7410.	34.94503
7410.	7420.	29.2862
7420.	7430.	32.30294
7430.	7440.	35.78794
7440.	7450.	30.47099
7450.	7460.	30.84195
7460.	7470.	32.83901
7470.	7480.	32.90052
7480.	7490.	31.04663
7490.	7500.	28.81124
7500.	7510.	31.04991
7510.	7520.	27.90519
7520.	7530.	28.4323
7530.	7540.	33.66034
7540.	7550.	29.88169
7550.	7560.	29.60951
7560.	7570.	31.58022
7570.	7580.	30.15236
7580.	7590.	32.42608
7590.	7600.	29.57298
7600.	7610.	28.78948
7610.	7620.	34.73403
7620.	7630.	31.28609
7630.	7640.	28.71582
7640.	7650.	29.0586
7650.	7660.	29.87295
7660.	7670.	33.65907
7670.	7680.	29.21633
7680.	7690.	29.55734
7690.	7700.	30.40582
7700.	7710.	26.28456
7710.	7720.	31.11107
7720.	7730.	28.44036
7730.	7740.	26.40866
7740.	7750.	24.65517
7750.	7760.	25.09542
7760.	7770.	27.40926
7770.	7780.	27.89643
7780.	7790.	26.78112
7790.	7800.	26.524
7800.	7810.	26.07511
7810.	7820.	28.8173
7820.	7830.	26.77424
7830.	7840.	25.28802
7840.	7850.	27.3065
7850.	7860.	24.45003
7860.	7870.	23.60085
7870.	7880.	26.29104
7880.	7890.	24.57065
7890.	7900.	24.31414
7900.	7910.	24.05399
7910.	7920.	28.72493
7920.	7930.	24.21832
7930.	7940.	26.8686
7940.	7950.	23.14675
7950.	7960.	24.10632
7960.	7970.	21.82694
7970.	7980.	27.07586
7980.	7990.	19.83901
7990.	8000.	23.09318
8000.	8010.	21.18594
8010.	8020.	22.0108
8020.	8030.	27.06956
8030.	8040.	23.45396
8040.	8050.	28.44206
8050.	8060.	23.30343
8060.	8070.	22.9604
8070.	8080.	23.23411
8080.	8090.	24.54808
8090.	8100.	25.83412
8100.	8110.	22.43343
8110.	8120.	25.03106
8120.	8130.	22.34578
8130.	8140.	25.11896
8140.	8150.	18.97174
8150.	8160.	24.01669
8160.	8170.	19.132
8170.	8180.	23.26107
8180.	8190.	25.0638
8190.	8200.	20.98733
8200.	8210.	21.72426
8210.	8220.	21.28644
8220.	8230.	18.98753
8230.	8240.	21.9703
8240.	8250.	21.15867
8250.	8260.	22.76673
8260.	8270.	18.82709
8270.	8280.	18.45869
8280.	8290.	23.40468
8290.	8300.	19.44579
8300.	8310.	19.77983
8310.	8320.	20.12016
8320.	8330.	20.46301
8330.	8340.	18.2101
8340.	8350.	19.83653
8350.	8360.	18.36659
8360.	8370.	20.08212
8370.	8380.	18.6288
8380.	8390.	18.99368
8390.	8400.	21.30924
8400.	8410.	19.00916
8410.	8420.	16.17415
8420.	8430.	24.31871
8430.	8440.	20.42306
8440.	8450.	19.50323
8450.	8460.	16.98964
8460.	8470.	16.97686
8470.	8480.	14.38853
8480.	8490.	19.06605
8490.	8500.	15.75506
8500.	8510.	16.95177
8510.	8520.	15.14213
8520.	8530.	16.66828
8530.	8540.	21.30268
8540.	8550.	14.62541
8550.	8560.	17.66587
8560.	8570.	17.10783
8570.	8580.	16.49423
8580.	8590.	16.45665
8590.	8600.	17.34299
8600.	8610.	14.09903
8610.	8620.	18.61678
8620.	8630.	16.76925
8630.	8640.	16.07049
8640.	8650.	16.42338
8650.	8660.	15.28044
8660.	8670.	16.69314
8670.	8680.	18.61853
8680.	8690.	13.33063
8690.	8700.	14.87638
8700.	8710.	15.91212
8710.	8720.	16.62608
8720.	8730.	14.27751
8730.	8740.	13.39376
8740.	8750.	14.2266
8750.	8760.	16.38515
8760.	8770.	15.25251
8770.	8780.	13.41396
8780.	8790.	13.02173
8790.	8800.	16.3619
8800.	8810.	13.55767
8810.	8820.	12.72302
8820.	8830.	14.90535
8830.	8840.	12.54114
8840.	8850.	12.92775
8850.	8860.	13.76784
8860.	8870.	12.24577
8870.	8880.	13.15003
8880.	8890.	13.31555
8890.	8900.	12.85558
8900.	8910.	11.88386
8910.	8920.	13.3038
8920.	8930.	13.72598
8930.	8940.	12.90093
8940.	8950.	12.39626
8950.	8960.	13.49438
8960.	8970.	12.28702
8970.	8980.	12.0208
8980.	8990.	12.24555
8990.	9000.	10.98285
9000.	9010.	11.84838
9010.	9020.	11.60544
9020.	9030.	10.64009
9030.	9040.	10.50721
9040.	9050.	11.84877
9050.	9060.	13.1486
9060.	9070.	9.370644
9070.	9080.	12.76336
9080.	9090.	9.448164
9090.	9100.	7.381838
9100.	9110.	9.815754
9110.	9120.	9.190054
9120.	9130.	10.60401
9130.	9140.	12.84772
9140.	9150.	10.20218
9150.	9160.	11.77059
9160.	9170.	9.750029
9170.	9180.	7.733858
9180.	9190.	10.18593
9190.	9200.	9.286602
9200.	9210.	7.800701
9210.	9220.	8.891422
9220.	9230.	9.946367
9230.	9240.	7.907892
9240.	9250.	9.217255
9250.	9260.	10.53425
9260.	9270.	8.633028
9270.	9280.	9.258567
9280.	9290.	9.695059
9290.	9300.	8.284701
9300.	9310.	9.235444
9310.	9320.	6.36176
9320.	9330.	8.208808
9330.	9340.	7.35
9340.	9350.	10.21462
9350.	9360.	6.262904
9360.	9370.	6.889536
9370.	9380.	8.419863
9380.	9390.	8.665795
9390.	9400.	7.490341
9400.	9410.	6.269667
9410.	9420.	9.348982
9420.	9430.	7.225213
9430.	9440.	7.111558
9440.	9450.	8.326056
9450.	9460.	7.257461
9460.	9470.	7.493891
9470.	9480.	6.602624
9480.	9490.	5.466893
9490.	9500.	6.48646
9500.	9510.	7.227651
9510.	9520.	6.192679
9520.	9530.	6.797987
9530.	9540.	4.598512
9540.	9550.	4.58391
9550.	9560.	5.972427
9560.	9570.	6.887489
9570.	9580.	4.603798
9580.	9590.	4.705483
9590.	9600.	5.213331
9600.	9610.	4.597266
9610.	9620.	6.498819
9620.	9630.	4.817487
9630.	9640.	4.984831
9640.	9650.	4.870582
9650.	9660.	4.163967
9660.	9670.	4.774113
9670.	9680.	3.822529
9680.	9690.	4.075101
9690.	9700.	4.723989
9700.	9710.	3.548503
9710.	9720.	5.019274
9720.	9730.	3.112302
9730.	9740.	4.675591
9740.	9750.	4.694122
9750.	9760.	3.098246
9760.	9770.	3.52983
9770.	9780.	4.274574
9780.	9790.	2.168479
9790.	9800.	4.577331
9800.	9810.	3.603044
9810.	9820.	1.874603
9820.	9830.	2.659765
9830.	9840.	1.465337
9840.	9850.	2.346552
9850.	9860.	1.625778
9860.	9870.	2.631002
9870.	9880.	3.210486
9880.	9890.	1.342319
9890.	9900.	1.50073
9900.	9910.	0.908188
9910.	9920.	1.312836
9920.	9930.	0.9182117
9930.	9940.	1.029144
9940.	9950.	1.175934
9950.	9960.	0.7417222
9960.	9970.	0.8775069
9970.	9980.	0.5830346
9980.	9990.	0.1491527
9990.	10000.	0.003293248
10000.	10010.	0.