-10.	0.	0.
0.	10.	0.
10.	20.	0.
20.	30.	0.
30.	40.	0.
40.	50.	0.
50.	60.	0.
60.	70.	0.
70.	80.	0.
80.	90.	0.
90.	100.	0.
100.	110.	0.
110.	120.	0.
120.	130.	0.
130.	140.	0.
140.	150.	0.
150.	160.	1795.967
160.	170.	1756.828
170.	180.	1758.407
180.	190.	1732.209
190.	200.	1725.58
200.	210.	1677.288
210.	220.	1631.837
220.	230.	1572.497
230.	240.	1550.718
240.	250.	1539.04
250.	260.	1427.936
260.	270.	1449.715
270.	280.	1341.452
280.	290.	1358.812
290.	300.	1262.543
300.	310.	1217.407
310.	320.	1192.787
320.	330.	1137.551
330.	340.	1127.451
340.	350.	1036.548
350.	360.	1036.548
360.	370.	987.6241
370.	380.	972.7893
380.	390.	949.4322
390.	400.	902.7181
400.	410.	845.9037
410.	420.	821.2841
420.	430.	790.9831
430.	440.	768.2573
440.	450.	759.4195
450.	460.	712.7054
460.	470.	695.3455
470.	480.	665.3601
480.	490.	645.1594
490.	500.	618.9616
500.	510.	612.6489
510.	520.	588.0293
520.	530.	558.9908
530.	540.	527.7429
540.	550.	534.0556
550.	560.	495.5481
560.	570.	482.9226
570.	580.	465.5627
580.	590.	435.5773
590.	600.	433.9991
600.	610.	420.7424
610.	620.	409.6952
620.	630.	403.6981
630.	640.	387.285
640.	650.	370.5563
650.	660.	353.512
660.	670.	356.6684
670.	680.	324.7891
680.	690.	323.211
690.	700.	316.267
700.	710.	313.7419
710.	720.	291.0161
720.	730.	290.3849
730.	740.	267.9747
740.	750.	257.5587
750.	760.	259.1369
760.	770.	249.6678
770.	780.	248.7209
780.	790.	245.5646
790.	800.	214.9479
800.	810.	240.5144
810.	820.	200.4287
820.	830.	221.2606
830.	840.	197.9036
840.	850.	204.2163
850.	860.	196.9567
860.	870.	179.2811
870.	880.	169.4964
880.	890.	172.6527
890.	900.	153.7146
900.	910.	163.8149
910.	920.	154.0302
920.	930.	141.7204
930.	940.	151.5051
940.	950.	147.0862
950.	960.	142.0361
960.	970.	138.8797
970.	980.	127.2012
980.	990.	121.5197
990.	1000.	117.7321
1000.	1010.	109.8729
1010.	1020.	112.806
1020.	1030.	106.626
1030.	1040.	108.8574
1040.	1050.	106.9861
1050.	1060.	107.4272
1060.	1070.	109.537
1070.	1080.	88.70049
1080.	1090.	94.82499
1090.	1100.	85.20081
1100.	1110.	86.88659
1110.	1120.	94.49666
1120.	1130.	91.38259
1130.	1140.	78.62515
1140.	1150.	78.487
1150.	1160.	72.74163
1160.	1170.	79.12701
1170.	1180.	73.49765
1180.	1190.	71.22976
1190.	1200.	73.70808
1200.	1210.	66.46408
1210.	1220.	67.44425
1220.	1230.	60.24451
1230.	1240.	61.37277
1240.	1250.	65.23534
1250.	1260.	57.82968
1260.	1270.	60.96346
1270.	1280.	55.86596
1280.	1290.	53.57751
1290.	1300.	58.70634
1300.	1310.	53.33157
1310.	1320.	46.17731
1320.	1330.	48.10886
1330.	1340.	46.79626
1340.	1350.	46.95731
1350.	1360.	44.03675
1360.	1370.	46.63169
1370.	1380.	43.55262
1380.	1390.	43.448
1390.	1400.	43.16578
1400.	1410.	42.42665
1410.	1420.	38.97265
1420.	1430.	41.00884
1430.	1440.	38.4438
1440.	1450.	38.66121
1450.	1460.	36.44193
1460.	1470.	35.52775
1470.	1480.	33.13301
1480.	1490.	32.60046
1490.	1500.	32.02465
1500.	1510.	31.00252
1510.	1520.	32.02892
1520.	1530.	30.93804
1530.	1540.	29.28849
1540.	1550.	29.99261
1550.	1560.	27.50543
1560.	1570.	28.0789
1570.	1580.	27.3188
1580.	1590.	25.53104
1590.	1600.	24.98994
1600.	1610.	25.75217
1610.	1620.	25.0485
1620.	1630.	23.21198
1630.	1640.	24.99329
1640.	1650.	23.52158
1650.	1660.	23.49427
1660.	1670.	22.28143
1670.	1680.	20.30734
1680.	1690.	21.21422
1690.	1700.	21.07749
1700.	1710.	20.56458
1710.	1720.	19.75571
1720.	1730.	19.02579
1730.	1740.	19.00792
1740.	1750.	17.93516
1750.	1760.	19.25686
1760.	1770.	17.088
1770.	1780.	17.76099
1780.	1790.	17.02013
1790.	1800.	16.33714
1800.	1810.	16.50206
1810.	1820.	15.71262
1820.	1830.	15.27115
1830.	1840.	15.19578
1840.	1850.	14.36267
1850.	1860.	14.84012
1860.	1870.	14.63324
1870.	1880.	14.17139
1880.	1890.	14.35241
1890.	1900.	13.54483
1900.	1910.	12.71072
1910.	1920.	12.53981
1920.	1930.	12.47912
1930.	1940.	12.60418
1940.	1950.	11.7676
1950.	1960.	12.01288
1960.	1970.	11.67395
1970.	1980.	11.52021
1980.	1990.	11.31082
1990.	2000.	10.87189
2000.	2010.	10.5104
2010.	2020.	10.38707
2020.	2030.	10.13172
2030.	2040.	10.13707
2040.	2050.	9.992158
2050.	2060.	9.830275
2060.	2070.	9.113125
2070.	2080.	9.011565
2080.	2090.	9.11003
2090.	2100.	9.030651
2100.	2110.	8.771175
2110.	2120.	8.539849
2120.	2130.	8.512737
2130.	2140.	8.305778
2140.	2150.	8.019392
2150.	2160.	7.985723
2160.	2170.	7.727563
2170.	2180.	7.425788
2180.	2190.	6.875622
2190.	2200.	7.238163
2200.	2210.	6.979063
2210.	2220.	6.815907
2220.	2230.	7.006907
2230.	2240.	6.571319
2240.	2250.	6.403008
2250.	2260.	6.410627
2260.	2270.	6.185241
2270.	2280.	6.278188
2280.	2290.	5.976703
2290.	2300.	5.866731
2300.	2310.	5.717009
2310.	2320.	5.528338
2320.	2330.	5.520058
2330.	2340.	5.445596
2340.	2350.	5.231751
2350.	2360.	5.214234
2360.	2370.	5.174271
2370.	2380.	4.847661
2380.	2390.	4.860647
2390.	2400.	5.005139
2400.	2410.	4.708941
2410.	2420.	4.739983
2420.	2430.	4.455147
2430.	2440.	4.433963
2440.	2450.	4.358784
2450.	2460.	4.284087
2460.	2470.	4.258153
2470.	2480.	3.966966
2480.	2490.	4.048202
2490.	2500.	3.868235
2500.	2510.	3.864207
2510.	2520.	3.705808
2520.	2530.	3.792851
2530.	2540.	3.738918
2540.	2550.	3.628998
2550.	2560.	3.54851
2560.	2570.	3.440014
2570.	2580.	3.46981
2580.	2590.	3.443899
2590.	2600.	3.182616
2600.	2610.	3.1471
2610.	2620.	3.117241
2620.	2630.	3.135722
2630.	2640.	3.015451
2640.	2650.	2.969846
2650.	2660.	2.922689
2660.	2670.	2.884445
2670.	2680.	2.804304
2680.	2690.	2.707752
2690.	2700.	2.674238
2700.	2710.	2.683948
2710.	2720.	2.599684
2720.	2730.	2.486429
2730.	2740.	2.554077
2740.	2750.	2.443113
2750.	2760.	2.425636
2760.	2770.	2.296007
2770.	2780.	2.298195
2780.	2790.	2.250986
2790.	2800.	2.207743
2800.	2810.	2.173797
2810.	2820.	2.161165
2820.	2830.	2.089647
2830.	2840.	2.094865
2840.	2850.	1.982028
2850.	2860.	1.980388
2860.	2870.	1.90976
2870.	2880.	1.895877
2880.	2890.	1.86404
2890.	2900.	1.862232
2900.	2910.	1.792658
2910.	2920.	1.74572
2920.	2930.	1.75457
2930.	2940.	1.661657
2940.	2950.	1.628136
2950.	2960.	1.640675
2960.	2970.	1.592059
2970.	2980.	1.556427
2980.	2990.	1.553001
2990.	3000.	1.523205
3000.	3010.	1.483578
3010.	3020.	1.457292
3020.	3030.	1.441345
3030.	3040.	1.373595
3040.	3050.	1.361858
3050.	3060.	1.337317
3060.	3070.	1.326956
3070.	3080.	1.288151
3080.	3090.	1.284601
3090.	3100.	1.193398
3100.	3110.	1.2006
3110.	3120.	1.207729
3120.	3130.	1.180406
3130.	3140.	1.12331
3140.	3150.	1.117624
3150.	3160.	1.086692
3160.	3170.	1.059863
3170.	3180.	1.076549
3180.	3190.	1.011454
3190.	3200.	1.000307
3200.	3210.	0.9980849
3210.	3220.	0.9850395
3220.	3230.	0.9561198
3230.	3240.	0.9403537
3240.	3250.	0.9052304
3250.	3260.	0.8828092
3260.	3270.	0.8681431
3270.	3280.	0.8671174
3280.	3290.	0.8196052
3290.	3300.	0.8201097
3300.	3310.	0.8094346
3310.	3320.	0.7698432
3320.	3330.	0.7668749
3330.	3340.	0.7350623
3340.	3350.	0.7727914
3350.	3360.	0.7309881
3360.	3370.	0.7244284
3370.	3380.	0.7072359
3380.	3390.	0.694137
3390.	3400.	0.6891326
3400.	3410.	0.6630938
3410.	3420.	0.6461788
3420.	3430.	0.6384963
3430.	3440.	0.6050368
3440.	3450.	0.6030442
3450.	3460.	0.5898903
3460.	3470.	0.5931271
3470.	3480.	0.5580105
3480.	3490.	0.541943
3490.	3500.	0.540673
3500.	3510.	0.5374767
3510.	3520.	0.5153669
3520.	3530.	0.5218284
3530.	3540.	0.5056935
3540.	3550.	0.5037923
3550.	3560.	0.4777657
3560.	3570.	0.4909458
3570.	3580.	0.4611498
3580.	3590.	0.4631545
3590.	3600.	0.4405342
3600.	3610.	0.4291484
3610.	3620.	0.4273838
3620.	3630.	0.3965889
3630.	3640.	0.406474
3640.	3650.	0.4016374
3650.	3660.	0.3962827
3660.	3670.	0.3808137
3670.	3680.	0.3706013
3680.	3690.	0.3703226
3690.	3700.	0.3527795
3700.	3710.	0.3444999
3710.	3720.	0.3507731
3720.	3730.	0.3286949
3730.	3740.	0.3287245
3740.	3750.	0.3174015
3750.	3760.	0.3046042
3760.	3770.	0.30534
3770.	3780.	0.2998161
3780.	3790.	0.2902559
3790.	3800.	0.2908303
3800.	3810.	0.284545
3810.	3820.	0.2739928
3820.	3830.	0.2701044
3830.	3840.	0.2527095
3840.	3850.	0.2545583
3850.	3860.	0.2558447
3860.	3870.	0.239744
3870.	3880.	0.2334633
3880.	3890.	0.2249209
3890.	3900.	0.2218728
3900.	3910.	0.2234419
3910.	3920.	0.2110923
3920.	3930.	0.2105896
3930.	3940.	0.20543
3940.	3950.	0.2004532
3950.	3960.	0.1921641
3960.	3970.	0.1941497
3970.	3980.	0.186017
3980.	3990.	0.1786737
3990.	4000.	0.1796572
4000.	4010.	0.1672806
4010.	4020.	0.1706998
4020.	4030.	0.1583359
4030.	4040.	0.1576863
4040.	4050.	0.1543174
4050.	4060.	0.1566219
4060.	4070.	0.1492779
4070.	4080.	0.1454373
4080.	4090.	0.1429196
4090.	4100.	0.1338114
4100.	4110.	0.1302839
4110.	4120.	0.1288387
4120.	4130.	0.1247294
4130.	4140.	0.1188458
4140.	4150.	0.1199703
4150.	4160.	0.1176772
4160.	4170.	0.1160705
4170.	4180.	0.1102159
4180.	4190.	0.104866
4190.	4200.	0.09995388
4200.	4210.	0.09922505
4210.	4220.	0.09439777
4220.	4230.	0.0937897
4230.	4240.	0.09169304
4240.	4250.	0.08701875
4250.	4260.	0.08812773
4260.	4270.	0.08373787
4270.	4280.	0.08218067
4280.	4290.	0.07904421
4290.	4300.	0.07925762
4300.	4310.	0.07214152
4310.	4320.	0.06903958
4320.	4330.	0.07296778
4330.	4340.	0.06616132
4340.	4350.	0.06193131
4350.	4360.	0.06431204
4360.	4370.	0.06091214
4370.	4380.	0.06170907
4380.	4390.	0.05650993
4390.	4400.	0.05521842
4400.	4410.	0.05106623
4410.	4420.	0.04944544
4420.	4430.	0.04868823
4430.	4440.	0.04828132
4440.	4450.	0.0443107
4450.	4460.	0.04284919
4460.	4470.	0.04349391
4470.	4480.	0.03906505
4480.	4490.	0.03850155
4490.	4500.	0.0360104
4500.	4510.	0.03564161
4510.	4520.	0.03368739
4520.	4530.	0.03264778
4530.	4540.	0.03055261
4540.	4550.	0.03003876
4550.	4560.	0.02840551
4560.	4570.	0.02385697
4570.	4580.	0.02344249
4580.	4590.	0.02432942
4590.	4600.	0.02253648
4600.	4610.	0.022246
4610.	4620.	0.02104431
4620.	4630.	0.01973563
4630.	4640.	0.01936307
4640.	4650.	0.01759982
4650.	4660.	0.01495494
4660.	4670.	0.01473334
4670.	4680.	0.01426913
4680.	4690.	0.01408846
4690.	4700.	0.01199346
4700.	4710.	0.01108389
4710.	4720.	0.01229665
4720.	4730.	0.01006926
4730.	4740.	0.008711647
4740.	4750.	0.00785519
4750.	4760.	0.008196069
4760.	4770.	0.00701086
4770.	4780.	0.006577267
4780.	4790.	0.006020603
4790.	4800.	0.005948735
4800.	4810.	0.004950563
4810.	4820.	0.00546841
4820.	4830.	0.004479324
4830.	4840.	0.004175325
4840.	4850.	0.003562261
4850.	4860.	0.003568476
4860.	4870.	0.002784909
4870.	4880.	0.002564606
4880.	4890.	0.002485946
4890.	4900.	0.001949505
4900.	4910.	0.001835921
4910.	4920.	0.001141205
4920.	4930.	0.001239284
4930.	4940.	0.0009397516
4940.	4950.	0.0009708605
4950.	4960.	0.0004691393
4960.	4970.	0.0003795055
4970.	4980.	0.000146008
4980.	4990.	0.00002066544
4990.	5000.	0.
5000.	5010.	0.
5010.	5020.	0.
5020.	5030.	0.
5030.	5040.	0.
5040.	5050.	0.
5050.	5060.	0.
5060.	5070.	0.
5070.	5080.	0.
5080.	5090.	0.
5090.	5100.	0.
5100.	5110.	0.
5110.	5120.	0.
5120.	5130.	0.
5130.	5140.	0.
5140.	5150.	0.
5150.	5160.	0.
5160.	5170.	0.
5170.	5180.	0.
5180.	5190.	0.
5190.	5200.	0.
5200.	5210.	0.
5210.	5220.	0.
5220.	5230.	0.
5230.	5240.	0.
5240.	5250.	0.
5250.	5260.	0.
5260.	5270.	0.
5270.	5280.	0.
5280.	5290.	0.
5290.	5300.	0.
5300.	5310.	0.
5310.	5320.	0.
5320.	5330.	0.
5330.	5340.	0.
5340.	5350.	0.
5350.	5360.	0.
5360.	5370.	0.
5370.	5380.	0.
5380.	5390.	0.
5390.	5400.	0.
5400.	5410.	0.
5410.	5420.	0.
5420.	5430.	0.
5430.	5440.	0.
5440.	5450.	0.
5450.	5460.	0.
5460.	5470.	0.
5470.	5480.	0.
5480.	5490.	0.
5490.	5500.	0.
5500.	5510.	0.
5510.	5520.	0.
5520.	5530.	0.
5530.	5540.	0.
5540.	5550.	0.
5550.	5560.	0.
5560.	5570.	0.
5570.	5580.	0.
5580.	5590.	0.
5590.	5600.	0.
5600.	5610.	0.
5610.	5620.	0.
5620.	5630.	0.
5630.	5640.	0.
5640.	5650.	0.
5650.	5660.	0.
5660.	5670.	0.
5670.	5680.	0.
5680.	5690.	0.
5690.	5700.	0.
5700.	5710.	0.
5710.	5720.	0.
5720.	5730.	0.
5730.	5740.	0.
5740.	5750.	0.
5750.	5760.	0.
5760.	5770.	0.
5770.	5780.	0.
5780.	5790.	0.
5790.	5800.	0.
5800.	5810.	0.
5810.	5820.	0.
5820.	5830.	0.
5830.	5840.	0.
5840.	5850.	0.
5850.	5860.	0.
5860.	5870.	0.
5870.	5880.	0.
5880.	5890.	0.
5890.	5900.	0.
5900.	5910.	0.
5910.	5920.	0.
5920.	5930.	0.
5930.	5940.	0.
5940.	5950.	0.
5950.	5960.	0.
5960.	5970.	0.
5970.	5980.	0.
5980.	5990.	0.
5990.	6000.	0.
6000.	6010.	0.
6010.	6020.	0.
6020.	6030.	0.
6030.	6040.	0.
6040.	6050.	0.
6050.	6060.	0.
6060.	6070.	0.
6070.	6080.	0.
6080.	6090.	0.
6090.	6100.	0.
6100.	6110.	0.
6110.	6120.	0.
6120.	6130.	0.
6130.	6140.	0.
6140.	6150.	0.
6150.	6160.	0.
6160.	6170.	0.
6170.	6180.	0.
6180.	6190.	0.
6190.	6200.	0.
6200.	6210.	0.
6210.	6220.	0.
6220.	6230.	0.
6230.	6240.	0.
6240.	6250.	0.
6250.	6260.	0.
6260.	6270.	0.
6270.	6280.	0.
6280.	6290.	0.
6290.	6300.	0.
6300.	6310.	0.
6310.	6320.	0.
6320.	6330.	0.
6330.	6340.	0.
6340.	6350.	0.
6350.	6360.	0.
6360.	6370.	0.
6370.	6380.	0.
6380.	6390.	0.
6390.	6400.	0.
6400.	6410.	0.
6410.	6420.	0.
6420.	6430.	0.
6430.	6440.	0.
6440.	6450.	0.
6450.	6460.	0.
6460.	6470.	0.
6470.	6480.	0.
6480.	6490.	0.
6490.	6500.	0.
6500.	6510.	0.
6510.	6520.	0.
6520.	6530.	0.
6530.	6540.	0.
6540.	6550.	0.
6550.	6560.	0.
6560.	6570.	0.
6570.	6580.	0.
6580.	6590.	0.
6590.	6600.	0.
6600.	6610.	0.
6610.	6620.	0.
6620.	6630.	0.
6630.	6640.	0.
6640.	6650.	0.
6650.	6660.	0.
6660.	6670.	0.
6670.	6680.	0.
6680.	6690.	0.
6690.	6700.	0.
6700.	6710.	0.
6710.	6720.	0.
6720.	6730.	0.
6730.	6740.	0.
6740.	6750.	0.
6750.	6760.	0.
6760.	6770.	0.
6770.	6780.	0.
6780.	6790.	0.
6790.	6800.	0.
6800.	6810.	0.
6810.	6820.	0.
6820.	6830.	0.
6830.	6840.	0.
6840.	6850.	0.
6850.	6860.	0.
6860.	6870.	0.
6870.	6880.	0.
6880.	6890.	0.
6890.	6900.	0.
6900.	6910.	0.
6910.	6920.	0.
6920.	6930.	0.
6930.	6940.	0.
6940.	6950.	0.
6950.	6960.	0.
6960.	6970.	0.
6970.	6980.	0.
6980.	6990.	0.
6990.	7000.	0.
7000.	7010.	0.
7010.	7020.	0.
7020.	7030.	0.
7030.	7040.	0.
7040.	7050.	0.
7050.	7060.	0.
7060.	7070.	0.
7070.	7080.	0.
7080.	7090.	0.
7090.	7100.	0.
7100.	7110.	0.
7110.	7120.	0.
7120.	7130.	0.
7130.	7140.	0.
7140.	7150.	0.
7150.	7160.	0.
7160.	7170.	0.
7170.	7180.	0.
7180.	7190.	0.
7190.	7200.	0.
7200.	7210.	0.
7210.	7220.	0.
7220.	7230.	0.
7230.	7240.	0.
7240.	7250.	0.
7250.	7260.	0.
7260.	7270.	0.
7270.	7280.	0.
7280.	7290.	0.
7290.	7300.	0.
7300.	7310.	0.
7310.	7320.	0.
7320.	7330.	0.
7330.	7340.	0.
7340.	7350.	0.
7350.	7360.	0.
7360.	7370.	0.
7370.	7380.	0.
7380.	7390.	0.
7390.	7400.	0.
7400.	7410.	0.
7410.	7420.	0.
7420.	7430.	0.
7430.	7440.	0.
7440.	7450.	0.
7450.	7460.	0.
7460.	7470.	0.
7470.	7480.	0.
7480.	7490.	0.
7490.	7500.	0.
7500.	7510.	0.
7510.	7520.	0.
7520.	7530.	0.
7530.	7540.	0.
7540.	7550.	0.
7550.	7560.	0.
7560.	7570.	0.
7570.	7580.	0.
7580.	7590.	0.
7590.	7600.	0.
7600.	7610.	0.
7610.	7620.	0.
7620.	7630.	0.
7630.	7640.	0.
7640.	7650.	0.
7650.	7660.	0.
7660.	7670.	0.
7670.	7680.	0.
7680.	7690.	0.
7690.	7700.	0.
7700.	7710.	0.
7710.	7720.	0.
7720.	7730.	0.
7730.	7740.	0.
7740.	7750.	0.
7750.	7760.	0.
7760.	7770.	0.
7770.	7780.	0.
7780.	7790.	0.
7790.	7800.	0.
7800.	7810.	0.
7810.	7820.	0.
7820.	7830.	0.
7830.	7840.	0.
7840.	7850.	0.
7850.	7860.	0.
7860.	7870.	0.
7870.	7880.	0.
7880.	7890.	0.
7890.	7900.	0.
7900.	7910.	0.
7910.	7920.	0.
7920.	7930.	0.
7930.	7940.	0.
7940.	7950.	0.
7950.	7960.	0.
7960.	7970.	0.
7970.	7980.	0.
7980.	7990.	0.
7990.	8000.	0.
8000.	8010.	0.
8010.	8020.	0.
8020.	8030.	0.
8030.	8040.	0.
8040.	8050.	0.
8050.	8060.	0.
8060.	8070.	0.
8070.	8080.	0.
8080.	8090.	0.
8090.	8100.	0.
8100.	8110.	0.
8110.	8120.	0.
8120.	8130.	0.
8130.	8140.	0.
8140.	8150.	0.
8150.	8160.	0.
8160.	8170.	0.
8170.	8180.	0.
8180.	8190.	0.
8190.	8200.	0.
8200.	8210.	0.
8210.	8220.	0.
8220.	8230.	0.
8230.	8240.	0.
8240.	8250.	0.
8250.	8260.	0.
8260.	8270.	0.
8270.	8280.	0.
8280.	8290.	0.
8290.	8300.	0.
8300.	8310.	0.
8310.	8320.	0.
8320.	8330.	0.
8330.	8340.	0.
8340.	8350.	0.
8350.	8360.	0.
8360.	8370.	0.
8370.	8380.	0.
8380.	8390.	0.
8390.	8400.	0.
8400.	8410.	0.
8410.	8420.	0.
8420.	8430.	0.
8430.	8440.	0.
8440.	8450.	0.
8450.	8460.	0.
8460.	8470.	0.
8470.	8480.	0.
8480.	8490.	0.
8490.	8500.	0.
8500.	8510.	0.
8510.	8520.	0.
8520.	8530.	0.
8530.	8540.	0.
8540.	8550.	0.
8550.	8560.	0.
8560.	8570.	0.
8570.	8580.	0.
8580.	8590.	0.
8590.	8600.	0.
8600.	8610.	0.
8610.	8620.	0.
8620.	8630.	0.
8630.	8640.	0.
8640.	8650.	0.
8650.	8660.	0.
8660.	8670.	0.
8670.	8680.	0.
8680.	8690.	0.
8690.	8700.	0.
8700.	8710.	0.
8710.	8720.	0.
8720.	8730.	0.
8730.	8740.	0.
8740.	8750.	0.
8750.	8760.	0.
8760.	8770.	0.
8770.	8780.	0.
8780.	8790.	0.
8790.	8800.	0.
8800.	8810.	0.
8810.	8820.	0.
8820.	8830.	0.
8830.	8840.	0.
8840.	8850.	0.
8850.	8860.	0.
8860.	8870.	0.
8870.	8880.	0.
8880.	8890.	0.
8890.	8900.	0.
8900.	8910.	0.
8910.	8920.	0.
8920.	8930.	0.
8930.	8940.	0.
8940.	8950.	0.
8950.	8960.	0.
8960.	8970.	0.
8970.	8980.	0.
8980.	8990.	0.
8990.	9000.	0.
9000.	9010.	0.
9010.	9020.	0.
9020.	9030.	0.
9030.	9040.	0.
9040.	9050.	0.
9050.	9060.	0.
9060.	9070.	0.
9070.	9080.	0.
9080.	9090.	0.
9090.	9100.	0.
9100.	9110.	0.
9110.	9120.	0.
9120.	9130.	0.
9130.	9140.	0.
9140.	9150.	0.
9150.	9160.	0.
9160.	9170.	0.
9170.	9180.	0.
9180.	9190.	0.
9190.	9200.	0.
9200.	9210.	0.
9210.	9220.	0.
9220.	9230.	0.
9230.	9240.	0.
9240.	9250.	0.
9250.	9260.	0.
9260.	9270.	0.
9270.	9280.	0.
9280.	9290.	0.
9290.	9300.	0.
9300.	9310.	0.
9310.	9320.	0.
9320.	9330.	0.
9330.	9340.	0.
9340.	9350.	0.
9350.	9360.	0.
9360.	9370.	0.
9370.	9380.	0.
9380.	9390.	0.
9390.	9400.	0.
9400.	9410.	0.
9410.	9420.	0.
9420.	9430.	0.
9430.	9440.	0.
9440.	9450.	0.
9450.	9460.	0.
9460.	9470.	0.
9470.	9480.	0.
9480.	9490.	0.
9490.	9500.	0.
9500.	9510.	0.
9510.	9520.	0.
9520.	9530.	0.
9530.	9540.	0.
9540.	9550.	0.
9550.	9560.	0.
9560.	9570.	0.
9570.	9580.	0.
9580.	9590.	0.
9590.	9600.	0.
9600.	9610.	0.
9610.	9620.	0.
9620.	9630.	0.
9630.	9640.	0.
9640.	9650.	0.
9650.	9660.	0.
9660.	9670.	0.
9670.	9680.	0.
9680.	9690.	0.
9690.	9700.	0.
9700.	9710.	0.
9710.	9720.	0.
9720.	9730.	0.
9730.	9740.	0.
9740.	9750.	0.
9750.	9760.	0.
9760.	9770.	0.
9770.	9780.	0.
9780.	9790.	0.
9790.	9800.	0.
9800.	9810.	0.
9810.	9820.	0.
9820.	9830.	0.
9830.	9840.	0.
9840.	9850.	0.
9850.	9860.	0.
9860.	9870.	0.
9870.	9880.	0.
9880.	9890.	0.
9890.	9900.	0.
9900.	9910.	0.
9910.	9920.	0.
9920.	9930.	0.
9930.	9940.	0.
9940.	9950.	0.
9950.	9960.	0.
9960.	9970.	0.
9970.	9980.	0.
9980.	9990.	0.
9990.	10000.	0.
10000.	10010.	0.