-10.	0.	0.
0.	10.	0.
10.	20.	0.
20.	30.	0.
30.	40.	0.
40.	50.	0.
50.	60.	0.
60.	70.	0.
70.	80.	0.
80.	90.	0.
90.	100.	0.
100.	110.	0.
110.	120.	0.
120.	130.	0.
130.	140.	0.
140.	150.	0.
150.	160.	26002.67
160.	170.	22253.27
170.	180.	19230.79
180.	190.	16725.87
190.	200.	14666.84
200.	210.	12728.68
210.	220.	11120.73
220.	230.	9891.351
230.	240.	8724.608
240.	250.	7678.469
250.	260.	6924.632
260.	270.	6192.499
270.	280.	5494.157
280.	290.	4926.857
290.	300.	4492.522
300.	310.	4060.935
310.	320.	3659.017
320.	330.	3307.099
330.	340.	3035.674
340.	350.	2759.578
350.	360.	2523.318
360.	370.	2305.464
370.	380.	2146.4
380.	390.	1955.468
390.	400.	1804.921
400.	410.	1676.351
410.	420.	1538.716
420.	430.	1382.399
430.	440.	1297.785
440.	450.	1229.104
450.	460.	1110.699
460.	470.	1019.767
470.	480.	968.6683
480.	490.	908.5043
490.	500.	845.5931
500.	510.	791.7476
510.	520.	748.6163
520.	530.	702.4631
530.	540.	616.75
540.	550.	635.431
550.	560.	555.7618
560.	570.	544.7729
570.	580.	507.6855
580.	590.	462.6312
590.	600.	458.2356
600.	610.	415.379
610.	620.	400.8188
620.	630.	361.8083
630.	640.	343.402
640.	650.	338.7317
650.	660.	325.2704
660.	670.	312.3585
670.	680.	289.0071
680.	690.	260.4361
690.	700.	253.0186
700.	710.	242.0297
710.	720.	230.2167
720.	730.	223.3487
730.	740.	194.7776
740.	750.	184.3382
750.	760.	188.1843
760.	770.	176.0965
770.	780.	175.2724
780.	790.	171.1516
790.	800.	154.3935
800.	810.	150.5474
810.	820.	134.6136
820.	830.	130.218
830.	840.	131.5916
840.	850.	124.4489
850.	860.	116.7567
860.	870.	114.0095
870.	880.	109.3392
880.	890.	99.44922
890.	900.	95.60311
900.	910.	85.43842
910.	920.	94.22951
920.	930.	87.63619
930.	940.	74.72427
940.	950.	70.87817
950.	960.	72.25178
960.	970.	79.11982
970.	980.	76.92205
980.	990.	68.6804
990.	1000.	66.48263
1000.	1010.	60.08326
1010.	1020.	61.89737
1020.	1030.	59.92191
1030.	1040.	60.95964
1040.	1050.	49.12558
1050.	1060.	48.02584
1060.	1070.	45.81097
1070.	1080.	47.89931
1080.	1090.	45.76665
1090.	1100.	43.98196
1100.	1110.	40.17624
1110.	1120.	41.92042
1120.	1130.	41.00684
1130.	1140.	36.86862
1140.	1150.	36.22179
1150.	1160.	35.44076
1160.	1170.	33.2901
1170.	1180.	31.33957
1180.	1190.	28.60082
1190.	1200.	29.22382
1200.	1210.	29.72694
1210.	1220.	30.2203
1220.	1230.	30.17988
1230.	1240.	25.47267
1240.	1250.	25.18867
1250.	1260.	24.04747
1260.	1270.	25.28129
1270.	1280.	24.47262
1280.	1290.	23.40162
1290.	1300.	22.15217
1300.	1310.	19.7365
1310.	1320.	19.71381
1320.	1330.	19.4019
1330.	1340.	17.26291
1340.	1350.	18.54892
1350.	1360.	19.21259
1360.	1370.	16.42121
1370.	1380.	16.03313
1380.	1390.	14.87815
1390.	1400.	16.9971
1400.	1410.	16.76462
1410.	1420.	14.71084
1420.	1430.	13.88263
1430.	1440.	13.80493
1440.	1450.	13.0712
1450.	1460.	12.6919
1460.	1470.	13.22232
1470.	1480.	11.86749
1480.	1490.	11.73368
1490.	1500.	11.00679
1500.	1510.	11.12153
1510.	1520.	11.96542
1520.	1530.	11.36564
1530.	1540.	9.720908
1540.	1550.	10.165
1550.	1560.	9.772143
1560.	1570.	9.512646
1570.	1580.	8.686742
1580.	1590.	9.094342
1590.	1600.	8.55794
1600.	1610.	8.242339
1610.	1620.	7.988049
1620.	1630.	7.113812
1630.	1640.	7.628147
1640.	1650.	7.373105
1650.	1660.	7.156095
1660.	1670.	7.019087
1670.	1680.	7.032448
1680.	1690.	6.85089
1690.	1700.	6.526205
1700.	1710.	6.041528
1710.	1720.	5.995832
1720.	1730.	5.673909
1730.	1740.	5.555351
1740.	1750.	5.798602
1750.	1760.	5.09417
1760.	1770.	5.171882
1770.	1780.	5.043976
1780.	1790.	4.949762
1790.	1800.	4.942498
1800.	1810.	4.720299
1810.	1820.	4.783248
1820.	1830.	4.422681
1830.	1840.	4.121944
1840.	1850.	4.149426
1850.	1860.	3.861398
1860.	1870.	4.007569
1870.	1880.	3.951019
1880.	1890.	3.798826
1890.	1900.	3.931414
1900.	1910.	3.548258
1910.	1920.	3.295931
1920.	1930.	3.322928
1930.	1940.	3.274745
1940.	1950.	3.181634
1950.	1960.	2.949249
1960.	1970.	3.128321
1970.	1980.	3.040101
1980.	1990.	2.736471
1990.	2000.	2.894821
2000.	2010.	2.744888
2010.	2020.	2.716657
2020.	2030.	2.467269
2030.	2040.	2.403581
2040.	2050.	2.678178
2050.	2060.	2.380537
2060.	2070.	2.139242
2070.	2080.	2.219708
2080.	2090.	2.196603
2090.	2100.	2.086475
2100.	2110.	2.049752
2110.	2120.	1.962016
2120.	2130.	2.11608
2130.	2140.	1.912638
2140.	2150.	1.999456
2150.	2160.	1.928275
2160.	2170.	1.854233
2170.	2180.	1.790183
2180.	2190.	1.812734
2190.	2200.	1.63568
2200.	2210.	1.591589
2210.	2220.	1.665749
2220.	2230.	1.597138
2230.	2240.	1.527845
2240.	2250.	1.446783
2250.	2260.	1.431223
2260.	2270.	1.257711
2270.	2280.	1.315489
2280.	2290.	1.318649
2290.	2300.	1.305199
2300.	2310.	1.405045
2310.	2320.	1.189305
2320.	2330.	1.230696
2330.	2340.	1.186848
2340.	2350.	1.145177
2350.	2360.	1.1257
2360.	2370.	1.125609
2370.	2380.	1.090231
2380.	2390.	1.100157
2390.	2400.	1.0191
2400.	2410.	0.9955856
2410.	2420.	0.9998712
2420.	2430.	0.9891564
2430.	2440.	0.9152159
2440.	2450.	0.9044581
2450.	2460.	0.9196565
2460.	2470.	0.8365005
2470.	2480.	0.800705
2480.	2490.	0.8808543
2490.	2500.	0.8457033
2500.	2510.	0.7752225
2510.	2520.	0.7404674
2520.	2530.	0.7143623
2530.	2540.	0.7172275
2540.	2550.	0.6926299
2550.	2560.	0.6813932
2560.	2570.	0.6465604
2570.	2580.	0.6767433
2580.	2590.	0.6043263
2590.	2600.	0.6297766
2600.	2610.	0.5959672
2610.	2620.	0.5997732
2620.	2630.	0.5636335
2630.	2640.	0.5664431
2640.	2650.	0.5464463
2650.	2660.	0.537329
2660.	2670.	0.5014768
2670.	2680.	0.5398827
2680.	2690.	0.5036455
2690.	2700.	0.5028527
2700.	2710.	0.4558498
2710.	2720.	0.4788516
2720.	2730.	0.4488447
2730.	2740.	0.4278363
2740.	2750.	0.3910219
2750.	2760.	0.4008738
2760.	2770.	0.3960992
2770.	2780.	0.4048632
2780.	2790.	0.3850157
2790.	2800.	0.3791105
2800.	2810.	0.3683428
2810.	2820.	0.356078
2820.	2830.	0.3502244
2830.	2840.	0.3305992
2840.	2850.	0.3455924
2850.	2860.	0.3277593
2860.	2870.	0.3423027
2870.	2880.	0.3015569
2880.	2890.	0.2997385
2890.	2900.	0.2944594
2900.	2910.	0.2970578
2910.	2920.	0.2972622
2920.	2930.	0.2908627
2930.	2940.	0.2694901
2940.	2950.	0.2763028
2950.	2960.	0.2513871
2960.	2970.	0.2457539
2970.	2980.	0.2555657
2980.	2990.	0.2513105
2990.	3000.	0.2352323
3000.	3010.	0.2249603
3010.	3020.	0.221567
3020.	3030.	0.207648
3030.	3040.	0.1958737
3040.	3050.	0.2091008
3050.	3060.	0.2047727
3060.	3070.	0.1968443
3070.	3080.	0.1893955
3080.	3090.	0.187976
3090.	3100.	0.1715845
3100.	3110.	0.1845967
3110.	3120.	0.1771163
3120.	3130.	0.1601479
3130.	3140.	0.1574975
3140.	3150.	0.1535842
3150.	3160.	0.1542921
3160.	3170.	0.143961
3170.	3180.	0.1537416
3180.	3190.	0.1426588
3190.	3200.	0.133503
3200.	3210.	0.1366016
3210.	3220.	0.1437392
3220.	3230.	0.1323437
3230.	3240.	0.1309075
3240.	3250.	0.1143604
3250.	3260.	0.1196536
3260.	3270.	0.1231149
3270.	3280.	0.1162698
3280.	3290.	0.1132946
3290.	3300.	0.1058788
3300.	3310.	0.110693
3310.	3320.	0.1097451
3320.	3330.	0.09698446
3330.	3340.	0.1054186
3340.	3350.	0.0959247
3350.	3360.	0.09246836
3360.	3370.	0.08611952
3370.	3380.	0.08627541
3380.	3390.	0.08689928
3390.	3400.	0.07894279
3400.	3410.	0.08705219
3410.	3420.	0.08119631
3420.	3430.	0.07758945
3430.	3440.	0.07374494
3440.	3450.	0.07231047
3450.	3460.	0.07398232
3460.	3470.	0.06190546
3470.	3480.	0.07131625
3480.	3490.	0.06454654
3490.	3500.	0.06318784
3500.	3510.	0.06651795
3510.	3520.	0.05652778
3520.	3530.	0.05915898
3530.	3540.	0.05462097
3540.	3550.	0.05508424
3550.	3560.	0.05633628
3560.	3570.	0.05326248
3570.	3580.	0.04948069
3580.	3590.	0.05162411
3590.	3600.	0.04938252
3600.	3610.	0.04367342
3610.	3620.	0.04357961
3620.	3630.	0.04819008
3630.	3640.	0.04537208
3640.	3650.	0.04264064
3650.	3660.	0.0421674
3660.	3670.	0.04001462
3670.	3680.	0.04115734
3680.	3690.	0.04039087
3690.	3700.	0.03994698
3700.	3710.	0.03611553
3710.	3720.	0.03491391
3720.	3730.	0.03239377
3730.	3740.	0.03451617
3740.	3750.	0.03227847
3750.	3760.	0.03243478
3760.	3770.	0.02978861
3770.	3780.	0.02742875
3780.	3790.	0.02774702
3790.	3800.	0.02473901
3800.	3810.	0.02453102
3810.	3820.	0.02431581
3820.	3830.	0.0244819
3830.	3840.	0.02512834
3840.	3850.	0.02372047
3850.	3860.	0.02536468
3860.	3870.	0.02085763
3870.	3880.	0.02166075
3880.	3890.	0.02228358
3890.	3900.	0.02219234
3900.	3910.	0.01945019
3910.	3920.	0.01900166
3920.	3930.	0.01886949
3930.	3940.	0.01790835
3940.	3950.	0.01821514
3950.	3960.	0.01779996
3960.	3970.	0.01583321
3970.	3980.	0.01566048
3980.	3990.	0.01591668
3990.	4000.	0.0161504
4000.	4010.	0.01304733
4010.	4020.	0.01364247
4020.	4030.	0.01376133
4030.	4040.	0.01368308
4040.	4050.	0.01210277
4050.	4060.	0.01285199
4060.	4070.	0.01138609
4070.	4080.	0.01295991
4080.	4090.	0.01194785
4090.	4100.	0.009146684
4100.	4110.	0.01061674
4110.	4120.	0.01130881
4120.	4130.	0.01020444
4130.	4140.	0.009620123
4140.	4150.	0.00927031
4150.	4160.	0.008598838
4160.	4170.	0.008056482
4170.	4180.	0.006998114
4180.	4190.	0.007617224
4190.	4200.	0.008525538
4200.	4210.	0.007405521
4210.	4220.	0.006177442
4220.	4230.	0.005936569
4230.	4240.	0.007335086
4240.	4250.	0.007232167
4250.	4260.	0.005925361
4260.	4270.	0.005473389
4270.	4280.	0.005223479
4280.	4290.	0.005947715
4290.	4300.	0.004904481
4300.	4310.	0.004705664
4310.	4320.	0.005364014
4320.	4330.	0.004871499
4330.	4340.	0.004263227
4340.	4350.	0.004407251
4350.	4360.	0.004390059
4360.	4370.	0.003573439
4370.	4380.	0.00337126
4380.	4390.	0.004055073
4390.	4400.	0.002783827
4400.	4410.	0.00346036
4410.	4420.	0.002930436
4420.	4430.	0.002928465
4430.	4440.	0.002707203
4440.	4450.	0.002279716
4450.	4460.	0.002812169
4460.	4470.	0.002288225
4470.	4480.	0.002494731
4480.	4490.	0.002600286
4490.	4500.	0.002064526
4500.	4510.	0.002298121
4510.	4520.	0.001976903
4520.	4530.	0.001953595
4530.	4540.	0.001894574
4540.	4550.	0.002213187
4550.	4560.	0.001755815
4560.	4570.	0.001852525
4570.	4580.	0.001229042
4580.	4590.	0.002160072
4590.	4600.	0.001782227
4600.	4610.	0.001268735
4610.	4620.	0.00110968
4620.	4630.	0.001206068
4630.	4640.	0.001163779
4640.	4650.	0.001312869
4650.	4660.	0.0007564381
4660.	4670.	0.0009859499
4670.	4680.	0.0006850566
4680.	4690.	0.0007803007
4690.	4700.	0.0008205284
4700.	4710.	0.0009365693
4710.	4720.	0.0005499463
4720.	4730.	0.0006914782
4730.	4740.	0.0004873455
4740.	4750.	0.0008183312
4750.	4760.	0.0003568188
4760.	4770.	0.0003522575
4770.	4780.	0.0002317878
4780.	4790.	0.0004346144
4790.	4800.	0.0004976982
4800.	4810.	0.0004242647
4810.	4820.	0.0002866513
4820.	4830.	0.0002618123
4830.	4840.	0.0002366537
4840.	4850.	0.0002125259
4850.	4860.	0.0002940306
4860.	4870.	0.0001033325
4870.	4880.	0.0001227535
4880.	4890.	0.0001613799
4890.	4900.	0.00009974723
4900.	4910.	0.00009893766
4910.	4920.	0.0002341269
4920.	4930.	0.00003836831
4930.	4940.	0.0001141378
4940.	4950.	0.00005632257
4950.	4960.	0.00001857413
4960.	4970.	0.00005514741
4970.	4980.	0.00003635198
4980.	4990.	0.00003586485
4990.	5000.	0.
5000.	5010.	0.
5010.	5020.	0.
5020.	5030.	0.
5030.	5040.	0.
5040.	5050.	0.
5050.	5060.	0.
5060.	5070.	0.
5070.	5080.	0.
5080.	5090.	0.
5090.	5100.	0.
5100.	5110.	0.
5110.	5120.	0.
5120.	5130.	0.
5130.	5140.	0.
5140.	5150.	0.
5150.	5160.	0.
5160.	5170.	0.
5170.	5180.	0.
5180.	5190.	0.
5190.	5200.	0.
5200.	5210.	0.
5210.	5220.	0.
5220.	5230.	0.
5230.	5240.	0.
5240.	5250.	0.
5250.	5260.	0.
5260.	5270.	0.
5270.	5280.	0.
5280.	5290.	0.
5290.	5300.	0.
5300.	5310.	0.
5310.	5320.	0.
5320.	5330.	0.
5330.	5340.	0.
5340.	5350.	0.
5350.	5360.	0.
5360.	5370.	0.
5370.	5380.	0.
5380.	5390.	0.
5390.	5400.	0.
5400.	5410.	0.
5410.	5420.	0.
5420.	5430.	0.
5430.	5440.	0.
5440.	5450.	0.
5450.	5460.	0.
5460.	5470.	0.
5470.	5480.	0.
5480.	5490.	0.
5490.	5500.	0.
5500.	5510.	0.
5510.	5520.	0.
5520.	5530.	0.
5530.	5540.	0.
5540.	5550.	0.
5550.	5560.	0.
5560.	5570.	0.
5570.	5580.	0.
5580.	5590.	0.
5590.	5600.	0.
5600.	5610.	0.
5610.	5620.	0.
5620.	5630.	0.
5630.	5640.	0.
5640.	5650.	0.
5650.	5660.	0.
5660.	5670.	0.
5670.	5680.	0.
5680.	5690.	0.
5690.	5700.	0.
5700.	5710.	0.
5710.	5720.	0.
5720.	5730.	0.
5730.	5740.	0.
5740.	5750.	0.
5750.	5760.	0.
5760.	5770.	0.
5770.	5780.	0.
5780.	5790.	0.
5790.	5800.	0.
5800.	5810.	0.
5810.	5820.	0.
5820.	5830.	0.
5830.	5840.	0.
5840.	5850.	0.
5850.	5860.	0.
5860.	5870.	0.
5870.	5880.	0.
5880.	5890.	0.
5890.	5900.	0.
5900.	5910.	0.
5910.	5920.	0.
5920.	5930.	0.
5930.	5940.	0.
5940.	5950.	0.
5950.	5960.	0.
5960.	5970.	0.
5970.	5980.	0.
5980.	5990.	0.
5990.	6000.	0.
6000.	6010.	0.
6010.	6020.	0.
6020.	6030.	0.
6030.	6040.	0.
6040.	6050.	0.
6050.	6060.	0.
6060.	6070.	0.
6070.	6080.	0.
6080.	6090.	0.
6090.	6100.	0.
6100.	6110.	0.
6110.	6120.	0.
6120.	6130.	0.
6130.	6140.	0.
6140.	6150.	0.
6150.	6160.	0.
6160.	6170.	0.
6170.	6180.	0.
6180.	6190.	0.
6190.	6200.	0.
6200.	6210.	0.
6210.	6220.	0.
6220.	6230.	0.
6230.	6240.	0.
6240.	6250.	0.
6250.	6260.	0.
6260.	6270.	0.
6270.	6280.	0.
6280.	6290.	0.
6290.	6300.	0.
6300.	6310.	0.
6310.	6320.	0.
6320.	6330.	0.
6330.	6340.	0.
6340.	6350.	0.
6350.	6360.	0.
6360.	6370.	0.
6370.	6380.	0.
6380.	6390.	0.
6390.	6400.	0.
6400.	6410.	0.
6410.	6420.	0.
6420.	6430.	0.
6430.	6440.	0.
6440.	6450.	0.
6450.	6460.	0.
6460.	6470.	0.
6470.	6480.	0.
6480.	6490.	0.
6490.	6500.	0.
6500.	6510.	0.
6510.	6520.	0.
6520.	6530.	0.
6530.	6540.	0.
6540.	6550.	0.
6550.	6560.	0.
6560.	6570.	0.
6570.	6580.	0.
6580.	6590.	0.
6590.	6600.	0.
6600.	6610.	0.
6610.	6620.	0.
6620.	6630.	0.
6630.	6640.	0.
6640.	6650.	0.
6650.	6660.	0.
6660.	6670.	0.
6670.	6680.	0.
6680.	6690.	0.
6690.	6700.	0.
6700.	6710.	0.
6710.	6720.	0.
6720.	6730.	0.
6730.	6740.	0.
6740.	6750.	0.
6750.	6760.	0.
6760.	6770.	0.
6770.	6780.	0.
6780.	6790.	0.
6790.	6800.	0.
6800.	6810.	0.
6810.	6820.	0.
6820.	6830.	0.
6830.	6840.	0.
6840.	6850.	0.
6850.	6860.	0.
6860.	6870.	0.
6870.	6880.	0.
6880.	6890.	0.
6890.	6900.	0.
6900.	6910.	0.
6910.	6920.	0.
6920.	6930.	0.
6930.	6940.	0.
6940.	6950.	0.
6950.	6960.	0.
6960.	6970.	0.
6970.	6980.	0.
6980.	6990.	0.
6990.	7000.	0.
7000.	7010.	0.
7010.	7020.	0.
7020.	7030.	0.
7030.	7040.	0.
7040.	7050.	0.
7050.	7060.	0.
7060.	7070.	0.
7070.	7080.	0.
7080.	7090.	0.
7090.	7100.	0.
7100.	7110.	0.
7110.	7120.	0.
7120.	7130.	0.
7130.	7140.	0.
7140.	7150.	0.
7150.	7160.	0.
7160.	7170.	0.
7170.	7180.	0.
7180.	7190.	0.
7190.	7200.	0.
7200.	7210.	0.
7210.	7220.	0.
7220.	7230.	0.
7230.	7240.	0.
7240.	7250.	0.
7250.	7260.	0.
7260.	7270.	0.
7270.	7280.	0.
7280.	7290.	0.
7290.	7300.	0.
7300.	7310.	0.
7310.	7320.	0.
7320.	7330.	0.
7330.	7340.	0.
7340.	7350.	0.
7350.	7360.	0.
7360.	7370.	0.
7370.	7380.	0.
7380.	7390.	0.
7390.	7400.	0.
7400.	7410.	0.
7410.	7420.	0.
7420.	7430.	0.
7430.	7440.	0.
7440.	7450.	0.
7450.	7460.	0.
7460.	7470.	0.
7470.	7480.	0.
7480.	7490.	0.
7490.	7500.	0.
7500.	7510.	0.
7510.	7520.	0.
7520.	7530.	0.
7530.	7540.	0.
7540.	7550.	0.
7550.	7560.	0.
7560.	7570.	0.
7570.	7580.	0.
7580.	7590.	0.
7590.	7600.	0.
7600.	7610.	0.
7610.	7620.	0.
7620.	7630.	0.
7630.	7640.	0.
7640.	7650.	0.
7650.	7660.	0.
7660.	7670.	0.
7670.	7680.	0.
7680.	7690.	0.
7690.	7700.	0.
7700.	7710.	0.
7710.	7720.	0.
7720.	7730.	0.
7730.	7740.	0.
7740.	7750.	0.
7750.	7760.	0.
7760.	7770.	0.
7770.	7780.	0.
7780.	7790.	0.
7790.	7800.	0.
7800.	7810.	0.
7810.	7820.	0.
7820.	7830.	0.
7830.	7840.	0.
7840.	7850.	0.
7850.	7860.	0.
7860.	7870.	0.
7870.	7880.	0.
7880.	7890.	0.
7890.	7900.	0.
7900.	7910.	0.
7910.	7920.	0.
7920.	7930.	0.
7930.	7940.	0.
7940.	7950.	0.
7950.	7960.	0.
7960.	7970.	0.
7970.	7980.	0.
7980.	7990.	0.
7990.	8000.	0.
8000.	8010.	0.
8010.	8020.	0.
8020.	8030.	0.
8030.	8040.	0.
8040.	8050.	0.
8050.	8060.	0.
8060.	8070.	0.
8070.	8080.	0.
8080.	8090.	0.
8090.	8100.	0.
8100.	8110.	0.
8110.	8120.	0.
8120.	8130.	0.
8130.	8140.	0.
8140.	8150.	0.
8150.	8160.	0.
8160.	8170.	0.
8170.	8180.	0.
8180.	8190.	0.
8190.	8200.	0.
8200.	8210.	0.
8210.	8220.	0.
8220.	8230.	0.
8230.	8240.	0.
8240.	8250.	0.
8250.	8260.	0.
8260.	8270.	0.
8270.	8280.	0.
8280.	8290.	0.
8290.	8300.	0.
8300.	8310.	0.
8310.	8320.	0.
8320.	8330.	0.
8330.	8340.	0.
8340.	8350.	0.
8350.	8360.	0.
8360.	8370.	0.
8370.	8380.	0.
8380.	8390.	0.
8390.	8400.	0.
8400.	8410.	0.
8410.	8420.	0.
8420.	8430.	0.
8430.	8440.	0.
8440.	8450.	0.
8450.	8460.	0.
8460.	8470.	0.
8470.	8480.	0.
8480.	8490.	0.
8490.	8500.	0.
8500.	8510.	0.
8510.	8520.	0.
8520.	8530.	0.
8530.	8540.	0.
8540.	8550.	0.
8550.	8560.	0.
8560.	8570.	0.
8570.	8580.	0.
8580.	8590.	0.
8590.	8600.	0.
8600.	8610.	0.
8610.	8620.	0.
8620.	8630.	0.
8630.	8640.	0.
8640.	8650.	0.
8650.	8660.	0.
8660.	8670.	0.
8670.	8680.	0.
8680.	8690.	0.
8690.	8700.	0.
8700.	8710.	0.
8710.	8720.	0.
8720.	8730.	0.
8730.	8740.	0.
8740.	8750.	0.
8750.	8760.	0.
8760.	8770.	0.
8770.	8780.	0.
8780.	8790.	0.
8790.	8800.	0.
8800.	8810.	0.
8810.	8820.	0.
8820.	8830.	0.
8830.	8840.	0.
8840.	8850.	0.
8850.	8860.	0.
8860.	8870.	0.
8870.	8880.	0.
8880.	8890.	0.
8890.	8900.	0.
8900.	8910.	0.
8910.	8920.	0.
8920.	8930.	0.
8930.	8940.	0.
8940.	8950.	0.
8950.	8960.	0.
8960.	8970.	0.
8970.	8980.	0.
8980.	8990.	0.
8990.	9000.	0.
9000.	9010.	0.
9010.	9020.	0.
9020.	9030.	0.
9030.	9040.	0.
9040.	9050.	0.
9050.	9060.	0.
9060.	9070.	0.
9070.	9080.	0.
9080.	9090.	0.
9090.	9100.	0.
9100.	9110.	0.
9110.	9120.	0.
9120.	9130.	0.
9130.	9140.	0.
9140.	9150.	0.
9150.	9160.	0.
9160.	9170.	0.
9170.	9180.	0.
9180.	9190.	0.
9190.	9200.	0.
9200.	9210.	0.
9210.	9220.	0.
9220.	9230.	0.
9230.	9240.	0.
9240.	9250.	0.
9250.	9260.	0.
9260.	9270.	0.
9270.	9280.	0.
9280.	9290.	0.
9290.	9300.	0.
9300.	9310.	0.
9310.	9320.	0.
9320.	9330.	0.
9330.	9340.	0.
9340.	9350.	0.
9350.	9360.	0.
9360.	9370.	0.
9370.	9380.	0.
9380.	9390.	0.
9390.	9400.	0.
9400.	9410.	0.
9410.	9420.	0.
9420.	9430.	0.
9430.	9440.	0.
9440.	9450.	0.
9450.	9460.	0.
9460.	9470.	0.
9470.	9480.	0.
9480.	9490.	0.
9490.	9500.	0.
9500.	9510.	0.
9510.	9520.	0.
9520.	9530.	0.
9530.	9540.	0.
9540.	9550.	0.
9550.	9560.	0.
9560.	9570.	0.
9570.	9580.	0.
9580.	9590.	0.
9590.	9600.	0.
9600.	9610.	0.
9610.	9620.	0.
9620.	9630.	0.
9630.	9640.	0.
9640.	9650.	0.
9650.	9660.	0.
9660.	9670.	0.
9670.	9680.	0.
9680.	9690.	0.
9690.	9700.	0.
9700.	9710.	0.
9710.	9720.	0.
9720.	9730.	0.
9730.	9740.	0.
9740.	9750.	0.
9750.	9760.	0.
9760.	9770.	0.
9770.	9780.	0.
9780.	9790.	0.
9790.	9800.	0.
9800.	9810.	0.
9810.	9820.	0.
9820.	9830.	0.
9830.	9840.	0.
9840.	9850.	0.
9850.	9860.	0.
9860.	9870.	0.
9870.	9880.	0.
9880.	9890.	0.
9890.	9900.	0.
9900.	9910.	0.
9910.	9920.	0.
9920.	9930.	0.
9930.	9940.	0.
9940.	9950.	0.
9950.	9960.	0.
9960.	9970.	0.
9970.	9980.	0.
9980.	9990.	0.
9990.	10000.	0.
10000.	10010.	0.