-10.	0.	0.
0.	10.	0.
10.	20.	0.
20.	30.	0.
30.	40.	0.
40.	50.	0.
50.	60.	0.
60.	70.	0.
70.	80.	0.
80.	90.	0.
90.	100.	0.
100.	110.	0.
110.	120.	0.
120.	130.	0.
130.	140.	0.
140.	150.	0.
150.	160.	8546.164
160.	170.	7353.319
170.	180.	6289.292
180.	190.	5433.141
190.	200.	4717.899
200.	210.	4079.39
210.	220.	3627.365
220.	230.	3087.445
230.	240.	2764.703
240.	250.	2432.659
250.	260.	2179.209
260.	270.	1968.543
270.	280.	1712.767
280.	290.	1566.277
290.	300.	1399.326
300.	310.	1283.529
310.	320.	1136.109
320.	330.	967.2972
330.	340.	964.972
340.	350.	875.218
350.	360.	766.397
360.	370.	733.8437
370.	380.	657.5761
380.	390.	602.7006
390.	400.	543.1746
400.	410.	502.2505
410.	420.	476.6729
420.	430.	425.5178
430.	440.	374.3626
440.	450.	379.4781
450.	460.	330.1832
460.	470.	301.3503
470.	480.	292.9794
480.	490.	271.1222
490.	500.	262.7514
500.	510.	244.6146
510.	520.	206.0157
520.	530.	205.5507
530.	540.	192.5293
540.	550.	173.9275
550.	560.	165.0916
560.	570.	160.9062
570.	580.	156.7207
580.	590.	130.6781
590.	600.	133.9335
600.	610.	120.4471
610.	620.	118.1219
620.	630.	101.8452
630.	640.	93.93944
640.	650.	99.05495
650.	660.	92.07925
660.	670.	84.17346
670.	680.	84.63851
680.	690.	79.05794
690.	700.	73.01234
700.	710.	65.10654
710.	720.	68.82692
720.	730.	64.17645
730.	740.	67.43178
740.	750.	58.59589
750.	760.	57.20075
760.	770.	46.03963
770.	780.	48.82991
780.	790.	45.57458
790.	800.	39.99402
800.	810.	41.85421
810.	820.	39.99402
820.	830.	38.13383
830.	840.	43.71439
840.	850.	39.99402
850.	860.	34.87851
860.	870.	33.01832
870.	880.	26.50766
880.	890.	31.15813
890.	900.	30.69308
900.	910.	30.69308
910.	920.	30.22804
920.	930.	21.8572
930.	940.	26.50766
940.	950.	23.71738
950.	960.	22.78729
960.	970.	19.99701
970.	980.	19.53196
980.	990.	12.55626
990.	1000.	15.81159
1000.	1010.	13.12255
1010.	1020.	17.42545
1020.	1030.	12.80957
1030.	1040.	17.40617
1040.	1050.	13.1748
1050.	1060.	11.44228
1060.	1070.	14.05118
1070.	1080.	9.644785
1080.	1090.	15.3331
1090.	1100.	14.2982
1100.	1110.	9.970633
1110.	1120.	9.439144
1120.	1130.	11.66963
1130.	1140.	8.296462
1140.	1150.	8.294611
1150.	1160.	10.79587
1160.	1170.	9.665496
1170.	1180.	7.070665
1180.	1190.	11.25077
1190.	1200.	8.304106
1200.	1210.	10.18078
1210.	1220.	8.971824
1220.	1230.	8.413482
1230.	1240.	8.018007
1240.	1250.	7.6103
1250.	1260.	5.936956
1260.	1270.	7.487602
1270.	1280.	6.811454
1280.	1290.	5.695211
1290.	1300.	5.425147
1300.	1310.	6.039147
1310.	1320.	5.670011
1320.	1330.	5.489262
1330.	1340.	6.485337
1340.	1350.	3.841011
1350.	1360.	5.108258
1360.	1370.	4.170855
1370.	1380.	5.095841
1380.	1390.	3.754133
1390.	1400.	4.039741
1400.	1410.	4.295768
1410.	1420.	4.405209
1420.	1430.	2.889168
1430.	1440.	3.422291
1440.	1450.	3.725457
1450.	1460.	4.520058
1460.	1470.	3.350391
1470.	1480.	3.381787
1480.	1490.	3.940539
1490.	1500.	3.247861
1500.	1510.	2.403892
1510.	1520.	2.574039
1520.	1530.	2.9948
1530.	1540.	3.278808
1540.	1550.	2.182402
1550.	1560.	2.330215
1560.	1570.	2.818366
1570.	1580.	2.133874
1580.	1590.	2.053795
1590.	1600.	2.113378
1600.	1610.	2.47644
1610.	1620.	2.258708
1620.	1630.	1.942124
1630.	1640.	2.045124
1640.	1650.	2.254679
1650.	1660.	1.946993
1660.	1670.	1.833017
1670.	1680.	1.49897
1680.	1690.	1.768286
1690.	1700.	1.667678
1700.	1710.	1.761232
1710.	1720.	1.6974
1720.	1730.	1.447867
1730.	1740.	1.260922
1740.	1750.	1.415884
1750.	1760.	1.704671
1760.	1770.	1.215462
1770.	1780.	1.328013
1780.	1790.	1.422962
1790.	1800.	1.209569
1800.	1810.	1.143693
1810.	1820.	1.168143
1820.	1830.	1.247593
1830.	1840.	1.009612
1840.	1850.	1.130903
1850.	1860.	1.14211
1860.	1870.	0.9721864
1870.	1880.	1.091921
1880.	1890.	0.9855359
1890.	1900.	0.9865193
1900.	1910.	0.864953
1910.	1920.	0.8299395
1920.	1930.	0.7038554
1930.	1940.	0.7626198
1940.	1950.	0.6439983
1950.	1960.	0.8083307
1960.	1970.	0.726285
1970.	1980.	0.6733368
1980.	1990.	0.7364549
1990.	2000.	0.8185196
2000.	2010.	0.6586898
2010.	2020.	0.7297537
2020.	2030.	0.5867147
2030.	2040.	0.5760541
2040.	2050.	0.6289425
2050.	2060.	0.5932959
2060.	2070.	0.6954384
2070.	2080.	0.4602973
2080.	2090.	0.4638739
2090.	2100.	0.5337533
2100.	2110.	0.5931762
2110.	2120.	0.5093985
2120.	2130.	0.4847116
2130.	2140.	0.4267542
2140.	2150.	0.3966556
2150.	2160.	0.4732662
2160.	2170.	0.415249
2170.	2180.	0.4608211
2180.	2190.	0.4649799
2190.	2200.	0.3701463
2200.	2210.	0.3925838
2210.	2220.	0.3900405
2220.	2230.	0.3907527
2230.	2240.	0.4104976
2240.	2250.	0.3671333
2250.	2260.	0.4033693
2260.	2270.	0.3272426
2270.	2280.	0.3926964
2280.	2290.	0.3829881
2290.	2300.	0.3308707
2300.	2310.	0.3253268
2310.	2320.	0.3233045
2320.	2330.	0.2944273
2330.	2340.	0.2839392
2340.	2350.	0.3045186
2350.	2360.	0.3436061
2360.	2370.	0.2869489
2370.	2380.	0.2511318
2380.	2390.	0.2603779
2390.	2400.	0.2465048
2400.	2410.	0.2213618
2410.	2420.	0.2462169
2420.	2430.	0.230824
2430.	2440.	0.2008684
2440.	2450.	0.2720636
2450.	2460.	0.2230366
2460.	2470.	0.2216335
2470.	2480.	0.2084736
2480.	2490.	0.2132054
2490.	2500.	0.198673
2500.	2510.	0.2295491
2510.	2520.	0.1435013
2520.	2530.	0.1524968
2530.	2540.	0.1838718
2540.	2550.	0.1965899
2550.	2560.	0.1538222
2560.	2570.	0.1713494
2570.	2580.	0.16261
2580.	2590.	0.1605867
2590.	2600.	0.1599507
2600.	2610.	0.1384016
2610.	2620.	0.170077
2620.	2630.	0.1222296
2630.	2640.	0.1208429
2640.	2650.	0.1371726
2650.	2660.	0.119525
2660.	2670.	0.1453097
2670.	2680.	0.1345613
2680.	2690.	0.1153839
2690.	2700.	0.1141228
2700.	2710.	0.1269417
2710.	2720.	0.1254554
2720.	2730.	0.1056204
2730.	2740.	0.1055051
2740.	2750.	0.111845
2750.	2760.	0.1021318
2760.	2770.	0.1092044
2770.	2780.	0.09361348
2780.	2790.	0.08068703
2790.	2800.	0.08779497
2800.	2810.	0.07637959
2810.	2820.	0.09344086
2820.	2830.	0.07879987
2830.	2840.	0.08327834
2840.	2850.	0.07717426
2850.	2860.	0.08149495
2860.	2870.	0.08830531
2870.	2880.	0.07400373
2880.	2890.	0.07586994
2890.	2900.	0.06234191
2900.	2910.	0.05416545
2910.	2920.	0.07577425
2920.	2930.	0.07577667
2930.	2940.	0.06985798
2940.	2950.	0.05695679
2950.	2960.	0.06703431
2960.	2970.	0.05741539
2970.	2980.	0.05908356
2980.	2990.	0.06710964
2990.	3000.	0.0657489
3000.	3010.	0.06505469
3010.	3020.	0.05825979
3020.	3030.	0.0588963
3030.	3040.	0.05174881
3040.	3050.	0.05717369
3050.	3060.	0.04976734
3060.	3070.	0.04879519
3070.	3080.	0.05277048
3080.	3090.	0.04801832
3090.	3100.	0.05184642
3100.	3110.	0.04728766
3110.	3120.	0.03562599
3120.	3130.	0.03545012
3130.	3140.	0.03769654
3140.	3150.	0.04131058
3150.	3160.	0.0354103
3160.	3170.	0.04396269
3170.	3180.	0.03677629
3180.	3190.	0.03561312
3190.	3200.	0.04199134
3200.	3210.	0.0321625
3210.	3220.	0.02993696
3220.	3230.	0.02646718
3230.	3240.	0.02960085
3240.	3250.	0.03187682
3250.	3260.	0.02854433
3260.	3270.	0.03032597
3270.	3280.	0.02222894
3280.	3290.	0.03364469
3290.	3300.	0.03053855
3300.	3310.	0.02462979
3310.	3320.	0.02734849
3320.	3330.	0.02546598
3330.	3340.	0.02434172
3340.	3350.	0.02856704
3350.	3360.	0.02118361
3360.	3370.	0.01729273
3370.	3380.	0.02424341
3380.	3390.	0.02258872
3390.	3400.	0.01973333
3400.	3410.	0.01700966
3410.	3420.	0.01876396
3420.	3430.	0.01930539
3430.	3440.	0.02037571
3440.	3450.	0.01723084
3450.	3460.	0.02132158
3460.	3470.	0.01668688
3470.	3480.	0.0184972
3480.	3490.	0.01606876
3490.	3500.	0.01582
3500.	3510.	0.01303282
3510.	3520.	0.01233762
3520.	3530.	0.01525372
3530.	3540.	0.01263947
3540.	3550.	0.01430229
3550.	3560.	0.01220761
3560.	3570.	0.00996127
3570.	3580.	0.01360021
3580.	3590.	0.01511115
3590.	3600.	0.01077026
3600.	3610.	0.01100963
3610.	3620.	0.01377401
3620.	3630.	0.00984426
3630.	3640.	0.009685884
3640.	3650.	0.01328079
3650.	3660.	0.01033566
3660.	3670.	0.009795538
3670.	3680.	0.01132337
3680.	3690.	0.009087962
3690.	3700.	0.01206076
3700.	3710.	0.009350923
3710.	3720.	0.008844582
3720.	3730.	0.008528431
3730.	3740.	0.01198927
3740.	3750.	0.008424498
3750.	3760.	0.008285108
3760.	3770.	0.01012103
3770.	3780.	0.007393339
3780.	3790.	0.006953867
3790.	3800.	0.006081725
3800.	3810.	0.007355662
3810.	3820.	0.005732401
3820.	3830.	0.007871402
3830.	3840.	0.007886869
3840.	3850.	0.006192682
3850.	3860.	0.003971553
3860.	3870.	0.007540029
3870.	3880.	0.004948466
3880.	3890.	0.006494651
3890.	3900.	0.004924519
3900.	3910.	0.004070003
3910.	3920.	0.006207558
3920.	3930.	0.004710492
3930.	3940.	0.003376501
3940.	3950.	0.005057768
3950.	3960.	0.004623266
3960.	3970.	0.004193959
3970.	3980.	0.00483387
3980.	3990.	0.004760794
3990.	4000.	0.004349098
4000.	4010.	0.00338124
4010.	4020.	0.003218857
4020.	4030.	0.003500489
4030.	4040.	0.002800099
4040.	4050.	0.003398584
4050.	4060.	0.003243144
4060.	4070.	0.003411199
4070.	4080.	0.003453359
4080.	4090.	0.003304229
4090.	4100.	0.002170764
4100.	4110.	0.003594283
4110.	4120.	0.002298051
4120.	4130.	0.002738435
4130.	4140.	0.002323683
4140.	4150.	0.002841636
4150.	4160.	0.002260192
4160.	4170.	0.002849776
4170.	4180.	0.001580652
4180.	4190.	0.001817101
4190.	4200.	0.001620689
4200.	4210.	0.00269441
4210.	4220.	0.002237924
4220.	4230.	0.002371663
4230.	4240.	0.001530629
4240.	4250.	0.001828951
4250.	4260.	0.001567257
4260.	4270.	0.001700795
4270.	4280.	0.001523148
4280.	4290.	0.001726088
4290.	4300.	0.001702193
4300.	4310.	0.000803545
4310.	4320.	0.001296144
4320.	4330.	0.0009944146
4330.	4340.	0.001191789
4340.	4350.	0.001937089
4350.	4360.	0.001292911
4360.	4370.	0.001613628
4370.	4380.	0.001458778
4380.	4390.	0.0009811752
4390.	4400.	0.0008394177
4400.	4410.	0.001018661
4410.	4420.	0.001192373
4420.	4430.	0.0008672287
4430.	4440.	0.0008555917
4440.	4450.	0.0006029724
4450.	4460.	0.0007141414
4460.	4470.	0.0008222135
4470.	4480.	0.0008680946
4480.	4490.	0.0005714731
4490.	4500.	0.0009589978
4500.	4510.	0.0003895316
4510.	4520.	0.00104459
4520.	4530.	0.0008118326
4530.	4540.	0.0005875979
4540.	4550.	0.0008453218
4550.	4560.	0.000468035
4560.	4570.	0.0005654199
4570.	4580.	0.000254503
4580.	4590.	0.000400645
4590.	4600.	0.0004446453
4600.	4610.	0.0004381741
4610.	4620.	0.0005293989
4620.	4630.	0.000569616
4630.	4640.	0.0005153977
4640.	4650.	0.0003693841
4650.	4660.	0.0001834269
4660.	4670.	0.0003159632
4670.	4680.	0.0002221911
4680.	4690.	0.0004404206
4690.	4700.	0.0003913015
4700.	4710.	0.000256747
4710.	4720.	0.0002534719
4720.	4730.	0.0002928591
4730.	4740.	0.0004131067
4740.	4750.	0.000448543
4750.	4760.	0.0002012013
4760.	4770.	0.0001986586
4770.	4780.	0.0001569003
4780.	4790.	0.0003099884
4790.	4800.	0.0003062524
4800.	4810.	0.0001134045
4810.	4820.	0.0001497658
4820.	4830.	0.0001472703
4830.	4840.	0.00007253556
4840.	4850.	0.0001080108
4850.	4860.	0.00007086492
4860.	4870.	0.0001406509
4870.	4880.	0.00006921438
4880.	4890.	0.00006846199
4890.	4900.	0.0000676063
4900.	4910.	0.00003323194
4910.	4920.	0.00009923728
4920.	4930.	0.00003277872
4930.	4940.	0.
4940.	4950.	0.00003179011
4950.	4960.	0.
4960.	4970.	0.
4970.	4980.	0.00003069757
4980.	4990.	0.
4990.	5000.	0.
5000.	5010.	0.
5010.	5020.	0.
5020.	5030.	0.
5030.	5040.	0.
5040.	5050.	0.
5050.	5060.	0.
5060.	5070.	0.
5070.	5080.	0.
5080.	5090.	0.
5090.	5100.	0.
5100.	5110.	0.
5110.	5120.	0.
5120.	5130.	0.
5130.	5140.	0.
5140.	5150.	0.
5150.	5160.	0.
5160.	5170.	0.
5170.	5180.	0.
5180.	5190.	0.
5190.	5200.	0.
5200.	5210.	0.
5210.	5220.	0.
5220.	5230.	0.
5230.	5240.	0.
5240.	5250.	0.
5250.	5260.	0.
5260.	5270.	0.
5270.	5280.	0.
5280.	5290.	0.
5290.	5300.	0.
5300.	5310.	0.
5310.	5320.	0.
5320.	5330.	0.
5330.	5340.	0.
5340.	5350.	0.
5350.	5360.	0.
5360.	5370.	0.
5370.	5380.	0.
5380.	5390.	0.
5390.	5400.	0.
5400.	5410.	0.
5410.	5420.	0.
5420.	5430.	0.
5430.	5440.	0.
5440.	5450.	0.
5450.	5460.	0.
5460.	5470.	0.
5470.	5480.	0.
5480.	5490.	0.
5490.	5500.	0.
5500.	5510.	0.
5510.	5520.	0.
5520.	5530.	0.
5530.	5540.	0.
5540.	5550.	0.
5550.	5560.	0.
5560.	5570.	0.
5570.	5580.	0.
5580.	5590.	0.
5590.	5600.	0.
5600.	5610.	0.
5610.	5620.	0.
5620.	5630.	0.
5630.	5640.	0.
5640.	5650.	0.
5650.	5660.	0.
5660.	5670.	0.
5670.	5680.	0.
5680.	5690.	0.
5690.	5700.	0.
5700.	5710.	0.
5710.	5720.	0.
5720.	5730.	0.
5730.	5740.	0.
5740.	5750.	0.
5750.	5760.	0.
5760.	5770.	0.
5770.	5780.	0.
5780.	5790.	0.
5790.	5800.	0.
5800.	5810.	0.
5810.	5820.	0.
5820.	5830.	0.
5830.	5840.	0.
5840.	5850.	0.
5850.	5860.	0.
5860.	5870.	0.
5870.	5880.	0.
5880.	5890.	0.
5890.	5900.	0.
5900.	5910.	0.
5910.	5920.	0.
5920.	5930.	0.
5930.	5940.	0.
5940.	5950.	0.
5950.	5960.	0.
5960.	5970.	0.
5970.	5980.	0.
5980.	5990.	0.
5990.	6000.	0.
6000.	6010.	0.
6010.	6020.	0.
6020.	6030.	0.
6030.	6040.	0.
6040.	6050.	0.
6050.	6060.	0.
6060.	6070.	0.
6070.	6080.	0.
6080.	6090.	0.
6090.	6100.	0.
6100.	6110.	0.
6110.	6120.	0.
6120.	6130.	0.
6130.	6140.	0.
6140.	6150.	0.
6150.	6160.	0.
6160.	6170.	0.
6170.	6180.	0.
6180.	6190.	0.
6190.	6200.	0.
6200.	6210.	0.
6210.	6220.	0.
6220.	6230.	0.
6230.	6240.	0.
6240.	6250.	0.
6250.	6260.	0.
6260.	6270.	0.
6270.	6280.	0.
6280.	6290.	0.
6290.	6300.	0.
6300.	6310.	0.
6310.	6320.	0.
6320.	6330.	0.
6330.	6340.	0.
6340.	6350.	0.
6350.	6360.	0.
6360.	6370.	0.
6370.	6380.	0.
6380.	6390.	0.
6390.	6400.	0.
6400.	6410.	0.
6410.	6420.	0.
6420.	6430.	0.
6430.	6440.	0.
6440.	6450.	0.
6450.	6460.	0.
6460.	6470.	0.
6470.	6480.	0.
6480.	6490.	0.
6490.	6500.	0.
6500.	6510.	0.
6510.	6520.	0.
6520.	6530.	0.
6530.	6540.	0.
6540.	6550.	0.
6550.	6560.	0.
6560.	6570.	0.
6570.	6580.	0.
6580.	6590.	0.
6590.	6600.	0.
6600.	6610.	0.
6610.	6620.	0.
6620.	6630.	0.
6630.	6640.	0.
6640.	6650.	0.
6650.	6660.	0.
6660.	6670.	0.
6670.	6680.	0.
6680.	6690.	0.
6690.	6700.	0.
6700.	6710.	0.
6710.	6720.	0.
6720.	6730.	0.
6730.	6740.	0.
6740.	6750.	0.
6750.	6760.	0.
6760.	6770.	0.
6770.	6780.	0.
6780.	6790.	0.
6790.	6800.	0.
6800.	6810.	0.
6810.	6820.	0.
6820.	6830.	0.
6830.	6840.	0.
6840.	6850.	0.
6850.	6860.	0.
6860.	6870.	0.
6870.	6880.	0.
6880.	6890.	0.
6890.	6900.	0.
6900.	6910.	0.
6910.	6920.	0.
6920.	6930.	0.
6930.	6940.	0.
6940.	6950.	0.
6950.	6960.	0.
6960.	6970.	0.
6970.	6980.	0.
6980.	6990.	0.
6990.	7000.	0.
7000.	7010.	0.
7010.	7020.	0.
7020.	7030.	0.
7030.	7040.	0.
7040.	7050.	0.
7050.	7060.	0.
7060.	7070.	0.
7070.	7080.	0.
7080.	7090.	0.
7090.	7100.	0.
7100.	7110.	0.
7110.	7120.	0.
7120.	7130.	0.
7130.	7140.	0.
7140.	7150.	0.
7150.	7160.	0.
7160.	7170.	0.
7170.	7180.	0.
7180.	7190.	0.
7190.	7200.	0.
7200.	7210.	0.
7210.	7220.	0.
7220.	7230.	0.
7230.	7240.	0.
7240.	7250.	0.
7250.	7260.	0.
7260.	7270.	0.
7270.	7280.	0.
7280.	7290.	0.
7290.	7300.	0.
7300.	7310.	0.
7310.	7320.	0.
7320.	7330.	0.
7330.	7340.	0.
7340.	7350.	0.
7350.	7360.	0.
7360.	7370.	0.
7370.	7380.	0.
7380.	7390.	0.
7390.	7400.	0.
7400.	7410.	0.
7410.	7420.	0.
7420.	7430.	0.
7430.	7440.	0.
7440.	7450.	0.
7450.	7460.	0.
7460.	7470.	0.
7470.	7480.	0.
7480.	7490.	0.
7490.	7500.	0.
7500.	7510.	0.
7510.	7520.	0.
7520.	7530.	0.
7530.	7540.	0.
7540.	7550.	0.
7550.	7560.	0.
7560.	7570.	0.
7570.	7580.	0.
7580.	7590.	0.
7590.	7600.	0.
7600.	7610.	0.
7610.	7620.	0.
7620.	7630.	0.
7630.	7640.	0.
7640.	7650.	0.
7650.	7660.	0.
7660.	7670.	0.
7670.	7680.	0.
7680.	7690.	0.
7690.	7700.	0.
7700.	7710.	0.
7710.	7720.	0.
7720.	7730.	0.
7730.	7740.	0.
7740.	7750.	0.
7750.	7760.	0.
7760.	7770.	0.
7770.	7780.	0.
7780.	7790.	0.
7790.	7800.	0.
7800.	7810.	0.
7810.	7820.	0.
7820.	7830.	0.
7830.	7840.	0.
7840.	7850.	0.
7850.	7860.	0.
7860.	7870.	0.
7870.	7880.	0.
7880.	7890.	0.
7890.	7900.	0.
7900.	7910.	0.
7910.	7920.	0.
7920.	7930.	0.
7930.	7940.	0.
7940.	7950.	0.
7950.	7960.	0.
7960.	7970.	0.
7970.	7980.	0.
7980.	7990.	0.
7990.	8000.	0.
8000.	8010.	0.
8010.	8020.	0.
8020.	8030.	0.
8030.	8040.	0.
8040.	8050.	0.
8050.	8060.	0.
8060.	8070.	0.
8070.	8080.	0.
8080.	8090.	0.
8090.	8100.	0.
8100.	8110.	0.
8110.	8120.	0.
8120.	8130.	0.
8130.	8140.	0.
8140.	8150.	0.
8150.	8160.	0.
8160.	8170.	0.
8170.	8180.	0.
8180.	8190.	0.
8190.	8200.	0.
8200.	8210.	0.
8210.	8220.	0.
8220.	8230.	0.
8230.	8240.	0.
8240.	8250.	0.
8250.	8260.	0.
8260.	8270.	0.
8270.	8280.	0.
8280.	8290.	0.
8290.	8300.	0.
8300.	8310.	0.
8310.	8320.	0.
8320.	8330.	0.
8330.	8340.	0.
8340.	8350.	0.
8350.	8360.	0.
8360.	8370.	0.
8370.	8380.	0.
8380.	8390.	0.
8390.	8400.	0.
8400.	8410.	0.
8410.	8420.	0.
8420.	8430.	0.
8430.	8440.	0.
8440.	8450.	0.
8450.	8460.	0.
8460.	8470.	0.
8470.	8480.	0.
8480.	8490.	0.
8490.	8500.	0.
8500.	8510.	0.
8510.	8520.	0.
8520.	8530.	0.
8530.	8540.	0.
8540.	8550.	0.
8550.	8560.	0.
8560.	8570.	0.
8570.	8580.	0.
8580.	8590.	0.
8590.	8600.	0.
8600.	8610.	0.
8610.	8620.	0.
8620.	8630.	0.
8630.	8640.	0.
8640.	8650.	0.
8650.	8660.	0.
8660.	8670.	0.
8670.	8680.	0.
8680.	8690.	0.
8690.	8700.	0.
8700.	8710.	0.
8710.	8720.	0.
8720.	8730.	0.
8730.	8740.	0.
8740.	8750.	0.
8750.	8760.	0.
8760.	8770.	0.
8770.	8780.	0.
8780.	8790.	0.
8790.	8800.	0.
8800.	8810.	0.
8810.	8820.	0.
8820.	8830.	0.
8830.	8840.	0.
8840.	8850.	0.
8850.	8860.	0.
8860.	8870.	0.
8870.	8880.	0.
8880.	8890.	0.
8890.	8900.	0.
8900.	8910.	0.
8910.	8920.	0.
8920.	8930.	0.
8930.	8940.	0.
8940.	8950.	0.
8950.	8960.	0.
8960.	8970.	0.
8970.	8980.	0.
8980.	8990.	0.
8990.	9000.	0.
9000.	9010.	0.
9010.	9020.	0.
9020.	9030.	0.
9030.	9040.	0.
9040.	9050.	0.
9050.	9060.	0.
9060.	9070.	0.
9070.	9080.	0.
9080.	9090.	0.
9090.	9100.	0.
9100.	9110.	0.
9110.	9120.	0.
9120.	9130.	0.
9130.	9140.	0.
9140.	9150.	0.
9150.	9160.	0.
9160.	9170.	0.
9170.	9180.	0.
9180.	9190.	0.
9190.	9200.	0.
9200.	9210.	0.
9210.	9220.	0.
9220.	9230.	0.
9230.	9240.	0.
9240.	9250.	0.
9250.	9260.	0.
9260.	9270.	0.
9270.	9280.	0.
9280.	9290.	0.
9290.	9300.	0.
9300.	9310.	0.
9310.	9320.	0.
9320.	9330.	0.
9330.	9340.	0.
9340.	9350.	0.
9350.	9360.	0.
9360.	9370.	0.
9370.	9380.	0.
9380.	9390.	0.
9390.	9400.	0.
9400.	9410.	0.
9410.	9420.	0.
9420.	9430.	0.
9430.	9440.	0.
9440.	9450.	0.
9450.	9460.	0.
9460.	9470.	0.
9470.	9480.	0.
9480.	9490.	0.
9490.	9500.	0.
9500.	9510.	0.
9510.	9520.	0.
9520.	9530.	0.
9530.	9540.	0.
9540.	9550.	0.
9550.	9560.	0.
9560.	9570.	0.
9570.	9580.	0.
9580.	9590.	0.
9590.	9600.	0.
9600.	9610.	0.
9610.	9620.	0.
9620.	9630.	0.
9630.	9640.	0.
9640.	9650.	0.
9650.	9660.	0.
9660.	9670.	0.
9670.	9680.	0.
9680.	9690.	0.
9690.	9700.	0.
9700.	9710.	0.
9710.	9720.	0.
9720.	9730.	0.
9730.	9740.	0.
9740.	9750.	0.
9750.	9760.	0.
9760.	9770.	0.
9770.	9780.	0.
9780.	9790.	0.
9790.	9800.	0.
9800.	9810.	0.
9810.	9820.	0.
9820.	9830.	0.
9830.	9840.	0.
9840.	9850.	0.
9850.	9860.	0.
9860.	9870.	0.
9870.	9880.	0.
9880.	9890.	0.
9890.	9900.	0.
9900.	9910.	0.
9910.	9920.	0.
9920.	9930.	0.
9930.	9940.	0.
9940.	9950.	0.
9950.	9960.	0.
9960.	9970.	0.
9970.	9980.	0.
9980.	9990.	0.
9990.	10000.	0.
10000.	10010.	0.