-10.	0.	0.
0.	10.	0.
10.	20.	0.
20.	30.	0.
30.	40.	0.
40.	50.	0.
50.	60.	0.
60.	70.	0.
70.	80.	0.
80.	90.	0.
90.	100.	0.
100.	110.	0.
110.	120.	0.
120.	130.	0.
130.	140.	0.
140.	150.	0.
150.	160.	12585.29
160.	170.	10855.3
170.	180.	9434.937
180.	190.	8226.76
190.	200.	7223.068
200.	210.	6194.251
210.	220.	5532.288
220.	230.	4848.104
230.	240.	4277.055
240.	250.	3858.79
250.	260.	3430.649
260.	270.	3064.376
270.	280.	2793.956
280.	290.	2526.585
290.	300.	2291.02
300.	310.	2017.695
310.	320.	1860.555
320.	330.	1718.084
330.	340.	1586.94
340.	350.	1445.34
350.	360.	1300.544
360.	370.	1164.318
370.	380.	1118.57
380.	390.	1024.751
390.	400.	949.9565
400.	410.	865.432
410.	420.	801.5303
420.	430.	742.1308
430.	440.	694.9307
440.	450.	652.5233
450.	460.	604.8875
460.	470.	562.3348
470.	480.	508.0183
480.	490.	477.665
490.	500.	457.6231
500.	510.	427.4151
510.	520.	401.9996
520.	530.	386.8956
530.	540.	366.9989
540.	550.	339.2598
550.	560.	323.5749
560.	570.	299.3213
570.	580.	291.1883
580.	590.	264.1753
590.	600.	251.1045
600.	610.	232.6602
610.	620.	220.606
620.	630.	213.9254
630.	640.	193.8835
640.	650.	191.8503
650.	660.	175.8748
660.	670.	163.385
670.	680.	163.385
680.	690.	144.5049
690.	700.	141.4551
700.	710.	144.0692
710.	720.	135.3554
720.	730.	120.8323
730.	740.	117.6372
740.	750.	105.4378
750.	760.	112.5541
760.	770.	107.471
770.	780.	95.56205
780.	790.	94.25497
790.	800.	86.41249
800.	810.	86.70296
810.	820.	78.86048
820.	830.	73.19647
830.	840.	71.59892
840.	850.	72.32508
850.	860.	72.61554
860.	870.	61.57798
870.	880.	60.41613
880.	890.	59.68998
890.	900.	56.78535
900.	910.	61.72321
910.	920.	56.20443
920.	930.	52.86411
930.	940.	56.20443
940.	950.	49.5238
950.	960.	46.18348
960.	970.	42.40748
970.	980.	37.90531
980.	990.	41.68132
990.	1000.	39.35762
1000.	1010.	41.43181
1010.	1020.	34.54135
1020.	1030.	31.21315
1030.	1040.	33.67273
1040.	1050.	31.75047
1050.	1060.	31.19076
1060.	1070.	29.85067
1070.	1080.	27.5016
1080.	1090.	26.79322
1090.	1100.	28.0258
1100.	1110.	25.90095
1110.	1120.	25.42495
1120.	1130.	23.40157
1130.	1140.	25.18736
1140.	1150.	22.9327
1150.	1160.	22.02522
1160.	1170.	20.05056
1170.	1180.	19.70071
1180.	1190.	19.33697
1190.	1200.	18.26396
1200.	1210.	18.1575
1210.	1220.	17.4369
1220.	1230.	16.00199
1230.	1240.	16.20712
1240.	1250.	15.82763
1250.	1260.	16.46132
1260.	1270.	14.54819
1270.	1280.	14.69618
1280.	1290.	13.36588
1290.	1300.	13.18467
1300.	1310.	11.74951
1310.	1320.	12.89696
1320.	1330.	12.08081
1330.	1340.	12.0614
1340.	1350.	11.13881
1350.	1360.	11.30074
1360.	1370.	11.69947
1370.	1380.	10.22934
1380.	1390.	10.00583
1390.	1400.	10.64193
1400.	1410.	10.06374
1410.	1420.	9.555014
1420.	1430.	8.434895
1430.	1440.	8.523134
1440.	1450.	8.285003
1450.	1460.	7.972419
1460.	1470.	8.50281
1470.	1480.	8.037599
1480.	1490.	7.683155
1490.	1500.	7.121846
1500.	1510.	7.120456
1510.	1520.	6.549628
1520.	1530.	6.871682
1530.	1540.	6.228622
1540.	1550.	6.289748
1550.	1560.	5.995017
1560.	1570.	5.960112
1570.	1580.	5.682354
1580.	1590.	5.47046
1590.	1600.	5.404773
1600.	1610.	5.294128
1610.	1620.	5.157055
1620.	1630.	5.039143
1630.	1640.	5.024285
1640.	1650.	4.809082
1650.	1660.	4.659384
1660.	1670.	4.364665
1670.	1680.	4.253506
1680.	1690.	4.345446
1690.	1700.	4.161535
1700.	1710.	3.810834
1710.	1720.	4.081165
1720.	1730.	3.852912
1730.	1740.	3.809813
1740.	1750.	3.43785
1750.	1760.	3.544701
1760.	1770.	3.171154
1770.	1780.	3.120586
1780.	1790.	3.235595
1790.	1800.	3.195962
1800.	1810.	3.022381
1810.	1820.	2.885165
1820.	1830.	2.766344
1830.	1840.	2.718431
1840.	1850.	2.761489
1850.	1860.	2.678639
1860.	1870.	2.518807
1870.	1880.	2.479883
1880.	1890.	2.479342
1890.	1900.	2.403328
1900.	1910.	2.342281
1910.	1920.	2.212744
1920.	1930.	2.140538
1930.	1940.	2.294097
1940.	1950.	2.170189
1950.	1960.	2.198483
1960.	1970.	2.085863
1970.	1980.	1.953225
1980.	1990.	1.991683
1990.	2000.	1.785342
2000.	2010.	1.775575
2010.	2020.	1.645285
2020.	2030.	1.623491
2030.	2040.	1.592519
2040.	2050.	1.606511
2050.	2060.	1.578159
2060.	2070.	1.554281
2070.	2080.	1.50124
2080.	2090.	1.495495
2090.	2100.	1.379769
2100.	2110.	1.392596
2110.	2120.	1.32544
2120.	2130.	1.323296
2130.	2140.	1.273185
2140.	2150.	1.26216
2150.	2160.	1.278756
2160.	2170.	1.197318
2170.	2180.	1.156686
2180.	2190.	1.068196
2190.	2200.	1.13871
2200.	2210.	1.160813
2210.	2220.	1.084932
2220.	2230.	1.01289
2230.	2240.	0.9983156
2240.	2250.	0.9813399
2250.	2260.	0.9893922
2260.	2270.	0.9485531
2270.	2280.	0.9301329
2280.	2290.	0.9006315
2290.	2300.	0.8339887
2300.	2310.	0.8804246
2310.	2320.	0.8139937
2320.	2330.	0.8281961
2330.	2340.	0.7629319
2340.	2350.	0.7791918
2350.	2360.	0.7196926
2360.	2370.	0.7587662
2370.	2380.	0.718415
2380.	2390.	0.7007299
2390.	2400.	0.6284944
2400.	2410.	0.6544133
2410.	2420.	0.6633453
2420.	2430.	0.6277006
2430.	2440.	0.6334416
2440.	2450.	0.5881126
2450.	2460.	0.6233868
2460.	2470.	0.549774
2470.	2480.	0.5789405
2480.	2490.	0.5395682
2490.	2500.	0.5191671
2500.	2510.	0.5072062
2510.	2520.	0.5127058
2520.	2530.	0.4717762
2530.	2540.	0.4781236
2540.	2550.	0.4783104
2550.	2560.	0.4489382
2560.	2570.	0.4442438
2570.	2580.	0.4354368
2580.	2590.	0.4356242
2590.	2600.	0.4428741
2600.	2610.	0.4068772
2610.	2620.	0.4090819
2620.	2630.	0.3799985
2630.	2640.	0.3726939
2640.	2650.	0.3697347
2650.	2660.	0.3608894
2660.	2670.	0.3458262
2670.	2680.	0.3183516
2680.	2690.	0.3411302
2690.	2700.	0.3214503
2700.	2710.	0.3073787
2710.	2720.	0.3115316
2720.	2730.	0.298749
2730.	2740.	0.2979493
2740.	2750.	0.3031508
2750.	2760.	0.2684825
2760.	2770.	0.2879283
2770.	2780.	0.2776398
2780.	2790.	0.2642559
2790.	2800.	0.2689797
2800.	2810.	0.2478722
2810.	2820.	0.2495596
2820.	2830.	0.233703
2830.	2840.	0.2308175
2840.	2850.	0.2267881
2850.	2860.	0.2099323
2860.	2870.	0.218758
2870.	2880.	0.2058879
2880.	2890.	0.2146182
2890.	2900.	0.1906259
2900.	2910.	0.1977004
2910.	2920.	0.1844009
2920.	2930.	0.1962295
2930.	2940.	0.1704405
2940.	2950.	0.1847204
2950.	2960.	0.1653521
2960.	2970.	0.1652853
2970.	2980.	0.1721999
2980.	2990.	0.1693949
2990.	3000.	0.1673928
3000.	3010.	0.1648763
3010.	3020.	0.1483057
3020.	3030.	0.1436649
3030.	3040.	0.1406712
3040.	3050.	0.1424385
3050.	3060.	0.1337895
3060.	3070.	0.1280528
3070.	3080.	0.1243349
3080.	3090.	0.1335666
3090.	3100.	0.1239665
3100.	3110.	0.1157476
3110.	3120.	0.1220718
3120.	3130.	0.1102492
3130.	3140.	0.1205733
3140.	3150.	0.1074762
3150.	3160.	0.1060175
3160.	3170.	0.1018809
3170.	3180.	0.0989791
3180.	3190.	0.08987616
3190.	3200.	0.1052676
3200.	3210.	0.1002048
3210.	3220.	0.09572951
3220.	3230.	0.08946425
3230.	3240.	0.08806553
3240.	3250.	0.08682171
3250.	3260.	0.08733855
3260.	3270.	0.08225103
3270.	3280.	0.08040802
3280.	3290.	0.07754405
3290.	3300.	0.07486305
3300.	3310.	0.06808076
3310.	3320.	0.07341589
3320.	3330.	0.0679544
3330.	3340.	0.07039984
3340.	3350.	0.07039848
3350.	3360.	0.06110807
3360.	3370.	0.064625
3370.	3380.	0.0651637
3380.	3390.	0.05522672
3390.	3400.	0.05849527
3400.	3410.	0.06029407
3410.	3420.	0.05750357
3420.	3430.	0.05397184
3430.	3440.	0.05188027
3440.	3450.	0.04941596
3450.	3460.	0.048776
3460.	3470.	0.04631348
3470.	3480.	0.04709512
3480.	3490.	0.0450695
3490.	3500.	0.04597868
3500.	3510.	0.04448614
3510.	3520.	0.04358913
3520.	3530.	0.03982501
3530.	3540.	0.0411454
3540.	3550.	0.04039763
3550.	3560.	0.03820742
3560.	3570.	0.0368013
3570.	3580.	0.0338772
3580.	3590.	0.03447734
3590.	3600.	0.03330434
3600.	3610.	0.03440379
3610.	3620.	0.03162284
3620.	3630.	0.03078787
3630.	3640.	0.03172992
3640.	3650.	0.02687498
3650.	3660.	0.02906055
3660.	3670.	0.03326214
3670.	3680.	0.0274711
3680.	3690.	0.0270847
3690.	3700.	0.02660574
3700.	3710.	0.02577255
3710.	3720.	0.02409124
3720.	3730.	0.02371401
3730.	3740.	0.02498236
3740.	3750.	0.02332653
3750.	3760.	0.02124187
3760.	3770.	0.02102179
3770.	3780.	0.02017725
3780.	3790.	0.02030502
3790.	3800.	0.02008521
3800.	3810.	0.01819178
3810.	3820.	0.01803991
3820.	3830.	0.01799335
3830.	3840.	0.01794784
3840.	3850.	0.01725896
3850.	3860.	0.01597973
3860.	3870.	0.01590688
3870.	3880.	0.01479339
3880.	3890.	0.01511381
3890.	3900.	0.01376432
3900.	3910.	0.01613767
3910.	3920.	0.01242402
3920.	3930.	0.01401786
3930.	3940.	0.01274813
3940.	3950.	0.01264114
3950.	3960.	0.01153667
3960.	3970.	0.01158475
3970.	3980.	0.01070871
3980.	3990.	0.01117116
3990.	4000.	0.0107175
4000.	4010.	0.01020399
4010.	4020.	0.009771795
4020.	4030.	0.009534426
4030.	4040.	0.00834641
4040.	4050.	0.008723561
4050.	4060.	0.009605891
4060.	4070.	0.008243507
4070.	4080.	0.00837499
4080.	4090.	0.008782163
4090.	4100.	0.00794548
4100.	4110.	0.007433786
4110.	4120.	0.006341126
4120.	4130.	0.007192566
4130.	4140.	0.006046113
4140.	4150.	0.005757144
4150.	4160.	0.005422525
4160.	4170.	0.006401125
4170.	4180.	0.00537417
4180.	4190.	0.005675399
4190.	4200.	0.005302516
4200.	4210.	0.005256297
4210.	4220.	0.005364761
4220.	4230.	0.005184021
4230.	4240.	0.004655786
4240.	4250.	0.004489337
4250.	4260.	0.004210693
4260.	4270.	0.004318424
4270.	4280.	0.004257362
4280.	4290.	0.004599715
4290.	4300.	0.003701699
4300.	4310.	0.00342177
4310.	4320.	0.003534022
4320.	4330.	0.002884889
4330.	4340.	0.002999468
4340.	4350.	0.003345623
4350.	4360.	0.003489404
4360.	4370.	0.002790124
4370.	4380.	0.002546682
4380.	4390.	0.002410653
4390.	4400.	0.002438696
4400.	4410.	0.002842777
4410.	4420.	0.002099697
4420.	4430.	0.002108774
4430.	4440.	0.002119279
4440.	4450.	0.001826613
4450.	4460.	0.002155323
4460.	4470.	0.002235838
4470.	4480.	0.001862071
4480.	4490.	0.001479458
4490.	4500.	0.001935909
4500.	4510.	0.001407435
4510.	4520.	0.001561153
4520.	4530.	0.001472742
4530.	4540.	0.001519999
4540.	4550.	0.001121559
4550.	4560.	0.001234942
4560.	4570.	0.001171344
4570.	4580.	0.001061127
4580.	4590.	0.00104768
4590.	4600.	0.001141929
4600.	4610.	0.0009891721
4610.	4620.	0.0008121764
4620.	4630.	0.001023603
4630.	4640.	0.0008348871
4640.	4650.	0.0007811121
4650.	4660.	0.0007710837
4660.	4670.	0.0007750392
4670.	4680.	0.0006671464
4680.	4690.	0.000754934
4690.	4700.	0.0006103863
4700.	4710.	0.0004418905
4710.	4720.	0.0006343786
4720.	4730.	0.0004695707
4730.	4740.	0.0005162728
4740.	4750.	0.0004072087
4750.	4760.	0.0004652416
4760.	4770.	0.0003225316
4770.	4780.	0.0004290797
4780.	4790.	0.0002904255
4790.	4800.	0.0004062583
4800.	4810.	0.0003537758
4810.	4820.	0.000233285
4820.	4830.	0.0002648478
4830.	4840.	0.0002042676
4840.	4850.	0.0002021338
4850.	4860.	0.0002772862
4860.	4870.	0.0001535979
4870.	4880.	0.0001188381
4880.	4890.	0.00009618125
4890.	4900.	0.00009494907
4900.	4910.	0.00009382578
4910.	4920.	0.0001237492
4920.	4930.	0.0001728473
4930.	4940.	0.00009049869
4940.	4950.	0.00002977602
4950.	4960.	0.00004915495
4960.	4970.	0.00002912515
4970.	4980.	0.00001911687
4980.	4990.	0.
4990.	5000.	9.396245e-6
5000.	5010.	0.
5010.	5020.	0.
5020.	5030.	0.
5030.	5040.	0.
5040.	5050.	0.
5050.	5060.	0.
5060.	5070.	0.
5070.	5080.	0.
5080.	5090.	0.
5090.	5100.	0.
5100.	5110.	0.
5110.	5120.	0.
5120.	5130.	0.
5130.	5140.	0.
5140.	5150.	0.
5150.	5160.	0.
5160.	5170.	0.
5170.	5180.	0.
5180.	5190.	0.
5190.	5200.	0.
5200.	5210.	0.
5210.	5220.	0.
5220.	5230.	0.
5230.	5240.	0.
5240.	5250.	0.
5250.	5260.	0.
5260.	5270.	0.
5270.	5280.	0.
5280.	5290.	0.
5290.	5300.	0.
5300.	5310.	0.
5310.	5320.	0.
5320.	5330.	0.
5330.	5340.	0.
5340.	5350.	0.
5350.	5360.	0.
5360.	5370.	0.
5370.	5380.	0.
5380.	5390.	0.
5390.	5400.	0.
5400.	5410.	0.
5410.	5420.	0.
5420.	5430.	0.
5430.	5440.	0.
5440.	5450.	0.
5450.	5460.	0.
5460.	5470.	0.
5470.	5480.	0.
5480.	5490.	0.
5490.	5500.	0.
5500.	5510.	0.
5510.	5520.	0.
5520.	5530.	0.
5530.	5540.	0.
5540.	5550.	0.
5550.	5560.	0.
5560.	5570.	0.
5570.	5580.	0.
5580.	5590.	0.
5590.	5600.	0.
5600.	5610.	0.
5610.	5620.	0.
5620.	5630.	0.
5630.	5640.	0.
5640.	5650.	0.
5650.	5660.	0.
5660.	5670.	0.
5670.	5680.	0.
5680.	5690.	0.
5690.	5700.	0.
5700.	5710.	0.
5710.	5720.	0.
5720.	5730.	0.
5730.	5740.	0.
5740.	5750.	0.
5750.	5760.	0.
5760.	5770.	0.
5770.	5780.	0.
5780.	5790.	0.
5790.	5800.	0.
5800.	5810.	0.
5810.	5820.	0.
5820.	5830.	0.
5830.	5840.	0.
5840.	5850.	0.
5850.	5860.	0.
5860.	5870.	0.
5870.	5880.	0.
5880.	5890.	0.
5890.	5900.	0.
5900.	5910.	0.
5910.	5920.	0.
5920.	5930.	0.
5930.	5940.	0.
5940.	5950.	0.
5950.	5960.	0.
5960.	5970.	0.
5970.	5980.	0.
5980.	5990.	0.
5990.	6000.	0.
6000.	6010.	0.
6010.	6020.	0.
6020.	6030.	0.
6030.	6040.	0.
6040.	6050.	0.
6050.	6060.	0.
6060.	6070.	0.
6070.	6080.	0.
6080.	6090.	0.
6090.	6100.	0.
6100.	6110.	0.
6110.	6120.	0.
6120.	6130.	0.
6130.	6140.	0.
6140.	6150.	0.
6150.	6160.	0.
6160.	6170.	0.
6170.	6180.	0.
6180.	6190.	0.
6190.	6200.	0.
6200.	6210.	0.
6210.	6220.	0.
6220.	6230.	0.
6230.	6240.	0.
6240.	6250.	0.
6250.	6260.	0.
6260.	6270.	0.
6270.	6280.	0.
6280.	6290.	0.
6290.	6300.	0.
6300.	6310.	0.
6310.	6320.	0.
6320.	6330.	0.
6330.	6340.	0.
6340.	6350.	0.
6350.	6360.	0.
6360.	6370.	0.
6370.	6380.	0.
6380.	6390.	0.
6390.	6400.	0.
6400.	6410.	0.
6410.	6420.	0.
6420.	6430.	0.
6430.	6440.	0.
6440.	6450.	0.
6450.	6460.	0.
6460.	6470.	0.
6470.	6480.	0.
6480.	6490.	0.
6490.	6500.	0.
6500.	6510.	0.
6510.	6520.	0.
6520.	6530.	0.
6530.	6540.	0.
6540.	6550.	0.
6550.	6560.	0.
6560.	6570.	0.
6570.	6580.	0.
6580.	6590.	0.
6590.	6600.	0.
6600.	6610.	0.
6610.	6620.	0.
6620.	6630.	0.
6630.	6640.	0.
6640.	6650.	0.
6650.	6660.	0.
6660.	6670.	0.
6670.	6680.	0.
6680.	6690.	0.
6690.	6700.	0.
6700.	6710.	0.
6710.	6720.	0.
6720.	6730.	0.
6730.	6740.	0.
6740.	6750.	0.
6750.	6760.	0.
6760.	6770.	0.
6770.	6780.	0.
6780.	6790.	0.
6790.	6800.	0.
6800.	6810.	0.
6810.	6820.	0.
6820.	6830.	0.
6830.	6840.	0.
6840.	6850.	0.
6850.	6860.	0.
6860.	6870.	0.
6870.	6880.	0.
6880.	6890.	0.
6890.	6900.	0.
6900.	6910.	0.
6910.	6920.	0.
6920.	6930.	0.
6930.	6940.	0.
6940.	6950.	0.
6950.	6960.	0.
6960.	6970.	0.
6970.	6980.	0.
6980.	6990.	0.
6990.	7000.	0.
7000.	7010.	0.
7010.	7020.	0.
7020.	7030.	0.
7030.	7040.	0.
7040.	7050.	0.
7050.	7060.	0.
7060.	7070.	0.
7070.	7080.	0.
7080.	7090.	0.
7090.	7100.	0.
7100.	7110.	0.
7110.	7120.	0.
7120.	7130.	0.
7130.	7140.	0.
7140.	7150.	0.
7150.	7160.	0.
7160.	7170.	0.
7170.	7180.	0.
7180.	7190.	0.
7190.	7200.	0.
7200.	7210.	0.
7210.	7220.	0.
7220.	7230.	0.
7230.	7240.	0.
7240.	7250.	0.
7250.	7260.	0.
7260.	7270.	0.
7270.	7280.	0.
7280.	7290.	0.
7290.	7300.	0.
7300.	7310.	0.
7310.	7320.	0.
7320.	7330.	0.
7330.	7340.	0.
7340.	7350.	0.
7350.	7360.	0.
7360.	7370.	0.
7370.	7380.	0.
7380.	7390.	0.
7390.	7400.	0.
7400.	7410.	0.
7410.	7420.	0.
7420.	7430.	0.
7430.	7440.	0.
7440.	7450.	0.
7450.	7460.	0.
7460.	7470.	0.
7470.	7480.	0.
7480.	7490.	0.
7490.	7500.	0.
7500.	7510.	0.
7510.	7520.	0.
7520.	7530.	0.
7530.	7540.	0.
7540.	7550.	0.
7550.	7560.	0.
7560.	7570.	0.
7570.	7580.	0.
7580.	7590.	0.
7590.	7600.	0.
7600.	7610.	0.
7610.	7620.	0.
7620.	7630.	0.
7630.	7640.	0.
7640.	7650.	0.
7650.	7660.	0.
7660.	7670.	0.
7670.	7680.	0.
7680.	7690.	0.
7690.	7700.	0.
7700.	7710.	0.
7710.	7720.	0.
7720.	7730.	0.
7730.	7740.	0.
7740.	7750.	0.
7750.	7760.	0.
7760.	7770.	0.
7770.	7780.	0.
7780.	7790.	0.
7790.	7800.	0.
7800.	7810.	0.
7810.	7820.	0.
7820.	7830.	0.
7830.	7840.	0.
7840.	7850.	0.
7850.	7860.	0.
7860.	7870.	0.
7870.	7880.	0.
7880.	7890.	0.
7890.	7900.	0.
7900.	7910.	0.
7910.	7920.	0.
7920.	7930.	0.
7930.	7940.	0.
7940.	7950.	0.
7950.	7960.	0.
7960.	7970.	0.
7970.	7980.	0.
7980.	7990.	0.
7990.	8000.	0.
8000.	8010.	0.
8010.	8020.	0.
8020.	8030.	0.
8030.	8040.	0.
8040.	8050.	0.
8050.	8060.	0.
8060.	8070.	0.
8070.	8080.	0.
8080.	8090.	0.
8090.	8100.	0.
8100.	8110.	0.
8110.	8120.	0.
8120.	8130.	0.
8130.	8140.	0.
8140.	8150.	0.
8150.	8160.	0.
8160.	8170.	0.
8170.	8180.	0.
8180.	8190.	0.
8190.	8200.	0.
8200.	8210.	0.
8210.	8220.	0.
8220.	8230.	0.
8230.	8240.	0.
8240.	8250.	0.
8250.	8260.	0.
8260.	8270.	0.
8270.	8280.	0.
8280.	8290.	0.
8290.	8300.	0.
8300.	8310.	0.
8310.	8320.	0.
8320.	8330.	0.
8330.	8340.	0.
8340.	8350.	0.
8350.	8360.	0.
8360.	8370.	0.
8370.	8380.	0.
8380.	8390.	0.
8390.	8400.	0.
8400.	8410.	0.
8410.	8420.	0.
8420.	8430.	0.
8430.	8440.	0.
8440.	8450.	0.
8450.	8460.	0.
8460.	8470.	0.
8470.	8480.	0.
8480.	8490.	0.
8490.	8500.	0.
8500.	8510.	0.
8510.	8520.	0.
8520.	8530.	0.
8530.	8540.	0.
8540.	8550.	0.
8550.	8560.	0.
8560.	8570.	0.
8570.	8580.	0.
8580.	8590.	0.
8590.	8600.	0.
8600.	8610.	0.
8610.	8620.	0.
8620.	8630.	0.
8630.	8640.	0.
8640.	8650.	0.
8650.	8660.	0.
8660.	8670.	0.
8670.	8680.	0.
8680.	8690.	0.
8690.	8700.	0.
8700.	8710.	0.
8710.	8720.	0.
8720.	8730.	0.
8730.	8740.	0.
8740.	8750.	0.
8750.	8760.	0.
8760.	8770.	0.
8770.	8780.	0.
8780.	8790.	0.
8790.	8800.	0.
8800.	8810.	0.
8810.	8820.	0.
8820.	8830.	0.
8830.	8840.	0.
8840.	8850.	0.
8850.	8860.	0.
8860.	8870.	0.
8870.	8880.	0.
8880.	8890.	0.
8890.	8900.	0.
8900.	8910.	0.
8910.	8920.	0.
8920.	8930.	0.
8930.	8940.	0.
8940.	8950.	0.
8950.	8960.	0.
8960.	8970.	0.
8970.	8980.	0.
8980.	8990.	0.
8990.	9000.	0.
9000.	9010.	0.
9010.	9020.	0.
9020.	9030.	0.
9030.	9040.	0.
9040.	9050.	0.
9050.	9060.	0.
9060.	9070.	0.
9070.	9080.	0.
9080.	9090.	0.
9090.	9100.	0.
9100.	9110.	0.
9110.	9120.	0.
9120.	9130.	0.
9130.	9140.	0.
9140.	9150.	0.
9150.	9160.	0.
9160.	9170.	0.
9170.	9180.	0.
9180.	9190.	0.
9190.	9200.	0.
9200.	9210.	0.
9210.	9220.	0.
9220.	9230.	0.
9230.	9240.	0.
9240.	9250.	0.
9250.	9260.	0.
9260.	9270.	0.
9270.	9280.	0.
9280.	9290.	0.
9290.	9300.	0.
9300.	9310.	0.
9310.	9320.	0.
9320.	9330.	0.
9330.	9340.	0.
9340.	9350.	0.
9350.	9360.	0.
9360.	9370.	0.
9370.	9380.	0.
9380.	9390.	0.
9390.	9400.	0.
9400.	9410.	0.
9410.	9420.	0.
9420.	9430.	0.
9430.	9440.	0.
9440.	9450.	0.
9450.	9460.	0.
9460.	9470.	0.
9470.	9480.	0.
9480.	9490.	0.
9490.	9500.	0.
9500.	9510.	0.
9510.	9520.	0.
9520.	9530.	0.
9530.	9540.	0.
9540.	9550.	0.
9550.	9560.	0.
9560.	9570.	0.
9570.	9580.	0.
9580.	9590.	0.
9590.	9600.	0.
9600.	9610.	0.
9610.	9620.	0.
9620.	9630.	0.
9630.	9640.	0.
9640.	9650.	0.
9650.	9660.	0.
9660.	9670.	0.
9670.	9680.	0.
9680.	9690.	0.
9690.	9700.	0.
9700.	9710.	0.
9710.	9720.	0.
9720.	9730.	0.
9730.	9740.	0.
9740.	9750.	0.
9750.	9760.	0.
9760.	9770.	0.
9770.	9780.	0.
9780.	9790.	0.
9790.	9800.	0.
9800.	9810.	0.
9810.	9820.	0.
9820.	9830.	0.
9830.	9840.	0.
9840.	9850.	0.
9850.	9860.	0.
9860.	9870.	0.
9870.	9880.	0.
9880.	9890.	0.
9890.	9900.	0.
9900.	9910.	0.
9910.	9920.	0.
9920.	9930.	0.
9930.	9940.	0.
9940.	9950.	0.
9950.	9960.	0.
9960.	9970.	0.
9970.	9980.	0.
9980.	9990.	0.
9990.	10000.	0.
10000.	10010.	0.