   1.0000000000000000E-002   6.4819835125490242        6.4795394501814210        5.9777053524491661     
   2.0000000000000000E-002   3.0410203184121696        3.0386006929174618        2.8006429097163448     
   2.9999999999999999E-002   1.9424223117853252        1.9400269535002315        1.7892266631489226     
   4.0000000000000001E-002   1.4082128027982403        1.4058415394087658        1.2968780654797787     
   5.0000000000000003E-002   1.0944120584998382        1.0920647149633340        1.0075529472470335     
   5.9999999999999998E-002  0.88882001051946014       0.88649640898343196       0.81800494710909621     
   7.0000000000000007E-002  0.74414396811281458       0.74184392783031261       0.68468036068827809     
   8.0000000000000002E-002  0.63705854145090934       0.63478187869231484       0.58601680500992692     
   8.9999999999999997E-002  0.55475568959467125       0.55250221755568174       0.51019294149398975     
  0.10000000000000001       0.48962894387706585       0.48739847258267033       0.45019624957714838     
  0.11000000000000000       0.43688194758987614       0.43467428379409545       0.40161265638966476     
  0.12000000000000000       0.39334354722436132       0.39115849430551536       0.36151820384179978     
  0.13000000000000000       0.35683494530283177       0.35467230315407600       0.32790148323983914     
  0.14000000000000001       0.32581074248826214       0.32367030740312258       0.29933722082507624     
  0.14999999999999999       0.29914502252909819       0.29702658708170965       0.27478822839684330     
  0.16000000000000000       0.27599849420963196       0.27390184712936733       0.25348236046982719     
  0.17000000000000001       0.25573302708707790       0.25365795312723177       0.23483073294322487     
  0.17999999999999999       0.23785498759329443       0.23580126739345969       0.21837802485416730     
  0.19000000000000000       0.22197666911597783       0.21994407905772856       0.20376685121937962     
  0.20000000000000001       0.20778942484172561       0.20577773689718920       0.19071335442759535     
  0.20999999999999999       0.19504456583313148       0.19305354740600122       0.17898837193581335     
  0.22000000000000000       0.18353952999581252       0.18156894375431912       0.16840505798670091     
  0.23000000000000001       0.17310770219239952       0.17115730589372033       0.15880980776633033     
  0.23999999999999999       0.16361081010432965       0.16168035640987491       0.15007531312195385     
  0.25000000000000000       0.15493316743600768       0.15302240371697765       0.14209518434788568     
  0.26000000000000001       0.14697726207349759       0.14508593020605495       0.13477949068505518     
  0.27000000000000002       0.13966033693925181       0.13778817308860083       0.12805193537852733     
  0.28000000000000003       0.13291171280146735       0.13105844719407170       0.12184739250055070     
  0.28999999999999998       0.12667067207281418       0.12483602875592041       0.11611005294975334     
  0.29999999999999999       0.12088477131818322       0.11906846790574570       0.11079160346986776     
  0.31000000000000000       0.11550848463352240       0.11371023203754753       0.10585007206232779     
  0.32000000000000001       0.11050210473840939       0.10872160688464910       0.10124886483868124     
  0.33000000000000002       0.10583084652194941       0.10406780004877940        9.6955974037768788E-002
  0.34000000000000002       0.10146411090374477        9.9718204842956792E-002   9.2943263849138424E-002
  0.34999999999999998        9.7374876592722884E-002   9.5645792030843016E-002   8.9185823696087463E-002
  0.35999999999999999        9.3539194597882125E-002   9.1826604316497251E-002   8.5661581872199674E-002
  0.37000000000000000        8.9935765833285997E-002   8.8239333926716290E-002   8.2350920205122177E-002
  0.38000000000000000        8.6545586337446856E-002   8.4864967805941313E-002   7.9236377934548297E-002
  0.39000000000000001        8.3351647833016407E-002   8.1686488149469702E-002   7.6302287591758056E-002
  0.40000000000000002        8.0338683831201949E-002   7.8688618479190495E-002   7.3534578672683870E-002
  0.40999999999999998        7.7492953415228577E-002   7.5857607395940871E-002   7.0920590096694019E-002
  0.41999999999999998        7.4802056350045540E-002   7.3181043655430211E-002   6.8448917321013977E-002
  0.42999999999999999        7.2254774359027010E-002   7.0647697408202370E-002   6.6109243498806827E-002
  0.44000000000000000        6.9840934355754392E-002   6.8247383391405306E-002   6.3892191455429903E-002
  0.45000000000000001        6.7551290175216092E-002   6.5970842616348987E-002   6.1789240303565349E-002
  0.46000000000000002        6.5377419955771079E-002   6.3809639702794713E-002   5.9792633813723829E-002
  0.46999999999999997        6.3311636812991082E-002   6.1756073500635340E-002   5.7895309081137394E-002
  0.47999999999999998        6.1346910843630281E-002   5.9803099036698629E-002   5.6090788286676144E-002
  0.48999999999999999        5.9476800821525344E-002   5.7944259147889497E-002   5.4373133589768065E-002
  0.50000000000000000        5.7695394212027608E-002   5.6173624426603307E-002   5.2736895182497107E-002
  0.51000000000000001        5.5997254349225485E-002   5.4485740321904202E-002   5.1177072492609048E-002
  0.52000000000000002        5.4377373799864480E-002   5.2875580419499947E-002   4.9689055998931073E-002
  0.53000000000000003        5.2831133086741811E-002   5.1338505072285150E-002   4.8268584628819750E-002
  0.54000000000000004        5.1354264068187161E-002   4.9870224676906251E-002   4.6911721377704226E-002
  0.55000000000000004        4.9942817373628469E-002   4.8466766995010409E-002   4.5614825553805714E-002
  0.56000000000000005        4.8593133381862587E-002   4.7124448004249107E-002   4.4374529844535333E-002
  0.56999999999999995        4.7301816301469048E-002   4.5839845836675150E-002   4.3187699412662296E-002
  0.57999999999999996        4.6065710974220977E-002   4.4609777423289178E-002   4.2051419863251803E-002
  0.58999999999999997        4.4881882074308217E-002   4.3431277515096456E-002   4.0962979137533440E-002
  0.59999999999999998        4.3747595420281733E-002   4.2301579794702018E-002   3.9919855996160609E-002
  0.60999999999999999        4.2660301154157095E-002   4.1218099829486966E-002   3.8919694388348837E-002
  0.62000000000000000        4.1617618574144595E-002   4.0178419648817368E-002   3.7960289508897897E-002
  0.63000000000000000        4.0617322434884126E-002   3.9180273754393140E-002   3.7039578915764808E-002
  0.64000000000000001        3.9657330552584059E-002   3.8221536395444698E-002   3.6155632769708637E-002
  0.65000000000000002        3.8735692572695254E-002   3.7300209959587591E-002   3.5306644315217510E-002
  0.66000000000000003        3.7850579775199109E-002   3.6414414346200748E-002   3.4490911742469960E-002
  0.67000000000000004        3.7000275807670360E-002   3.5562377202548026E-002   3.3706834746267553E-002
  0.68000000000000005        3.6183168249341043E-002   3.4742424913774515E-002   3.2952906988568668E-002
  0.68999999999999995        3.5397740920738156E-002   3.3952974246550319E-002   3.2227712257778755E-002
  0.69999999999999996        3.4642566863340100E-002   3.3192524552589218E-002   3.1529910840429137E-002
  0.70999999999999996        3.3916301922306241E-002   3.2459650442529318E-002   3.0858234472931120E-002
  0.71999999999999997        3.3217678872856697E-002   3.1752994842608302E-002   3.0211482180609883E-002
  0.72999999999999998        3.2545502037465174E-002   3.1071262345944036E-002   2.9588516259621177E-002
  0.73999999999999999        3.1898642346805589E-002   3.0413212766612727E-002   2.8988256796831997E-002
  0.75000000000000000        3.1276032802469537E-002   2.9777654797435275E-002   2.8409671953938547E-002
  0.76000000000000001        3.0676664303942586E-002   2.9163439660436843E-002   2.7851776328050182E-002
  0.77000000000000002        3.0099581806268812E-002   2.8569454620853148E-002   2.7313626470043442E-002
  0.78000000000000003        2.9543880778316788E-002   2.7994616209130789E-002   2.6794318598178664E-002
  0.79000000000000004        2.9008703934641791E-002   2.7437862957352954E-002   2.6292978412415367E-002
  0.80000000000000004        2.8493238216671397E-002   2.6898147402031520E-002   2.5808757321640136E-002
  0.81000000000000005        2.7996712001366757E-002   2.6374427026805682E-002   2.5340827622951961E-002
  0.81999999999999995        2.7518392517668626E-002   2.5865653704772666E-002   2.4888377871637397E-002
  0.82999999999999996        2.7057583452957144E-002   2.5370761032812588E-002   2.4450604612660406E-002
  0.83999999999999997        2.6613622733467204E-002   2.4888648700147155E-002   2.4026699920500352E-002
  0.84999999999999998        2.6185880464130534E-002   2.4418162652317481E-002   2.3615842642505935E-002
  0.85999999999999999        2.5773757014682708E-002   2.3958069218168544E-002   2.3217184434792214E-002
  0.87000000000000000        2.5376681240098866E-002   2.3507020418841468E-002   2.2829834428103629E-002
  0.88000000000000000        2.4994108824519405E-002   2.3063506117031642E-002   2.2452825469338092E-002
  0.89000000000000001        2.4625520738813151E-002   2.2625786009460365E-002   2.2085077834956356E-002
  0.90000000000000002        2.4270421802811786E-002   2.2191789770109240E-002   2.1725343035283794E-002
  0.91000000000000003        2.3928339344047218E-002   2.1758964966497957E-002   2.1372132294796294E-002
  0.92000000000000004        2.3598821945542373E-002   2.1324035428622386E-002   2.1023537836458706E-002
  0.93000000000000005        2.3281438275854542E-002   2.0882597522267381E-002   2.0677047204849395E-002
  0.93999999999999995        2.2975775995156326E-002   2.0428402576360132E-002   2.0329064319394661E-002
  0.94999999999999996        2.2681440731669035E-002   1.9951977237459773E-002   1.9974113411666768E-002
  0.95999999999999996        2.2398055123242881E-002   1.9437679314592740E-002   1.9602944240380973E-002
  0.96999999999999997        2.2125257919313066E-002   1.8856420765955277E-002   1.9197832976984314E-002
  0.97999999999999998        2.1862703138855070E-002   1.8143093309721005E-002   1.8717458966067007E-002
  0.98999999999999999        2.1610059280320584E-002   1.7089743364473612E-002   1.8021502831099118E-002
   1.0000000000000000        2.1367008579860861E-002   1.7089743364473612E-002   0.0000000000000000     
