   1.0000000000000000E-002   5.0176078064524505        5.0151637441948118        4.6964707571054189     
   2.0000000000000000E-002   2.3161169968042397        2.3136973715294640        2.1633718573709499     
   2.9999999999999999E-002   1.4639604819176688        1.4615651239624710        1.3671005900220168     
   4.0000000000000001E-002   1.0529347414837642        1.0505634785341518       0.98273362477714821     
   5.0000000000000003E-002  0.81301467646370573       0.81066733347702891       0.75834538955937125     
   5.9999999999999998E-002  0.65665176312425233       0.65432816224801738       0.61214603818557833     
   7.0000000000000007E-002  0.54711825842286388       0.54481821891012061       0.50980177142167238     
   8.0000000000000002E-002  0.46637124638142335       0.46409458450255298       0.43438400304839447     
   8.9999999999999997E-002  0.40453739375578851       0.40228392270648861       0.37664547388759351     
  0.10000000000000001       0.35577105649588325       0.35354058630114266       0.33111829782359270     
  0.11000000000000000       0.31639640264973679       0.31418874006357672       0.29437072658823876     
  0.12000000000000000       0.28398929521277272       0.28180424361351286       0.26413547513162688     
  0.13000000000000000       0.25688810197941486       0.25472546126021078       0.23885667590072332     
  0.14000000000000001       0.23391682737843361       0.23177639383281123       0.21743440180128998     
  0.14999999999999999       0.21422045125319134       0.21210201745528551       0.19906996360116072     
  0.16000000000000000       0.19716285445916748       0.19506620913835115       0.18316998852882227     
  0.17000000000000001       0.18226127343154350       0.18018620134111102       0.16928278562182011     
  0.17999999999999999       0.16914291550726315       0.16708919728680763       0.15705975674871148     
  0.19000000000000000       0.15751547478856384       0.15548288681965930       0.14622776878291752     
  0.20000000000000001       0.14714662503367604       0.14513493928844989       0.13657025529638531     
  0.20999999999999999       0.13784946062508655       0.13585844450723206       0.12791265549713771     
  0.22000000000000000       0.12947196945741621       0.12750138563516406       0.12011286229201797     
  0.23000000000000001       0.12188929507986387       0.11993890131039148       0.11305422752510705     
  0.23999999999999999       0.11499796407934025       0.11306751302405785       0.10664021586838507     
  0.25000000000000000       0.10871152124084790       0.10680076027095568       0.10079026931437553     
  0.26000000000000001       0.10295718844172577       0.10106585943338645        9.5436382213558754E-002
  0.27000000000000002        9.7673278300697497E-002   9.5801117419115331E-002   9.0520936292842316E-002
  0.28000000000000003        9.2807171325621302E-002   9.0953908797259980E-002   8.5994813687875649E-002
  0.28999999999999998        8.8313718670254296E-002   8.6479078542360352E-002   8.1815978327592589E-002
  0.29999999999999999        8.4153969808429596E-002   8.2337669694957455E-002   7.7948083346195837E-002
  0.31000000000000000        8.0294150724528682E-002   7.8495901537484716E-002   7.4359590161802325E-002
  0.32000000000000001        7.6704837040508567E-002   7.4924342705644686E-002   7.1023034093973800E-002
  0.33000000000000002        7.3360280135444211E-002   7.1597237291136109E-002   6.7914420942027501E-002
  0.34000000000000002        7.0237854302440617E-002   6.8491951980480054E-002   6.5012683185475706E-002
  0.34999999999999998        6.7317600381241863E-002   6.5588519668154932E-002   6.2299188037838300E-002
  0.35999999999999999        6.4581846830461156E-002   6.2869260507834715E-002   5.9757444294615346E-002
  0.37000000000000000        6.2014893370575232E-002   6.0318465532729473E-002   5.7372809856710762E-002
  0.38000000000000000        5.9602745498466142E-002   5.7922131145650077E-002   5.5132267202443797E-002
  0.39000000000000001        5.7332890604553342E-002   5.5667735209661597E-002   5.3024147261830176E-002
  0.40000000000000002        5.5194108301035050E-002   5.3544047347644091E-002   5.1037981010322760E-002
  0.40999999999999998        5.3176309030567165E-002   5.1540967519865442E-002   4.9164357680890891E-002
  0.41999999999999998        5.1270396169012571E-002   4.9649388092948790E-002   4.7394809254714086E-002
  0.42999999999999999        4.9468147738015958E-002   4.7861075515708368E-002   4.5721682889929213E-002
  0.44000000000000000        4.7762114558677349E-002   4.6168568432810808E-002   4.4138029223425690E-002
  0.45000000000000001        4.6145532248390977E-002   4.4565089637971934E-002   4.2637539627629582E-002
  0.46000000000000002        4.4612244920756002E-002   4.3044469726193205E-002   4.1214477196206814E-002
  0.46999999999999997        4.3156638817627629E-002   4.1601080673650960E-002   3.9863623061559959E-002
  0.47999999999999998        4.1773584401519952E-002   4.0229777872932887E-002   3.8580194905692207E-002
  0.48999999999999999        4.0458385680130791E-002   3.8925849394805041E-002   3.7359813149516932E-002
  0.50000000000000000        3.9206735733963702E-002   3.7684971446815027E-002   3.6198461963134504E-002
  0.51000000000000001        3.8014677581659176E-002   3.6503169162579029E-002   3.5092460165353244E-002
  0.52000000000000002        3.6878569652626148E-002   3.5376781990468266E-002   3.4038417559359865E-002
  0.53000000000000003        3.5795055248350700E-002   3.4302433062066193E-002   3.3033203029401534E-002
  0.54000000000000004        3.4761035466689218E-002   3.3277002013545977E-002   3.2073926327182867E-002
  0.55000000000000004        3.3773645140994402E-002   3.2297600810479520E-002   3.1157917312808002E-002
  0.56000000000000005        3.2830231410850397E-002   3.1361552191305590E-002   3.0282708807031170E-002
  0.56999999999999995        3.1928334595744193E-002   3.0466370398984491E-002   2.9446006026660268E-002
  0.57999999999999996        3.1065671088983473E-002   2.9609743916051392E-002   2.8645677642522176E-002
  0.58999999999999997        3.0240118028052997E-002   2.8789519956806470E-002   2.7879742287461155E-002
  0.59999999999999998        2.9449699530578976E-002   2.8003690502930001E-002   2.7146359972709488E-002
  0.60999999999999999        2.8692574313122724E-002   2.7250379696348838E-002   2.6443813008140693E-002
  0.62000000000000000        2.7967024533953416E-002   2.6527832426487947E-002   2.5770495659075292E-002
  0.63000000000000000        2.7271445721416914E-002   2.5834403968753205E-002   2.5124907567047192E-002
  0.64000000000000001        2.6604337667070942E-002   2.5168550547724364E-002   2.4505646512108993E-002
  0.65000000000000002        2.5964296177848033E-002   2.4528820712498667E-002   2.3911401355150325E-002
  0.66000000000000003        2.5350005594515414E-002   2.3913847423240871E-002   2.3340938647954054E-002
  0.67000000000000004        2.4760231994938979E-002   2.3322340757505972E-002   2.2793100120317860E-002
  0.68000000000000005        2.4193817010389484E-002   2.2753081152477792E-002   2.2266797142442139E-002
  0.68999999999999995        2.3649672191575349E-002   2.2204913105007860E-002   2.1761007895466655E-002
  0.69999999999999996        2.3126773868431722E-002   2.1676739255266708E-002   2.1274767408867336E-002
  0.70999999999999996        2.2624158454098313E-002   2.1167514781872752E-002   2.0807163920262346E-002
  0.71999999999999997        2.2140918149109966E-002   2.0676242036378453E-002   2.0357335890192674E-002
  0.72999999999999998        2.1676197006717357E-002   2.0201965342678617E-002   1.9924469119651910E-002
  0.73999999999999999        2.1229187324545571E-002   1.9743765881800622E-002   1.9507792828050624E-002
  0.75000000000000000        2.0799126331566657E-002   1.9300756573945817E-002   1.9106572771828392E-002
  0.76000000000000001        2.0385293142679221E-002   1.8872076856552414E-002   1.8720110199668277E-002
  0.77000000000000002        1.9987005956111158E-002   1.8456887238039947E-002   1.8347738798891424E-002
  0.78000000000000003        1.9603619471443866E-002   1.8054363479567827E-002   1.7988823196494669E-002
  0.79000000000000004        1.9234522508339756E-002   1.7663690218326381E-002   1.7642752055727816E-002
  0.80000000000000004        1.8879135808078162E-002   1.7284053790679280E-002   1.7308935770303402E-002
  0.81000000000000005        1.8536910001800334E-002   1.6914633934445745E-002   1.6986803509759590E-002
  0.81999999999999995        1.8207323730959762E-002   1.6554593935235801E-002   1.6675800452800399E-002
  0.82999999999999996        1.7889881906894511E-002   1.6203068613887480E-002   1.6375382722852480E-002
  0.83999999999999997        1.7584114097704183E-002   1.5859149301487172E-002   1.6085009876197064E-002
  0.84999999999999998        1.7289573031744492E-002   1.5521864566999987E-002   1.5804140064411030E-002
  0.85999999999999999        1.7005833208062256E-002   1.5190154868582160E-002   1.5532222081969988E-002
  0.87000000000000000        1.6732489604998544E-002   1.4862838350740728E-002   1.5268686765543589E-002
  0.88000000000000000        1.6469156478997576E-002   1.4538563448474890E-002   1.5012927633440868E-002
  0.89000000000000001        1.6215466246386867E-002   1.4215741303964680E-002   1.4764280619724842E-002
  0.90000000000000002        1.5971068441547543E-002   1.3892446305741105E-002   1.4521992460096354E-002
  0.91000000000000003        1.5735628745481844E-002   1.3566264374794204E-002   1.4285180861361241E-002
  0.92000000000000004        1.5508828079314758E-002   1.3234051679221901E-002   1.4052730728471904E-002
  0.93000000000000005        1.5290361757744253E-002   1.2891531230949735E-002   1.3823192589141858E-002
  0.93999999999999995        1.5079938697886142E-002   1.2532575615848101E-002   1.3594503700457975E-002
  0.94999999999999996        1.4877280679349427E-002   1.2147827631863837E-002   1.3363532733311563E-002
  0.95999999999999996        1.4682121651730875E-002   1.1721756399769918E-002   1.3124974211313312E-002
  0.96999999999999997        1.4494207086037120E-002   1.1225380599334027E-002   1.2868591358572837E-002
  0.97999999999999998        1.4313293366832569E-002   1.0593694314318709E-002   1.2570241337252491E-002
  0.98999999999999999        1.4139147222174436E-002   9.6188421929131792E-003   1.2146439692039766E-002
   1.0000000000000000        1.3971545188635298E-002   9.6188421929131792E-003   0.0000000000000000     
