200.	0.18929558500949997
219.63927855711424	0.19166229116906747
239.27855711422845	0.19109897950348465
258.9178356713427	0.18844906512705148
278.5571142284569	0.1843573532800954
298.19639278557116	0.17930581251624117
317.8356713426854	0.17364935721845384
337.4749498997996	0.16764639899236655
357.11422845691385	0.16148316749559236
376.75350701402806	0.15529238712130036
396.39278557114227	0.14916734119943603
416.03206412825654	0.1431723490880948
435.67134268537075	0.13735052632090908
455.31062124248496	0.1317295162768491
474.9498997995992	0.1263257188586464
494.58917835671343	0.1211474096509177
514.2284569138277	0.11619704092277265
533.8677354709419	0.11147293918909186
553.5070140280561	0.10697055717022942
573.1462925851704	0.10268339617842849
592.7855711422845	0.09860368431920809
612.4248496993988	0.09472287346760361
632.0641282565131	0.09103200155160572
651.7034068136272	0.0875219546225398
671.3426853707415	0.08418365432833987
690.9819639278558	0.08100818986882748
710.6212424849699	0.07798690867680615
730.2605210420842	0.07511147648101585
749.8997995991984	0.07237391473667956
769.5390781563126	0.06976662141596264
789.1783567134269	0.06728237965834746
808.8176352705411	0.06491435766081378
828.4569138276553	0.0626561023449815
848.0961923847696	0.06050152870302278
867.7354709418838	0.05844490624432816
887.374749498998	0.056480843602064526
907.0140280561122	0.05460427208413762
926.6533066132265	0.052810428745143134
946.2925851703407	0.051094839398501964
965.9318637274549	0.049453301868952984
985.5711422845692	0.04788186969573172
1005.2104208416833	0.04637683642913303
1024.8496993987976	0.04493472061245404
1044.4889779559119	0.04355225150351983
1064.1282565130261	0.04222635556204115
1083.7675350701402	0.04095414370859711
1103.4068136272545	0.039732899346286286
1123.0460921843687	0.0385600671256717
1142.685370741483	0.037433242426507723
1162.3246492985973	0.036350161525071985
1181.9639278557115	0.03530869236189048
1201.6032064128256	0.03430682623299932
1221.2424849699398	0.033342669293207484
1240.881763527054	0.03241443562866231
1260.5210420841684	0.03152044007120977
1280.1603206412826	0.03065909179676428
1299.799599198397	0.029828888317084058
1319.438877755511	0.029028409885725845
1339.0781563126252	0.02825631428939595
1358.7174348697395	0.027511331997609165
1378.3567134268537	0.02679226164525112
1397.995991983968	0.02609796582428751
1417.6352705410823	0.02542736716245635
1437.2745490981963	0.024779444668304184
1456.9138276553106	0.024153230323377236
1476.5531062124248	0.023547805903748744
1496.192384769539	0.022962300014352306
1515.8316633266534	0.02239588532079977
1535.4709418837676	0.02184777596449003
1555.1102204408817	0.02131722514786718
1574.749498997996	0.020803522877664533
1594.3887775551102	0.020305993854878454
1614.0280561122245	0.019823995501058265
1633.6673346693387	0.01935691611127726
1653.306613226453	0.0189041731248714
1672.945891783567	0.018465211505698225
1692.5851703406813	0.01803950222428491
1712.2244488977956	0.017626540834802605
1731.8637274549098	0.01722584614032955
1751.5030060120241	0.016836958940349693
1771.1422845691384	0.016459440854880828
1790.7815631262524	0.016092873220039064
1810.4208416833667	0.01573685605022672
1830.060120240481	0.015391007062482467
1849.6993987975952	0.015054960758856721
1869.3386773547095	0.014728367562974257
1888.9779559118238	0.014410893007222678
1908.6172344689378	0.0141022169672603
1928.256513026052	0.01380203294077267
1947.8957915831663	0.013510047367624522
1967.5350701402806	0.013225978988755327
1987.1743486973949	0.012949558241352337
2006.8136272545091	0.012680526688007128
2026.4529058116232	0.012418636477720499
2046.0921843687374	0.01216364983676817
2065.7314629258517	0.011915338587575363
2085.370741482966	0.011673483696849939
2105.0100200400802	0.011437874834275125
2124.6492985971945	0.011208309981028003
2144.2885771543088	0.010984595029999385
2163.927855711423	0.010766543442886559
2183.567134268537	0.010553975876082256
2203.206412825651	0.010346719871700816
2222.8456913827654	0.010144609542797858
2242.4849699398796	0.009947485279066554
2262.124248496994	0.009755193467647978
2281.763527054108	0.009567586228183374
2301.4028056112224	0.009384521161291699
2321.0420841683367	0.009205861109707565
2340.681362725451	0.009031473931362945
2360.3206412825652	0.008861232283740883
2379.9599198396795	0.008695013418871207
2399.599198396794	0.00853269898837721
2419.2384769539076	0.008374174858018708
2438.877755511022	0.008219330931210677
2458.517034068136	0.008068060981028309
2478.1563126252504	0.007920262490238986
2497.7955911823647	0.007775836498929098
2517.434869739479	0.007634687459319481
2537.074148296593	0.007496723097387415
2556.7134268537075	0.007361854280935484
2576.3527054108217	0.007229994893768854
2595.991983967936	0.007101061715662118
2615.6312625250503	0.006974974307815372
2635.2705410821645	0.006851654903516538
2654.9098196392783	0.006731028303743012
2674.5490981963926	0.006613021777451044
2694.188376753507	0.0064975649663154104
2713.827655310621	0.0063845897936953
2733.4669338677354	0.006274030377614984
2753.1062124248497	0.0061658229475593275
2772.745490981964	0.006059905764895634
2792.384769539078	0.0059562190467433015
2812.0240480961925	0.005854704893122805
2831.6633266533067	0.005755307217224542
2851.302605210421	0.0056579716786467026
2870.9418837675353	0.005562645619459515
2890.581162324649	0.005469278002960744
2910.2204408817634	0.005377819354994541
2929.8597194388776	0.0052882217077125475
2949.498997995992	0.005200438545662454
2969.138276553106	0.005114424754095232
2988.7775551102204	0.0050301365693879475
3008.4168336673347	0.004947531531484391
3028.056112224449	0.004866568438260722
3047.695390781563	0.00478720730172816
3067.3346693386775	0.004709409313731276
3086.9739478957918	0.004633136774466115
3106.613226452906	0.004558353100592475
3126.25250501002	0.004485022756593194
3145.891783567134	0.004413111226874698
3165.5310621242484	0.004342584981377817
3185.1703406813626	0.004273411442521908
3204.809619238477	0.004205558953423972
3224.448897795591	0.004138996747337105
3244.0881763527054	0.004073694918255493
3263.7274549098197	0.004009624392635597
3283.366733466934	0.003946756902185663
3303.0060120240482	0.0038850649576779293
3322.6452905811625	0.003824521823740092
3342.2845691382768	0.003765101494584668
3361.9238476953906	0.0037067786706368126
3381.563126252505	0.0036495287360229904
3401.202404809619	0.0035933277368846916
3420.8416833667334	0.0035381523604829886
3440.4809619238476	0.003483979915061372
3460.120240480962	0.003430788310435745
3479.759519038076	0.003378556039281895
3499.3987975951904	0.003327262159092141
3519.0380761523047	0.003276886274774077
3538.677354709419	0.003227408521865612
3558.3166332665332	0.0031788095503416246
3577.9559118236475	0.00313107050898866
3597.5951903807613	0.0030841730303251564
3617.2344689378756	0.003038099216045662
3636.87374749499	0.002992831622968476
3656.513026052104	0.002948353249467024
3676.1523046092184	0.002904647522366144
3695.7915831663327	0.002861698284285291
3715.430861723447	0.002819489781411415
3735.070140280561	0.0027780066516850327
3754.7094188376755	0.0027372339133837193
3774.3486973947897	0.0026971569540878873
3793.987975951904	0.0026577615200144024
3813.6272545090183	0.0026190337057041724
3833.266533066132	0.0025809599440504193
3852.9058116232463	0.002543526996654937
3872.5450901803606	0.002506721944500111
3892.184368737475	0.002470532178925044
3911.823647294589	0.0024349453928945576
3931.4629258517034	0.002399949572550343
3951.1022044088177	0.0023655329890339433
3970.741482965932	0.0023316841905716926
3990.380761523046	0.0022983919948121167
4010.0200400801605	0.0022656454814067037
4029.6593186372747	0.002233433984825297
4049.298597194389	0.002201747087397743
4068.937875751503	0.0021705746125737168
4088.577154308617	0.002139906618393013
4108.216432865732	0.002109733391158873
4127.855711422846	0.002080045439307198
4147.49498997996	0.0020508334874648104
4167.134268537074	0.002022088470690176
4186.773547094188	0.001993801528890233
4206.412825651302	0.001965964001407273
4226.0521042084165	0.0019385674217699937
4245.691382765531	0.0019116035126031143
4265.330661322645	0.0018850641806901402
4284.969939879759	0.0018589415121840458
4304.609218436874	0.0018332277679609127
4324.248496993988	0.0018079153791116505
4343.887775551102	0.0017829969425672096
4363.527054108216	0.00175846521685278
4383.166332665331	0.0017343131179667114
4402.805611222445	0.0017105337153799924
4422.444889779559	0.0016871202281523142
4442.084168336673	0.0016640660211608821
4461.723446893788	0.0016413646014382644
4481.362725450902	0.0016190096146157288
4501.002004008016	0.0015969948414686376
4520.6412825651305	0.001575314194560572
4540.280561122245	0.0015539617149830133
4559.919839679359	0.0015329315691875174
4579.559118236473	0.0015122180459073873
4599.198396793588	0.0014918155531660185
4618.837675350702	0.0014717186153691388
4638.476953907815	0.0014519218704783
4658.116232464929	0.0014324200672630463
4677.755511022044	0.0014132080626292898
4697.394789579158	0.0013942808190215046
4717.034068136272	0.0013756334018964395
4736.6733466933865	0.00135726097726612
4756.312625250501	0.001339158809307993
4775.951903807615	0.0013213222580401472
4795.591182364729	0.0013037467770596082
4815.230460921844	0.0012864279113417604
4834.869739478958	0.0012693612950990564
4854.509018036072	0.0012525426496971786
4874.148296593186	0.0012359677816269456
4893.787575150301	0.001219632580530248
4913.426853707415	0.0012035330172784095
4933.066132264529	0.0011876651421013937
4952.705410821643	0.0011720250827663334
4972.344689378758	0.001156609042803921
4991.983967935872	0.0011414132997812393
5011.623246492986	0.0011264342036196502
5031.2625250501005	0.001111668174956428
5050.901803607215	0.0010971117035488414
5070.541082164329	0.0010827613467194503
5090.180360721443	0.0010686137278414069
5109.819639278557	0.0010546655348626095
5129.458917835671	0.0010409135188675753
5149.098196392785	0.0010273544926759466
5168.7374749498995	0.0010139853294765793
5188.376753507014	0.0010008029614961874
5208.016032064128	0.0009878043787015665
5227.655310621242	0.0009749866275344273
5247.294589178357	0.0009623468096779254
5266.933867735471	0.0009498820808539867
5286.573146292585	0.000937589649650558
5306.212424849699	0.0009254667763779437
5325.851703406814	0.0009135107719534178
5345.490981963928	0.0009017189968133166
5365.130260521042	0.0008900888598518511
5384.769539078156	0.0008786178173858986
5404.408817635271	0.0008673033721450501
5424.048096192385	0.0008561430722862275
5443.687374749499	0.0008451345104321871
5463.3266533066135	0.0008342753227332597
5482.965931863728	0.000823563187951694
5502.605210420842	0.0008129958265679845
5522.244488977956	0.0008025709999085951
5541.883767535071	0.0007922865092944914
5561.523046092185	0.00078214019520993
5581.162324649298	0.0007721299364909531
5600.801603206412	0.000762253649533067
5620.440881763527	0.0007525092875175891
5640.080160320641	0.0007428948396561659
5659.719438877755	0.000733408330452987
5679.3587174348695	0.0007240478189842144
5698.997995991984	0.0007148113981941906
5718.637274549098	0.0007056971942079654
5738.276553106212	0.0006967033656597333
5757.915831663327	0.0006878281030367455
5777.555110220441	0.0006790696280383166
5797.194388777555	0.0006704261929495107
5816.833667334669	0.0006618960800291453
5836.472945891784	0.0006534776009117349
5856.112224448898	0.0006451690960230146
5875.751503006012	0.0006369689340087015
5895.390781563126	0.0006288755111761482
5915.030060120241	0.000620887250948566
5934.669338677355	0.0006130026033314961
5954.308617234469	0.0006052200443912106
5973.9478957915835	0.0005975380757447582
5993.587174348698	0.0005899552240613453
6013.226452905812	0.0005824700405747737
6032.865731462926	0.0005750811006066612
6052.50501002004	0.0005677870031001685
6072.144288577154	0.0005605863701639772
6091.783567134268	0.0005534778466262593
6111.4228456913825	0.0005464600995983913
6131.062124248497	0.0005395318180481773
6150.701402805611	0.0005326917123823369
6170.340681362725	0.000525938514038042
6189.9799599198395	0.0005192709750832687
6209.619238476954	0.0005126878678257586
6229.258517034068	0.0005061879844303735
6248.897795591182	0.0004997701365446435
6268.537074148297	0.0004934331549323043
6288.176352705411	0.0004871758891146393
6307.815631262525	0.00048099720701942714
6327.454909819639	0.0004748959946373217
6347.094188376754	0.00046887115568547974
6366.733466933868	0.0004629216112782658
6386.372745490982	0.0004570462996048636
6406.0120240480965	0.00045124417561363144
6425.651302605211	0.00044551421070303926
6445.290581162325	0.0004398553924190324
6464.929859719439	0.00043426672415867117
6484.5691382765535	0.00042874722487989486
6504.208416833667	0.00042329592881727094
6523.847695390781	0.0004179118852035843
6543.486973947895	0.00041259415799713297
6563.12625250501	0.000407341825614596
6582.765531062124	0.0004021539806693408
6602.404809619238	0.0003970297297150507
6622.0440881763525	0.0003919681929945406
6641.683366733467	0.0003869685041936464
6661.322645290581	0.00038202981020006837
6680.961923847695	0.0003771512708670549
6700.60120240481	0.0003723320587818172
6720.240480961924	0.000367571359038561
6739.879759519038	0.000362868369016036
6759.519038076152	0.0003582222981594941
6779.158316633267	0.00035363236776695935
6798.797595190381	0.00034909781077970995
6818.436873747495	0.0003446178715768761
6838.076152304609	0.000340191805774061
6857.715430861724	0.0003358188800258928
6877.354709418838	0.0003314983718324202
6896.993987975952	0.0003272295693492617
6916.6332665330665	0.0003230117712014274
6936.272545090181	0.00031884428630072774
6955.911823647295	0.00031472643366668956
6975.551102204408	0.00031065754225090026
6995.190380761523	0.0003066369507647018
7014.829659318637	0.0003026640075101639
7034.468937875751	0.00029873807021425563
7054.108216432865	0.0002948585058661486
7073.74749498998	0.00029102469055758217
7093.386773547094	0.0002872360093262173
7113.026052104208	0.00028349185600191765
7132.6653306613225	0.00027979163305588814
7152.304609218437	0.0002761347514526089
7171.943887775551	0.0002725206305045015
7191.583166332665	0.00026894869772926746
7211.22244488978	0.00026541838870983544
7230.861723446894	0.0002619291469568632
7250.501002004008	0.0002584804237737337
7270.140280561122	0.0002550716781239904
7289.779559118237	0.000251702376501156
7309.418837675351	0.00024837199280088214
7329.058116232465	0.0002450800081953763
7348.697394789579	0.00024182591101005291
7368.336673346694	0.00023860919660236162
7387.975951903808	0.00023542936724273898
7407.615230460922	0.0002322859319976383
7427.2545090180365	0.00022917840661458634
7446.89378757515	0.000226106313409224
7466.533066132264	0.00022306918115428127
7486.172344689378	0.00022006654497044292
7505.811623246493	0.00021709794621906062
7525.450901803607	0.00021416293239666785
7545.090180360721	0.0002112610570312532
7564.7294589178355	0.00020839187958025105
7584.36873747495	0.00020555496533020828
7604.008016032064	0.00020274988529808458
7623.647294589178	0.0001999762161341471
7643.2865731462925	0.00019723354002641866
7662.925851703407	0.0001945214446066413
7682.565130260521	0.0001918395228577147
7702.204408817635	0.0001891873730225721
7721.84368737475	0.00018656459851445556
7741.482965931864	0.00018397080782855187
7761.122244488978	0.0001814056144549531
7780.761523046092	0.0001788686367929036
7800.400801603207	0.00017635949806629763
7820.040080160321	0.0001738778262403892
7839.679358717435	0.0001714232539396796
7859.3186372745495	0.0001689954183669453
7878.957915831664	0.00016659396122336955
7898.597194388778	0.0001642185286297427
7918.236472945891	0.00016186877104869263
7937.875751503006	0.0001595443432079114
7957.51503006012	0.00015724490402434045
7977.154308617234	0.00015497011652927661
7996.793587174348	0.00015271964779436353
8016.432865731463	0.00015049316885843022
8036.072144288577	0.00014829035465513965
8055.711422845691	0.0001461108839414072
8075.3507014028055	0.00014395443922655363
8094.98997995992	0.00014182070670214897
8114.629258517034	0.00013970937617251066
8134.268537074148	0.0001376201409858125
8153.907815631263	0.00013555269796576363
8173.547094188377	0.00013350674734381363
8193.186372745491	0.00013148199269184113
8212.825651302604	0.00012947814085527697
8232.46492985972	0.0001274949018866196
8252.104208416833	0.000125531988979289
8271.743486973948	0.00012358911840177285
8291.382765531062	0.00012166600943201017
8311.022044088177	0.00011976238429195767
8330.66132264529	0.00011787639539617799
8350.300601202405	0.00011601094205108259
8369.939879759519	0.00011416415598105109
8389.579158316634	0.00011233577053413005
8409.218436873747	0.00011052552167585673
8428.857715430862	0.00010873314792362747
8448.496993987976	0.00010695839028078415
8468.13627254509	0.00010520099217033779
8487.775551102204	0.00010346069936824215
8507.41482965932	0.00010173725993612364
8527.054108216433	0.00010003042415337004
8546.693386773548	0.00009833994444847167
8566.332665330661	0.00009666557532950228
8585.971943887776	0.0000950070733136173
8605.61122244489	0.00009336419685544107
8625.250501002003	0.00009173670627420014
8644.889779559118	0.00009012436367945305
8664.529058116232	0.0000885269328952514
8684.168336673347	0.00008694417938255541
8703.80761523046	0.00008537587015971096
8723.446893787575	0.0000838217737207793
8743.086172344689	0.00008228165995149068
8762.725450901804	0.0000807553000425742
8782.364729458917	0.00007924246640019048
8802.004008016032	0.0000777429325531714
8821.643286573146	0.00007625647305673819
8841.282565130261	0.0000747828633923407
8860.921843687374	0.00007332187986322099
8880.56112224449	0.00007187329948526659
8900.200400801603	0.00007043689987266953
8919.839679358718	0.0000690124591178588
8939.478957915831	0.00006759975566511189
8959.118236472947	0.00006619856817718781
8978.75751503006	0.00006480867539424504
8998.396793587175	0.00006342985598422552
9018.036072144288	0.00006206188838378513
9037.675350701404	0.00006070455062874017
9057.314629258517	0.00005935762017287103
9076.95390781563	0.00005802087369377722
9096.593186372746	0.00005669408688430571
9116.232464929859	0.00005537703422788199
9135.871743486974	0.00005406866707564864
9155.511022044087	0.00005277042647798221
9175.150300601203	0.00005148123331177491
9194.789579158316	0.00005020085458832513
9214.428857715431	0.00004892905466778359
9234.068136272545	0.00004766559488698399
9253.70741482966	0.00004641023315043057
9273.346693386773	0.00004516272347938879
9292.985971943888	0.00004392281551318659
9312.625250501002	0.00004269025395582873
9332.264529058117	0.000041464777959817004
9351.90380761523	0.000040246120437603494
9371.543086172345	0.00003903400728932454
9391.182364729459	0.00003782762335475178
9410.821643286574	0.00003662776251640017
9430.460921843687	0.000035433572309801334
9450.100200400802	0.0000342447406577397
9469.739478957916	0.000033060942771497106
9489.37875751503	0.00003188183947175702
9509.018036072144	0.00003070707524478195
9528.65731462926	0.00002953627597932288
9548.296593186373	0.000028368617706216
9567.935871743486	0.000027204559215027477
9587.575150300601	0.00002604320254333253
9607.214428857715	0.000024884067355892356
9626.85370741483	0.000023726635436557057
9646.492985971943	0.000022570344167235942
9666.132264529058	0.000021414578509463585
9685.771543086172	0.00002025810519091506
9705.410821643287	0.00001910131866402184
9725.0501002004	0.000017942784628806753
9744.689378757515	0.000016781548109188076
9764.328657314629	0.000015616515093660007
9783.967935871744	0.000014446017313169594
9803.607214428857	0.000013269393614360718
9823.246492985973	0.000012084412450932748
9842.885771543086	0.000010888876246984088
9862.525050100201	9.679520929422455e-6
9882.164328657314	8.453849254827283e-6
9901.80360721443	7.206091645380707e-6
9921.442885771543	5.9301845112061295e-6
9941.082164328658	4.615107595105313e-6
9960.721442885771	3.2418936093492713e-6
9980.360721442887	1.772123695914677e-6
10000.	0.