200.	0.0008780470055568799
219.63927855711424	0.0011700625098040578
239.27855711422845	0.0013894071973496894
258.9178356713427	0.0016775261515847033
278.5571142284569	0.001893786371240332
298.19639278557116	0.0020820026559001206
317.8356713426854	0.0022832365809944207
337.4749498997996	0.002428862713114973
357.11422845691385	0.0025315732599654386
376.75350701402806	0.0026612831887394416
396.39278557114227	0.0027512134580447065
416.03206412825654	0.0028086249678035656
435.67134268537075	0.0028414266967986203
455.31062124248496	0.002890132606471146
474.9498997995992	0.00291609625629781
494.58917835671343	0.002923526977156269
514.2284569138277	0.0029159567414221554
533.8677354709419	0.002899954584726349
553.5070140280561	0.0028909323444252927
573.1462925851704	0.002871421487716226
592.7855711422845	0.002843431007688582
612.4248496993988	0.0028086426839252572
632.0641282565131	0.002768463883450874
651.7034068136272	0.0027263866657361636
671.3426853707415	0.0026887151875084553
690.9819639278558	0.00264730753423964
710.6212424849699	0.0026029871306178375
730.2605210420842	0.0025564498131100443
749.8997995991984	0.0025082729795562826
769.5390781563126	0.0024589458526736345
789.1783567134269	0.0024088733903236807
808.8176352705411	0.002363057254283841
828.4569138276553	0.0023167757039737795
848.0961923847696	0.0022700862496631345
867.7354709418838	0.002223236351577902
887.374749498998	0.002176434821874973
907.0140280561122	0.0021298549225969004
926.6533066132265	0.0020836415064953515
946.2925851703407	0.0020379116746529267
965.9318637274549	0.0019929872668647073
985.5711422845692	0.0019507097140689597
1005.2104208416833	0.0019089194580091831
1024.8496993987976	0.0018676870763906232
1044.4889779559119	0.001827073442213365
1064.1282565130261	0.0017871250866088246
1083.7675350701402	0.001747879934077598
1103.4068136272545	0.001709367608189411
1123.0460921843687	0.0016716091461191735
1142.685370741483	0.0016346220030921711
1162.3246492985973	0.0015984127581810301
1181.9639278557115	0.0015632854258743438
1201.6032064128256	0.0015296294896099002
1221.2424849699398	0.0014966651058422977
1240.881763527054	0.0014643972384500252
1260.5210420841684	0.0014328253457861974
1280.1603206412826	0.0014019477533308356
1299.799599198397	0.001371761392455812
1319.438877755511	0.001342259095303594
1339.0781563126252	0.001313434432907339
1358.7174348697395	0.001285279322393639
1378.3567134268537	0.0012577832454369906
1397.995991983968	0.001230936639405762
1417.6352705410823	0.001204727572569179
1437.2745490981963	0.0011791870765573097
1456.9138276553106	0.001154666579092485
1476.5531062124248	0.0011307090323910325
1496.192384769539	0.001107304986671632
1515.8316633266534	0.0010844450037036002
1535.4709418837676	0.0010621176859266334
1555.1102204408817	0.0010403108673944607
1574.749498997996	0.0010190142531235945
1594.3887775551102	0.0009982168742374167
1614.0280561122245	0.0009779072215017287
1633.6673346693387	0.0009580748542203638
1653.306613226453	0.0009387090202725923
1672.945891783567	0.0009197979577975695
1692.5851703406813	0.0009013311609158445
1712.2244488977956	0.0008832982608796614
1731.8637274549098	0.0008656880974530767
1751.5030060120241	0.0008484904914243909
1771.1422845691384	0.0008318985963429123
1790.7815631262524	0.0008156844813127814
1810.4208416833667	0.0007998385541039528
1830.060120240481	0.0007843523499273935
1849.6993987975952	0.0007692173180889684
1869.3386773547095	0.0007544243054008943
1888.9779559118238	0.0007399652780730127
1908.6172344689378	0.0007258324709676637
1928.256513026052	0.0007120176343179583
1947.8957915831663	0.0006985128253157186
1967.5350701402806	0.000685310697478921
1987.1743486973949	0.0006724039469874455
2006.8136272545091	0.0006597845625781005
2026.4529058116232	0.000647445463834932
2046.0921843687374	0.0006353799079276198
2065.7314629258517	0.0006235809641233453
2085.370741482966	0.0006120414436338335
2105.0100200400802	0.000600755018763363
2124.6492985971945	0.0005897155415683111
2144.2885771543088	0.0005789504026045096
2163.927855711423	0.0005684760499108096
2183.567134268537	0.0005582250272749059
2203.206412825651	0.0005481921674544161
2222.8456913827654	0.0005383718022307177
2242.4849699398796	0.0005287586546742327
2262.124248496994	0.0005193478632272709
2281.763527054108	0.0005101346830698272
2301.4028056112224	0.0005011142335340493
2321.0420841683367	0.0004922819208615696
2340.681362725451	0.0004836333708260943
2360.3206412825652	0.0004751643147553191
2379.9599198396795	0.00046687012058909023
2399.599198396794	0.0004587465590846594
2419.2384769539076	0.00045078969726082384
2438.877755511022	0.00044299570616965553
2458.517034068136	0.00043536067064159264
2478.1563126252504	0.00042788083626149945
2497.7955911823647	0.000420552640634588
2517.434869739479	0.0004133726284149525
2537.074148296593	0.0004063370968897956
2556.7134268537075	0.00039944242673769164
2576.3527054108217	0.0003926854221097664
2595.991983967936	0.0003860629713438117
2615.6312625250503	0.00037958764204075365
2635.2705410821645	0.0003732633193589982
2654.9098196392783	0.0003670623724031249
2674.5490981963926	0.00036098209652704404
2694.188376753507	0.0003550198176361966
2713.827655310621	0.00034917253412274476
2733.4669338677354	0.0003434376559794373
2753.1062124248497	0.00033781275306775567
2772.745490981964	0.0003322954634354552
2792.384769539078	0.00032688331000523034
2812.0240480961925	0.0003215738637395523
2831.6633266533067	0.0003163649007976099
2851.302605210421	0.0003112542559640637
2870.9418837675353	0.0003062397835528432
2890.581162324649	0.0003013192186913648
2910.2204408817634	0.0002964905306347851
2929.8597194388776	0.0002917517678653468
2949.498997995992	0.00028710103493970353
2969.138276553106	0.00028253630597667315
2988.7775551102204	0.00027805559533758336
3008.4168336673347	0.0002736571358925443
3028.056112224449	0.0002693392053637202
3047.695390781563	0.0002651001139980814
3067.3346693386775	0.00026093807832063183
3086.9739478957918	0.00025685146836803375
3106.613226452906	0.00025283873171092375
3126.25250501002	0.00024889835650559924
3145.891783567134	0.0002450288171186252
3165.5310621242484	0.0002412285042333843
3185.1703406813626	0.000237498619197475
3204.809619238477	0.00023384946290636206
3224.448897795591	0.00023026449165358123
3244.0881763527054	0.00022674237974759905
3263.7274549098197	0.00022328180604939087
3283.366733466934	0.0002198815537695641
3303.0060120240482	0.0002165404360546402
3322.6452905811625	0.0002132572973730544
3342.2845691382768	0.0002100308569699983
3361.9238476953906	0.0002068599146707514
3381.563126252505	0.0002037433945870905
3401.202404809619	0.00020068024629974236
3420.8416833667334	0.00019766944283508556
3440.4809619238476	0.00019470988245947273
3460.120240480962	0.00019180053581007518
3479.759519038076	0.0001889404377116805
3499.3987975951904	0.00018612864511047462
3519.0380761523047	0.00018336423523230107
3538.677354709419	0.00018064626753410906
3558.3166332665332	0.00017797384993982064
3577.9559118236475	0.00017534612591306434
3597.5951903807613	0.00017276225988097766
3617.2344689378756	0.000170221431130713
3636.87374749499	0.00016772266862338718
3656.513026052104	0.00016526512252841203
3676.1523046092184	0.0001628480228736283
3695.7915831663327	0.00016047061609034553
3715.430861723447	0.00015813216519624997
3735.070140280561	0.0001558319886509035
3754.7094188376755	0.00015356940197378715
3774.3486973947897	0.00015134371949797706
3793.987975951904	0.00014915427233129077
3813.6272545090183	0.00014700041064896638
3833.266533066132	0.0001448813379884457
3852.9058116232463	0.00014279631653054328
3872.5450901803606	0.0001407447302394888
3892.184368737475	0.00013872934676398624
3911.823647294589	0.00013674979470763352
3931.4629258517034	0.00013480155979325294
3951.1022044088177	0.00013288405844824272
3970.741482965932	0.00013099674703547813
3990.380761523046	0.00012913909411338376
4010.0200400801605	0.0001273105813284575
4029.6593186372747	0.00012551066297516783
4049.298597194389	0.00012373872794929275
4068.937875751503	0.00012199428295004279
4088.577154308617	0.00012027685073062058
4108.216432865732	0.00011858596388677816
4127.855711422846	0.00011692116386849417
4147.49498997996	0.00011528199645099399
4167.134268537074	0.00011366802410129818
4186.773547094188	0.00011207882025563122
4206.412825651302	0.00011051396818367827
4226.0521042084165	0.00010897306143341866
4245.691382765531	0.00010745559149029776
4265.330661322645	0.00010596110061700866
4284.969939879759	0.00010448920217997309
4304.609218436874	0.00010303951731603619
4324.248496993988	0.00010161167497718428
4343.887775551102	0.00010020530299213493
4363.527054108216	0.00009882002825817177
4383.166332665331	0.00009745550399334025
4402.805611222445	0.00009611139107759468
4422.444889779559	0.00009478735784390272
4442.084168336673	0.00009348307283427229
4461.723446893788	0.0000921981441523684
4481.362725450902	0.00009093224068477458
4501.002004008016	0.00008968505379538528
4520.6412825651305	0.00008845628122557086
4540.280561122245	0.00008724562796988693
4559.919839679359	0.00008605276600796136
4579.559118236473	0.00008487737083056856
4599.198396793588	0.00008371916082337171
4618.837675350702	0.00008257785979451311
4638.476953907815	0.0000814531969567991
4658.116232464929	0.00008034490443889387
4677.755511022044	0.00007925270942591853
4697.394789579158	0.00007817635578628
4717.034068136272	0.00007711559417314365
4736.6733466933865	0.00007607018048792943
4756.312625250501	0.00007504226909751405
4775.951903807615	0.00007402927562789181
4795.591182364729	0.00007303074110341079
4815.230460921844	0.00007204643962593479
4834.869739478958	0.00007107614959778815
4854.509018036072	0.00007011965384152515
4874.148296593186	0.0000691767346794719
4893.787575150301	0.00006824715980063126
4913.426853707415	0.00006733072098526889
4933.066132264529	0.00006642721663963949
4952.705410821643	0.00006553644927810551
4972.344689378758	0.00006465822617733184
4991.983967935872	0.00006379232014683038
5011.623246492986	0.00006293851449952678
5031.2625250501005	0.00006209662571760235
5050.901803607215	0.00006126647373116474
5070.541082164329	0.000060447882053567406
5090.180360721443	0.000059640673088220954
5109.819639278557	0.0000588446488232133
5129.458917835671	0.000058059637741131355
5149.098196392785	0.00005728547552324916
5168.7374749498995	0.00005652200100459691
5188.376753507014	0.00005576905662052388
5208.016032064128	0.000055026466604081
5227.655310621242	0.00005429405650883856
5247.294589178357	0.000053571678608090584
5266.933867735471	0.00005285918804033806
5286.573146292585	0.000052156443079585744
5306.212424849699	0.0000514632996193022
5325.851703406814	0.00005077956452454718
5345.490981963928	0.00005010508891260077
5365.130260521042	0.000049439738963761505
5384.769539078156	0.00004878338321083996
5404.408817635271	0.00004813589264425485
5424.048096192385	0.000047497135029328847
5443.687374749499	0.000046866976078553684
5463.3266533066135	0.00004624529363991425
5482.965931863728	0.00004563196795786024
5502.605210420842	0.00004502688163722802
5522.244488977956	0.000044429918367319363
5541.883767535071	0.000043840930381001306
5561.523046092185	0.00004325979251185572
5581.162324649298	0.00004268639410798192
5600.801603206412	0.00004212062640024498
5620.440881763527	0.00004156238254676173
5640.080160320641	0.00004101155486328431
5659.719438877755	0.00004046803269019569
5679.3587174348695	0.000039931715218375994
5698.997995991984	0.0000394025039507676
5718.637274549098	0.000038880302364607724
5738.276553106212	0.000038365016017594934
5757.915831663327	0.00003785651544571394
5777.555110220441	0.000037354686904959496
5797.194388777555	0.00003686011171547051
5816.833667334669	0.00003637217219466037
5836.472945891784	0.00003589060809850772
5856.112224448898	0.0000354153300312929
5875.751503006012	0.000034946237940554054
5895.390781563126	0.000034483246200922423
5915.030060120241	0.000034026272306699436
5934.669338677355	0.000033575235320271695
5954.308617234469	0.000033130056326658144
5973.9478957915835	0.00003269063362839049
5993.587174348698	0.00003225687024828475
6013.226452905812	0.000031828690216864356
6032.865731462926	0.00003140601879654476
6052.50501002004	0.00003098878249868454
6072.144288577154	0.00003057690855672852
6091.783567134268	0.000030170322688881672
6111.4228456913825	0.000029768954497499577
6131.062124248497	0.000029372735359288242
6150.701402805611	0.000028981598051936633
6170.340681362725	0.00002859547736667454
6189.9799599198395	0.000028214280050689854
6209.619238476954	0.000027837914748130495
6229.258517034068	0.00002746631863566958
6248.897795591182	0.000027099429962214777
6268.537074148297	0.00002673718815671564
6288.176352705411	0.000026379530309625124
6307.815631262525	0.00002602637751073445
6327.454909819639	0.000025677669367543986
6347.094188376754	0.00002533334939496376
6366.733466933868	0.00002499336206852888
6386.372745490982	0.000024657652980897165
6406.0120240480965	0.000024326157971279026
6425.651302605211	0.000023998816237110026
6445.290581162325	0.000023675575946862718
6464.929859719439	0.000023356386169748534
6484.5691382765535	0.00002304119702712126
6504.208416833667	0.000022729953958762616
6523.847695390781	0.00002242258708009372
6543.486973947895	0.000022119046017253362
6563.12625250501	0.000021819282930103126
6582.765531062124	0.000021523250814061293
6602.404809619238	0.00002123090307754408
6622.0440881763525	0.000020942179949408527
6641.683366733467	0.000020657031158483768
6661.322645290581	0.000020375413007325036
6680.961923847695	0.00002009728249833481
6700.60120240481	0.000019822597430622573
6720.240480961924	0.00001955131175165568
6739.879759519038	0.000019283377420591072
6759.519038076152	0.000019018753608867455
6779.158316633267	0.00001875740024098311
6798.797595190381	0.00001849927807298398
6818.436873747495	0.00001824434437768463
6838.076152304609	0.000017992541276012025
6857.715430861724	0.00001774382918090848
6877.354709418838	0.000017498171408358428
6896.993987975952	0.000017255532015536504
6916.6332665330665	0.000017015874631877945
6936.272545090181	0.000016779142384272765
6955.911823647295	0.000016545293125745127
6975.551102204408	0.000016314292281519357
6995.190380761523	0.000016086105846286032
7014.829659318637	0.000015860700470774375
7034.468937875751	0.000015638035814654365
7054.108216432865	0.000015418074536661623
7073.74749498998	0.000015200980145306299
7093.386773547094	0.000014986520852977109
7113.026052104208	0.000014774660058706066
7132.6653306613225	0.000014565355779633102
7152.304609218437	0.000014358562588287295
7171.943887775551	0.000014154251382677494
7191.583166332665	0.000013952393571447149
7211.22244488978	0.00001375296114815622
7230.861723446894	0.000013555921331599856
7250.501002004008	0.000013361236580427559
7270.140280561122	0.000013168879902618081
7289.779559118237	0.000012978824966161132
7309.418837675351	0.000012791045967666424
7329.058116232465	0.00001260551370060445
7348.697394789579	0.000012422193611996775
7368.336673346694	0.000012241060102722189
7387.975951903808	0.000012062088351946838
7407.615230460922	0.000011885254142224605
7427.2545090180365	0.000011710526734421081
7446.89378757515	0.000011537866703841726
7466.533066132264	0.000011367250528710409
7486.172344689378	0.000011198655602586913
7505.811623246493	0.000011032059810382503
7525.450901803607	0.000010867435821181911
7545.090180360721	0.000010704752217458026
7564.7294589178355	0.000010543987422254571
7584.36873747495	0.000010385120328828486
7604.008016032064	0.000010228130215855743
7623.647294589178	0.000010072994035035277
7643.2865731462925	9.919688815509523e-6
7662.925851703407	9.768194505934539e-6
7682.565130260521	9.618491473424302e-6
7702.204408817635	9.470560222022664e-6
7721.84368737475	9.324365468028381e-6
7741.482965931864	9.179880957252327e-6
7761.122244488978	9.037088334627693e-6
7780.761523046092	8.8959696163524e-6
7800.400801603207	8.756505395393964e-6
7820.040080160321	8.618666338600553e-6
7839.679358717435	8.482432748662933e-6
7859.3186372745495	8.347787086160367e-6
7878.957915831664	8.2147121928493e-6
7898.597194388778	8.083186722050777e-6
7918.236472945891	7.95318664863887e-6
7937.875751503006	7.82469556821966e-6
7957.51503006012	7.697697452736023e-6
7977.154308617234	7.572176128956753e-6
7996.793587174348	7.448107921306265e-6
8016.432865731463	7.325474851430764e-6
8036.072144288577	7.204261844706959e-6
8055.711422845691	7.084454178234132e-6
8075.3507014028055	6.966032934046499e-6
8094.98997995992	6.848975665974132e-6
8114.629258517034	6.733267998887301e-6
8134.268537074148	6.618895961567102e-6
8153.907815631263	6.505844776110421e-6
8173.547094188377	6.394092372509346e-6
8193.186372745491	6.283623656837935e-6
8212.825651302604	6.174425392035056e-6
8232.46492985972	6.0664845519584345e-6
8252.104208416833	5.959782691129484e-6
8271.743486973948	5.8543039902003795e-6
8291.382765531062	5.750035952497828e-6
8311.022044088177	5.646966385457167e-6
8330.66132264529	5.545079262738475e-6
8350.300601202405	5.4443578426239415e-6
8369.939879759519	5.3447904785457345e-6
8389.579158316634	5.2463658925108056e-6
8409.218436873747	5.149066768198596e-6
8428.857715430862	5.052870273581846e-6
8448.496993987976	4.957765142082418e-6
8468.13627254509	4.863740580770729e-6
8487.775551102204	4.770782786938138e-6
8507.41482965932	4.678874686866673e-6
8527.054108216433	4.588005640064286e-6
8546.693386773548	4.4981654142288e-6
8566.332665330661	4.409339962304945e-6
8585.971943887776	4.321513047215989e-6
8605.61122244489	4.234674653232011e-6
8625.250501002003	4.1488191490701325e-6
8644.889779559118	4.0639297492860655e-6
8664.529058116232	3.979994447826438e-6
8684.168336673347	3.897003892216901e-6
8703.80761523046	3.814948744030886e-6
8723.446893787575	3.733817970077476e-6
8743.086172344689	3.6536019585595133e-6
8762.725450901804	3.574291819516297e-6
8782.364729458917	3.495879318215672e-6
8802.004008016032	3.4183576007953276e-6
8821.643286573146	3.3417187953451064e-6
8841.282565130261	3.265955062964251e-6
8860.921843687374	3.191041642526558e-6
8880.56112224449	3.116961317985863e-6
8900.200400801603	3.0437059830385836e-6
8919.839679358718	2.9712682475671258e-6
8939.478957915831	2.899641888919175e-6
8959.118236472947	2.828819274966076e-6
8978.75751503006	2.7587930146921284e-6
8998.396793587175	2.6895575301332306e-6
9018.036072144288	2.6211058525505615e-6
9037.675350701404	2.553430613825606e-6
9057.314629258517	2.4865180030297626e-6
9076.95390781563	2.420358219203269e-6
9096.593186372746	2.3549447555573662e-6
9116.232464929859	2.290267190628332e-6
9135.871743486974	2.2263162481188174e-6
9155.511022044087	2.163085338474318e-6
9175.150300601203	2.1005641245589203e-6
9194.789579158316	2.0387435995532607e-6
9214.428857715431	1.9776174119078072e-6
9234.068136272545	1.9171820145580857e-6
9253.70741482966	1.8574326879604366e-6
9273.346693386773	1.798362842052888e-6
9292.985971943888	1.739959717250716e-6
9312.625250501002	1.6822160669471404e-6
9332.264529058117	1.6251266767473538e-6
9351.90380761523	1.5686870906984342e-6
9371.543086172345	1.5128917369337844e-6
9391.182364729459	1.457729646980741e-6
9410.821643286574	1.4031927578285192e-6
9430.460921843687	1.3492767157414321e-6
9450.100200400802	1.2959787090270442e-6
9469.739478957916	1.243293391442753e-6
9489.37875751503	1.1912103367939436e-6
9509.018036072144	1.1397232775550094e-6
9528.65731462926	1.0888275907324135e-6
9548.296593186373	1.0385191153367298e-6
9567.935871743486	9.887874512477991e-7
9587.575150300601	9.396223214790415e-7
9607.214428857715	8.910188750003393e-7
9626.85370741483	8.429723414293758e-7
9646.492985971943	7.954745793954255e-7
9666.132264529058	7.485183356617241e-7
9685.771543086172	7.020904577730959e-7
9705.410821643287	6.561827842386672e-7
9725.0501002004	6.107851609817459e-7
9744.689378757515	5.658877780547922e-7
9764.328657314629	5.2147678978574e-7
9783.967935871744	4.775249774432217e-7
9803.607214428857	4.3402057795882366e-7
9823.246492985973	3.9092665594819834e-7
9842.885771543086	3.48205695016827e-7
9862.525050100201	3.0579846500970423e-7
9882.164328657314	2.6362511885443767e-7
9901.80360721443	2.215611723560367e-7
9921.442885771543	1.79406670838513e-7
9941.082164328658	1.3687296601998568e-7
9960.721442885771	9.363055748621161e-8
9980.360721442887	4.9057826137404056e-8
10000.	0.