-10.	0.	0.
0.	10.	0.
10.	20.	0.
20.	30.	0.
30.	40.	0.
40.	50.	0.
50.	60.	0.
60.	70.	0.
70.	80.	0.
80.	90.	0.
90.	100.	0.
100.	110.	0.
110.	120.	0.
120.	130.	0.
130.	140.	0.
140.	150.	0.
150.	160.	0.
160.	170.	0.
170.	180.	0.
180.	190.	0.
190.	200.	0.
200.	210.	0.
210.	220.	0.
220.	230.	0.
230.	240.	0.
240.	250.	0.
250.	260.	0.
260.	270.	0.
270.	280.	0.
280.	290.	0.
290.	300.	0.
300.	310.	0.
310.	320.	0.
320.	330.	0.
330.	340.	0.
340.	350.	0.
350.	360.	125.1569
360.	370.	250.3138
370.	380.	375.4708
380.	390.	187.7354
390.	400.	187.7354
400.	410.	250.3138
410.	420.	125.1569
420.	430.	375.4708
430.	440.	312.8923
440.	450.	312.8923
450.	460.	688.3631
460.	470.	375.4708
470.	480.	312.8923
480.	490.	250.3138
490.	500.	375.4708
500.	510.	375.4708
510.	520.	438.0492
520.	530.	625.7846
530.	540.	375.4708
540.	550.	500.6277
550.	560.	625.7846
560.	570.	625.7846
570.	580.	250.3138
580.	590.	938.6769
590.	600.	625.7846
600.	610.	438.0492
610.	620.	563.2061
620.	630.	813.52
630.	640.	500.6277
640.	650.	563.2061
650.	660.	563.2061
660.	670.	813.52
670.	680.	375.4708
680.	690.	625.7846
690.	700.	876.0984
700.	710.	750.9415
710.	720.	688.3631
720.	730.	438.0492
730.	740.	438.0492
740.	750.	813.52
750.	760.	1001.255
760.	770.	750.9415
770.	780.	625.7846
780.	790.	750.9415
790.	800.	1001.255
800.	810.	688.3631
810.	820.	375.4708
820.	830.	750.9415
830.	840.	1063.834
840.	850.	813.52
850.	860.	438.0492
860.	870.	1376.726
870.	880.	813.52
880.	890.	1063.834
890.	900.	375.4708
900.	910.	625.7846
910.	920.	1001.255
920.	930.	813.52
930.	940.	1126.412
940.	950.	500.6277
950.	960.	876.0984
960.	970.	750.9415
970.	980.	625.7846
980.	990.	813.52
990.	1000.	438.0492
1000.	1010.	563.2061
1010.	1020.	688.3631
1020.	1030.	312.8923
1030.	1040.	938.6769
1040.	1050.	563.2061
1050.	1060.	876.0984
1060.	1070.	563.2061
1070.	1080.	500.6277
1080.	1090.	688.3631
1090.	1100.	813.52
1100.	1110.	625.7846
1110.	1120.	813.52
1120.	1130.	688.3631
1130.	1140.	813.52
1140.	1150.	750.9415
1150.	1160.	938.6769
1160.	1170.	625.7846
1170.	1180.	688.3631
1180.	1190.	563.2061
1190.	1200.	563.2061
1200.	1210.	1063.834
1210.	1220.	876.0984
1220.	1230.	1063.834
1230.	1240.	375.4708
1240.	1250.	438.0492
1250.	1260.	938.6769
1260.	1270.	688.3631
1270.	1280.	750.9415
1280.	1290.	1001.255
1290.	1300.	438.0492
1300.	1310.	625.7846
1310.	1320.	1126.412
1320.	1330.	813.52
1330.	1340.	625.7846
1340.	1350.	375.4708
1350.	1360.	563.2061
1360.	1370.	625.7846
1370.	1380.	1126.412
1380.	1390.	750.9415
1390.	1400.	876.0984
1400.	1410.	1063.834
1410.	1420.	688.3631
1420.	1430.	813.52
1430.	1440.	688.3631
1440.	1450.	438.0492
1450.	1460.	938.6769
1460.	1470.	563.2061
1470.	1480.	688.3631
1480.	1490.	625.7846
1490.	1500.	750.9415
1500.	1510.	490.6889
1510.	1520.	477.7375
1520.	1530.	754.8803
1530.	1540.	504.6665
1540.	1550.	324.4648
1550.	1560.	996.5183
1560.	1570.	809.5413
1570.	1580.	635.6737
1580.	1590.	854.8836
1590.	1600.	555.058
1600.	1610.	625.1322
1610.	1620.	779.1666
1620.	1630.	1089.093
1630.	1640.	1014.79
1640.	1650.	590.7664
1650.	1660.	688.6795
1660.	1670.	593.67
1670.	1680.	722.6493
1680.	1690.	523.9465
1690.	1700.	477.1173
1700.	1710.	562.4695
1710.	1720.	224.876
1720.	1730.	716.5471
1730.	1740.	665.3319
1740.	1750.	526.8355
1750.	1760.	601.1152
1760.	1770.	997.7391
1770.	1780.	780.9994
1780.	1790.	472.4869
1790.	1800.	457.3963
1800.	1810.	668.3592
1810.	1820.	650.6737
1820.	1830.	562.055
1830.	1840.	548.4099
1840.	1850.	532.5687
1850.	1860.	497.3044
1860.	1870.	484.3138
1870.	1880.	552.7299
1880.	1890.	578.2757
1890.	1900.	600.9525
1900.	1910.	434.7775
1910.	1920.	461.5559
1920.	1930.	539.799
1930.	1940.	648.5183
1940.	1950.	597.3093
1950.	1960.	617.1208
1960.	1970.	714.542
1970.	1980.	665.5093
1980.	1990.	524.4229
1990.	2000.	587.2985
2000.	2010.	498.6225
2010.	2020.	571.9196
2020.	2030.	488.9013
2030.	2040.	638.6375
2040.	2050.	756.0591
2050.	2060.	506.0953
2060.	2070.	532.4006
2070.	2080.	592.2318
2080.	2090.	543.6911
2090.	2100.	494.573
2100.	2110.	471.733
2110.	2120.	515.8455
2120.	2130.	547.3263
2130.	2140.	557.2672
2140.	2150.	408.5248
2150.	2160.	531.7977
2160.	2170.	589.926
2170.	2180.	479.0025
2180.	2190.	582.2391
2190.	2200.	597.3672
2200.	2210.	537.9039
2210.	2220.	526.1091
2220.	2230.	540.4734
2230.	2240.	392.5578
2240.	2250.	508.1371
2250.	2260.	562.7099
2260.	2270.	510.8032
2270.	2280.	507.5314
2280.	2290.	587.112
2290.	2300.	418.6759
2300.	2310.	453.0161
2310.	2320.	514.5176
2320.	2330.	440.8723
2330.	2340.	548.3675
2340.	2350.	455.4739
2350.	2360.	505.2135
2360.	2370.	475.0522
2370.	2380.	415.0556
2380.	2390.	505.3297
2390.	2400.	483.2686
2400.	2410.	519.5132
2410.	2420.	480.0125
2420.	2430.	447.2178
2430.	2440.	465.9288
2440.	2450.	440.6341
2450.	2460.	367.6752
2460.	2470.	475.6461
2470.	2480.	485.7834
2480.	2490.	426.6579
2490.	2500.	457.2747
2500.	2510.	501.2591
2510.	2520.	477.2354
2520.	2530.	365.9644
2530.	2540.	421.8168
2540.	2550.	493.8271
2550.	2560.	419.0079
2560.	2570.	462.2075
2570.	2580.	394.5592
2580.	2590.	403.5748
2590.	2600.	508.9652
2600.	2610.	451.8664
2610.	2620.	369.296
2620.	2630.	412.0807
2630.	2640.	430.1435
2640.	2650.	440.274
2650.	2660.	407.1191
2660.	2670.	413.6291
2670.	2680.	440.7031
2680.	2690.	531.088
2690.	2700.	457.5813
2700.	2710.	422.8795
2710.	2720.	399.5287
2720.	2730.	439.7889
2730.	2740.	437.3702
2740.	2750.	384.4964
2750.	2760.	451.8875
2760.	2770.	411.8799
2770.	2780.	363.8758
2780.	2790.	402.3982
2790.	2800.	434.6761
2800.	2810.	429.7343
2810.	2820.	376.2887
2820.	2830.	412.2325
2830.	2840.	409.9669
2840.	2850.	390.0619
2850.	2860.	353.3965
2860.	2870.	398.5338
2870.	2880.	416.0942
2880.	2890.	380.523
2890.	2900.	406.6241
2900.	2910.	342.3178
2910.	2920.	356.5408
2920.	2930.	414.9642
2930.	2940.	399.1942
2940.	2950.	381.8393
2950.	2960.	348.1556
2960.	2970.	362.8653
2970.	2980.	340.22
2980.	2990.	358.7635
2990.	3000.	356.8419
3000.	3010.	366.7622
3010.	3020.	332.0089
3020.	3030.	367.5572
3030.	3040.	367.2176
3040.	3050.	386.7978
3050.	3060.	366.3167
3060.	3070.	368.9874
3070.	3080.	324.8839
3080.	3090.	365.6212
3090.	3100.	331.408
3100.	3110.	357.4203
3110.	3120.	345.0811
3120.	3130.	346.0144
3130.	3140.	345.2199
3140.	3150.	339.638
3150.	3160.	311.6214
3160.	3170.	364.8469
3170.	3180.	343.1315
3180.	3190.	352.2122
3190.	3200.	381.1016
3200.	3210.	324.6497
3210.	3220.	329.2824
3220.	3230.	295.5362
3230.	3240.	331.4422
3240.	3250.	363.0936
3250.	3260.	339.5416
3260.	3270.	315.1455
3270.	3280.	307.7225
3280.	3290.	279.3939
3290.	3300.	332.5841
3300.	3310.	303.6957
3310.	3320.	305.0851
3320.	3330.	319.0456
3330.	3340.	322.5433
3340.	3350.	297.1399
3350.	3360.	357.8769
3360.	3370.	330.4083
3370.	3380.	333.2011
3380.	3390.	311.3159
3390.	3400.	297.1505
3400.	3410.	296.9257
3410.	3420.	298.6981
3420.	3430.	274.2932
3430.	3440.	263.3028
3440.	3450.	290.9839
3450.	3460.	303.0701
3460.	3470.	280.644
3470.	3480.	300.0087
3480.	3490.	297.5364
3490.	3500.	280.5779
3500.	3510.	325.2194
3510.	3520.	301.9579
3520.	3530.	296.1012
3530.	3540.	276.3711
3540.	3550.	290.249
3550.	3560.	269.3947
3560.	3570.	268.1775
3570.	3580.	307.6774
3580.	3590.	282.3963
3590.	3600.	265.0773
3600.	3610.	278.5746
3610.	3620.	271.7001
3620.	3630.	276.3632
3630.	3640.	272.5884
3640.	3650.	283.5625
3650.	3660.	266.6342
3660.	3670.	257.2507
3670.	3680.	309.85
3680.	3690.	274.8188
3690.	3700.	290.4931
3700.	3710.	275.7015
3710.	3720.	254.5686
3720.	3730.	245.1872
3730.	3740.	275.9179
3740.	3750.	279.9704
3750.	3760.	272.4554
3760.	3770.	234.8874
3770.	3780.	254.6868
3780.	3790.	256.2811
3790.	3800.	265.1011
3800.	3810.	258.5919
3810.	3820.	261.6401
3820.	3830.	218.2733
3830.	3840.	259.4121
3840.	3850.	243.7024
3850.	3860.	254.4989
3860.	3870.	248.5064
3870.	3880.	246.943
3880.	3890.	229.2907
3890.	3900.	236.3949
3900.	3910.	229.2113
3910.	3920.	230.9682
3920.	3930.	218.8784
3930.	3940.	252.794
3940.	3950.	230.7605
3950.	3960.	249.9064
3960.	3970.	238.0855
3970.	3980.	234.7
3980.	3990.	238.7874
3990.	4000.	229.2602
4000.	4010.	240.7429
4010.	4020.	236.8677
4020.	4030.	239.3776
4030.	4040.	250.9834
4040.	4050.	239.1873
4050.	4060.	228.4393
4060.	4070.	234.1609
4070.	4080.	235.9572
4080.	4090.	222.24
4090.	4100.	212.1334
4100.	4110.	218.1316
4110.	4120.	221.0706
4120.	4130.	223.1963
4130.	4140.	230.8063
4140.	4150.	227.1915
4150.	4160.	218.3844
4160.	4170.	202.1104
4170.	4180.	216.1632
4180.	4190.	207.2488
4190.	4200.	224.9626
4200.	4210.	210.3521
4210.	4220.	214.6855
4220.	4230.	207.2069
4230.	4240.	209.2982
4240.	4250.	212.6966
4250.	4260.	202.0372
4260.	4270.	209.426
4270.	4280.	215.3015
4280.	4290.	205.543
4290.	4300.	196.7134
4300.	4310.	202.4639
4310.	4320.	188.4164
4320.	4330.	207.265
4330.	4340.	201.7478
4340.	4350.	220.3139
4350.	4360.	192.3253
4360.	4370.	201.245
4370.	4380.	192.4055
4380.	4390.	196.6813
4390.	4400.	183.6937
4400.	4410.	195.7105
4410.	4420.	201.6874
4420.	4430.	192.4143
4430.	4440.	207.9891
4440.	4450.	194.4456
4450.	4460.	196.2744
4460.	4470.	187.229
4470.	4480.	199.164
4480.	4490.	181.2073
4490.	4500.	190.3206
4500.	4510.	173.1555
4510.	4520.	189.2115
4520.	4530.	188.8635
4530.	4540.	169.9768
4540.	4550.	174.9429
4550.	4560.	177.6585
4560.	4570.	175.4196
4570.	4580.	184.232
4580.	4590.	177.7509
4590.	4600.	176.812
4600.	4610.	180.5624
4610.	4620.	177.0372
4620.	4630.	176.0688
4630.	4640.	176.6307
4640.	4650.	173.6155
4650.	4660.	171.5308
4660.	4670.	185.6459
4670.	4680.	176.4089
4680.	4690.	167.7676
4690.	4700.	175.1928
4700.	4710.	174.1457
4710.	4720.	173.5347
4720.	4730.	182.2418
4730.	4740.	165.1478
4740.	4750.	158.8331
4750.	4760.	173.9936
4760.	4770.	165.7692
4770.	4780.	151.4383
4780.	4790.	156.8577
4790.	4800.	162.337
4800.	4810.	165.3267
4810.	4820.	160.8685
4820.	4830.	158.6448
4830.	4840.	160.2472
4840.	4850.	168.0473
4850.	4860.	161.7423
4860.	4870.	157.6323
4870.	4880.	158.1071
4880.	4890.	149.9992
4890.	4900.	146.7832
4900.	4910.	153.4753
4910.	4920.	148.6094
4920.	4930.	157.749
4930.	4940.	157.1428
4940.	4950.	158.315
4950.	4960.	162.1357
4960.	4970.	154.9881
4970.	4980.	166.2212
4980.	4990.	144.1962
4990.	5000.	144.4276
5000.	5010.	151.7521
5010.	5020.	144.2604
5020.	5030.	161.389
5030.	5040.	146.7049
5040.	5050.	150.4796
5050.	5060.	147.1571
5060.	5070.	143.1166
5070.	5080.	148.6216
5080.	5090.	146.079
5090.	5100.	141.8628
5100.	5110.	140.8997
5110.	5120.	136.9245
5120.	5130.	143.6865
5130.	5140.	139.5139
5140.	5150.	136.6862
5150.	5160.	137.0655
5160.	5170.	140.1529
5170.	5180.	141.7235
5180.	5190.	136.9603
5190.	5200.	138.6446
5200.	5210.	130.9882
5210.	5220.	136.3725
5220.	5230.	137.8686
5230.	5240.	131.9917
5240.	5250.	141.877
5250.	5260.	129.843
5260.	5270.	135.0643
5270.	5280.	135.2979
5280.	5290.	132.757
5290.	5300.	129.3657
5300.	5310.	123.1676
5310.	5320.	126.1516
5320.	5330.	128.0724
5330.	5340.	137.642
5340.	5350.	127.1238
5350.	5360.	133.7086
5360.	5370.	122.6342
5370.	5380.	129.3337
5380.	5390.	128.8825
5390.	5400.	125.9965
5400.	5410.	125.9848
5410.	5420.	120.6459
5420.	5430.	121.7695
5430.	5440.	123.8513
5440.	5450.	124.4947
5450.	5460.	122.6729
5460.	5470.	118.3475
5470.	5480.	125.7698
5480.	5490.	128.3479
5490.	5500.	123.5747
5500.	5510.	122.7469
5510.	5520.	117.6337
5520.	5530.	115.3918
5530.	5540.	111.7772
5540.	5550.	112.8607
5550.	5560.	120.935
5560.	5570.	119.7522
5570.	5580.	112.9532
5580.	5590.	115.0057
5590.	5600.	116.5712
5600.	5610.	117.4163
5610.	5620.	110.085
5620.	5630.	109.6892
5630.	5640.	112.1439
5640.	5650.	110.5009
5650.	5660.	112.5774
5660.	5670.	114.4422
5670.	5680.	105.5182
5680.	5690.	111.9607
5690.	5700.	104.2398
5700.	5710.	108.3548
5710.	5720.	108.1143
5720.	5730.	111.7286
5730.	5740.	110.292
5740.	5750.	105.3253
5750.	5760.	102.8262
5760.	5770.	105.0767
5770.	5780.	106.8274
5780.	5790.	102.8287
5790.	5800.	102.8905
5800.	5810.	107.7033
5810.	5820.	102.9117
5820.	5830.	101.261
5830.	5840.	103.5549
5840.	5850.	101.8979
5850.	5860.	101.5918
5860.	5870.	102.3817
5870.	5880.	97.08413
5880.	5890.	100.7052
5890.	5900.	100.1887
5900.	5910.	103.0525
5910.	5920.	102.1214
5920.	5930.	98.32565
5930.	5940.	96.09014
5940.	5950.	98.54856
5950.	5960.	94.54621
5960.	5970.	97.03014
5970.	5980.	92.10971
5980.	5990.	95.05184
5990.	6000.	97.56205
6000.	6010.	91.96262
6010.	6020.	97.47039
6020.	6030.	95.04913
6030.	6040.	95.99036
6040.	6050.	93.01681
6050.	6060.	92.24243
6060.	6070.	90.74559
6070.	6080.	95.51812
6080.	6090.	88.34132
6090.	6100.	86.43409
6100.	6110.	91.28338
6110.	6120.	87.80796
6120.	6130.	85.72141
6130.	6140.	89.56085
6140.	6150.	92.25516
6150.	6160.	87.20638
6160.	6170.	85.75296
6170.	6180.	86.33143
6180.	6190.	84.37274
6190.	6200.	84.73094
6200.	6210.	87.2996
6210.	6220.	87.18701
6220.	6230.	86.17121
6230.	6240.	83.20979
6240.	6250.	84.89836
6250.	6260.	87.30784
6260.	6270.	81.39162
6270.	6280.	84.16729
6280.	6290.	83.05487
6290.	6300.	85.43049
6300.	6310.	83.02827
6310.	6320.	79.62584
6320.	6330.	81.92029
6330.	6340.	78.80547
6340.	6350.	77.91379
6350.	6360.	82.88641
6360.	6370.	81.97356
6370.	6380.	78.66039
6380.	6390.	80.4662
6390.	6400.	79.17752
6400.	6410.	77.37137
6410.	6420.	76.72313
6420.	6430.	79.69065
6430.	6440.	82.00282
6440.	6450.	76.44916
6450.	6460.	77.08558
6460.	6470.	76.62331
6470.	6480.	74.48663
6480.	6490.	75.19541
6490.	6500.	75.36513
6500.	6510.	75.96641
6510.	6520.	73.80565
6520.	6530.	73.16499
6530.	6540.	71.05334
6540.	6550.	73.51823
6550.	6560.	73.6688
6560.	6570.	73.96291
6570.	6580.	74.36573
6580.	6590.	72.53623
6590.	6600.	69.36449
6600.	6610.	70.23667
6610.	6620.	71.57832
6620.	6630.	72.61077
6630.	6640.	71.87377
6640.	6650.	72.22064
6650.	6660.	72.55094
6660.	6670.	69.01143
6670.	6680.	70.10811
6680.	6690.	67.48845
6690.	6700.	70.44767
6700.	6710.	66.97962
6710.	6720.	67.39171
6720.	6730.	66.50685
6730.	6740.	67.8605
6740.	6750.	66.30285
6750.	6760.	64.56673
6760.	6770.	66.43847
6770.	6780.	64.02166
6780.	6790.	65.2983
6790.	6800.	65.96659
6800.	6810.	67.47554
6810.	6820.	64.39064
6820.	6830.	63.21666
6830.	6840.	61.83313
6840.	6850.	63.65781
6850.	6860.	62.25589
6860.	6870.	61.08375
6870.	6880.	62.21705
6880.	6890.	63.64517
6890.	6900.	62.14659
6900.	6910.	59.90962
6910.	6920.	60.2329
6920.	6930.	61.46708
6930.	6940.	60.78924
6940.	6950.	60.17436
6950.	6960.	56.99891
6960.	6970.	61.28661
6970.	6980.	61.94115
6980.	6990.	57.7908
6990.	7000.	57.20423
7000.	7010.	59.05139
7010.	7020.	58.05091
7020.	7030.	57.01999
7030.	7040.	57.41911
7040.	7050.	56.2447
7050.	7060.	56.47003
7060.	7070.	55.96257
7070.	7080.	55.41065
7080.	7090.	55.71486
7090.	7100.	55.9298
7100.	7110.	54.19805
7110.	7120.	52.98357
7120.	7130.	55.97884
7130.	7140.	53.08802
7140.	7150.	55.07228
7150.	7160.	54.58564
7160.	7170.	53.82843
7170.	7180.	52.88104
7180.	7190.	51.298
7190.	7200.	52.69345
7200.	7210.	52.91222
7210.	7220.	53.37846
7220.	7230.	53.53709
7230.	7240.	49.64226
7240.	7250.	52.49621
7250.	7260.	54.68534
7260.	7270.	50.78814
7270.	7280.	48.22456
7280.	7290.	52.96794
7290.	7300.	49.4118
7300.	7310.	50.99101
7310.	7320.	49.7117
7320.	7330.	49.39669
7330.	7340.	47.76546
7340.	7350.	48.83804
7350.	7360.	49.18871
7360.	7370.	48.35648
7370.	7380.	45.86882
7380.	7390.	47.65987
7390.	7400.	46.38852
7400.	7410.	48.49008
7410.	7420.	47.67971
7420.	7430.	47.58715
7430.	7440.	46.22516
7440.	7450.	46.62006
7450.	7460.	46.71978
7460.	7470.	44.90983
7470.	7480.	46.91531
7480.	7490.	44.75955
7490.	7500.	43.88
7500.	7510.	44.12976
7510.	7520.	43.28235
7520.	7530.	43.93998
7530.	7540.	43.39267
7540.	7550.	45.20953
7550.	7560.	44.50475
7560.	7570.	43.24657
7570.	7580.	43.1151
7580.	7590.	42.8906
7590.	7600.	43.15386
7600.	7610.	42.44536
7610.	7620.	42.25652
7620.	7630.	42.99528
7630.	7640.	42.272
7640.	7650.	40.95988
7650.	7660.	41.59877
7660.	7670.	41.65381
7670.	7680.	41.27532
7680.	7690.	39.83179
7690.	7700.	41.16528
7700.	7710.	39.75863
7710.	7720.	41.03027
7720.	7730.	39.37028
7730.	7740.	39.92368
7740.	7750.	40.91002
7750.	7760.	39.01735
7760.	7770.	38.80169
7770.	7780.	38.01604
7780.	7790.	37.82124
7790.	7800.	37.61724
7800.	7810.	38.04807
7810.	7820.	38.42243
7820.	7830.	36.81973
7830.	7840.	38.30535
7840.	7850.	37.67748
7850.	7860.	37.1049
7860.	7870.	36.72671
7870.	7880.	36.2575
7880.	7890.	35.31175
7890.	7900.	35.74153
7900.	7910.	35.06977
7910.	7920.	35.71905
7920.	7930.	34.29136
7930.	7940.	35.44039
7940.	7950.	35.14037
7950.	7960.	34.42924
7960.	7970.	34.04988
7970.	7980.	33.44074
7980.	7990.	34.56296
7990.	8000.	32.84871
8000.	8010.	32.876
8010.	8020.	33.87777
8020.	8030.	32.59379
8030.	8040.	33.15892
8040.	8050.	32.41645
8050.	8060.	32.83273
8060.	8070.	31.44939
8070.	8080.	31.90185
8080.	8090.	31.58281
8090.	8100.	31.7586
8100.	8110.	32.30858
8110.	8120.	32.43444
8120.	8130.	31.63278
8130.	8140.	31.81036
8140.	8150.	30.1724
8150.	8160.	30.88598
8160.	8170.	30.78677
8170.	8180.	30.32596
8180.	8190.	29.39056
8190.	8200.	29.55747
8200.	8210.	31.28163
8210.	8220.	29.01039
8220.	8230.	28.9349
8230.	8240.	29.58706
8240.	8250.	28.47383
8250.	8260.	28.43721
8260.	8270.	27.30462
8270.	8280.	28.59573
8280.	8290.	27.89052
8290.	8300.	27.67421
8300.	8310.	27.12174
8310.	8320.	27.15315
8320.	8330.	26.68993
8330.	8340.	26.89783
8340.	8350.	28.08694
8350.	8360.	26.69527
8360.	8370.	26.91826
8370.	8380.	26.36427
8380.	8390.	26.31266
8390.	8400.	26.21225
8400.	8410.	26.19285
8410.	8420.	26.02708
8420.	8430.	26.70074
8430.	8440.	24.85009
8440.	8450.	25.4563
8450.	8460.	24.98755
8460.	8470.	25.75996
8470.	8480.	23.99968
8480.	8490.	24.6459
8490.	8500.	24.28611
8500.	8510.	23.09779
8510.	8520.	24.08827
8520.	8530.	23.89359
8530.	8540.	22.75811
8540.	8550.	22.54058
8550.	8560.	23.93427
8560.	8570.	22.70216
8570.	8580.	22.241
8580.	8590.	22.43881
8590.	8600.	22.80495
8600.	8610.	22.35971
8610.	8620.	21.44059
8620.	8630.	22.18119
8630.	8640.	21.95599
8640.	8650.	21.71085
8650.	8660.	21.38925
8660.	8670.	20.84786
8670.	8680.	21.9945
8680.	8690.	21.28086
8690.	8700.	21.40837
8700.	8710.	20.17258
8710.	8720.	19.88718
8720.	8730.	21.11865
8730.	8740.	20.33313
8740.	8750.	20.03324
8750.	8760.	20.01912
8760.	8770.	19.63044
8770.	8780.	19.89327
8780.	8790.	19.24409
8790.	8800.	18.81026
8800.	8810.	19.00866
8810.	8820.	18.87407
8820.	8830.	18.813
8830.	8840.	19.18295
8840.	8850.	18.89897
8850.	8860.	17.78001
8860.	8870.	17.86189
8870.	8880.	17.92584
8880.	8890.	18.02308
8890.	8900.	17.72554
8900.	8910.	17.86378
8910.	8920.	17.13158
8920.	8930.	17.52126
8930.	8940.	17.00722
8940.	8950.	16.57068
8950.	8960.	17.1228
8960.	8970.	16.66684
8970.	8980.	16.39456
8980.	8990.	16.34274
8990.	9000.	15.76924
9000.	9010.	15.61652
9010.	9020.	15.70648
9020.	9030.	15.63577
9030.	9040.	15.33676
9040.	9050.	15.43201
9050.	9060.	14.65318
9060.	9070.	15.49612
9070.	9080.	14.40603
9080.	9090.	15.02683
9090.	9100.	14.75381
9100.	9110.	13.86644
9110.	9120.	15.09098
9120.	9130.	14.50408
9130.	9140.	13.58096
9140.	9150.	14.07238
9150.	9160.	13.75052
9160.	9170.	13.24383
9170.	9180.	13.33973
9180.	9190.	13.04076
9190.	9200.	12.71786
9200.	9210.	12.40307
9210.	9220.	12.43723
9220.	9230.	12.66808
9230.	9240.	12.50113
9240.	9250.	12.17911
9250.	9260.	11.98125
9260.	9270.	12.25038
9270.	9280.	11.54862
9280.	9290.	11.91368
9290.	9300.	11.68392
9300.	9310.	10.80402
9310.	9320.	11.55313
9320.	9330.	10.92507
9330.	9340.	10.87279
9340.	9350.	11.30311
9350.	9360.	10.47275
9360.	9370.	10.25804
9370.	9380.	9.901278
9380.	9390.	10.40433
9390.	9400.	9.861235
9400.	9410.	10.39122
9410.	9420.	9.764488
9420.	9430.	9.686342
9430.	9440.	10.00488
9440.	9450.	9.02788
9450.	9460.	9.14418
9460.	9470.	9.071044
9470.	9480.	8.817864
9480.	9490.	9.272689
9490.	9500.	8.214114
9500.	9510.	8.661363
9510.	9520.	8.402287
9520.	9530.	7.891733
9530.	9540.	7.88646
9540.	9550.	7.881405
9550.	9560.	7.661391
9560.	9570.	7.241259
9570.	9580.	7.587311
9580.	9590.	7.477419
9590.	9600.	6.86032
9600.	9610.	6.829709
9610.	9620.	6.864396
9620.	9630.	6.51763
9630.	9640.	6.363653
9640.	9650.	6.319664
9650.	9660.	6.276159
9660.	9670.	5.956204
9670.	9680.	5.942651
9680.	9690.	5.688554
9690.	9700.	5.326109
9700.	9710.	5.25451
9710.	9720.	5.321057
9720.	9730.	5.1517
9730.	9740.	4.500338
9740.	9750.	4.937001
9750.	9760.	4.535009
9760.	9770.	4.624423
9770.	9780.	3.96178
9780.	9790.	4.312186
9790.	9800.	3.794826
9800.	9810.	3.712689
9810.	9820.	3.719458
9820.	9830.	3.544924
9830.	9840.	3.589049
9840.	9850.	2.975084
9850.	9860.	2.944332
9860.	9870.	2.797391
9870.	9880.	2.68716
9880.	9890.	2.371827
9890.	9900.	2.149312
9900.	9910.	2.203283
9910.	9920.	1.894351
9920.	9930.	1.584041
9930.	9940.	1.409234
9940.	9950.	1.416668
9950.	9960.	1.015895
9960.	9970.	0.8076839
9970.	9980.	0.6208566
9980.	9990.	0.4310957
9990.	10000.	0.1668314
10000.	10010.	0.