-10.	0.	0.
0.	10.	0.
10.	20.	0.
20.	30.	0.
30.	40.	0.
40.	50.	0.
50.	60.	0.
60.	70.	0.
70.	80.	0.
80.	90.	0.
90.	100.	0.
100.	110.	0.
110.	120.	0.
120.	130.	0.
130.	140.	0.
140.	150.	0.
150.	160.	0.
160.	170.	0.
170.	180.	0.
180.	190.	0.
190.	200.	0.
200.	210.	0.
210.	220.	0.
220.	230.	0.
230.	240.	0.
240.	250.	0.
250.	260.	0.
260.	270.	0.
270.	280.	0.
280.	290.	0.
290.	300.	0.
300.	310.	0.
310.	320.	0.
320.	330.	0.
330.	340.	0.
340.	350.	171.2824
350.	360.	256.9235
360.	370.	685.1295
370.	380.	342.5647
380.	390.	513.8471
390.	400.	599.4883
400.	410.	1113.335
410.	420.	1027.694
420.	430.	856.4118
430.	440.	1198.977
440.	450.	1541.541
450.	460.	1027.694
460.	470.	1455.9
470.	480.	1284.618
480.	490.	1113.335
490.	500.	1198.977
500.	510.	513.8471
510.	520.	1113.335
520.	530.	1712.824
530.	540.	1284.618
540.	550.	1455.9
550.	560.	1455.9
560.	570.	1198.977
570.	580.	1712.824
580.	590.	1370.259
590.	600.	942.053
600.	610.	1198.977
610.	620.	1198.977
620.	630.	1627.182
630.	640.	1455.9
640.	650.	770.7706
650.	660.	1113.335
660.	670.	1284.618
670.	680.	1884.106
680.	690.	1113.335
690.	700.	1198.977
700.	710.	1027.694
710.	720.	1627.182
720.	730.	1541.541
730.	740.	1198.977
740.	750.	1541.541
750.	760.	1712.824
760.	770.	1198.977
770.	780.	942.053
780.	790.	1627.182
790.	800.	1798.465
800.	810.	2055.388
810.	820.	1712.824
820.	830.	1884.106
830.	840.	1969.747
840.	850.	1712.824
850.	860.	1541.541
860.	870.	1541.541
870.	880.	1027.694
880.	890.	1198.977
890.	900.	1198.977
900.	910.	2141.03
910.	920.	1455.9
920.	930.	2141.03
930.	940.	1198.977
940.	950.	1455.9
950.	960.	1027.694
960.	970.	770.7706
970.	980.	685.1295
980.	990.	1627.182
990.	1000.	1798.465
1000.	1010.	1541.541
1010.	1020.	2055.388
1020.	1030.	1541.541
1030.	1040.	1455.9
1040.	1050.	1798.465
1050.	1060.	1712.824
1060.	1070.	1627.182
1070.	1080.	1712.824
1080.	1090.	1113.335
1090.	1100.	1541.541
1100.	1110.	1455.9
1110.	1120.	1798.465
1120.	1130.	1370.259
1130.	1140.	1884.106
1140.	1150.	1969.747
1150.	1160.	2141.03
1160.	1170.	1027.694
1170.	1180.	2226.671
1180.	1190.	1198.977
1190.	1200.	1884.106
1200.	1210.	1198.977
1210.	1220.	1198.977
1220.	1230.	1627.182
1230.	1240.	1969.747
1240.	1250.	1798.465
1250.	1260.	1370.259
1260.	1270.	1455.9
1270.	1280.	1113.335
1280.	1290.	1027.694
1290.	1300.	1370.259
1300.	1310.	1284.618
1310.	1320.	1455.9
1320.	1330.	1541.541
1330.	1340.	1198.977
1340.	1350.	1284.618
1350.	1360.	1027.694
1360.	1370.	1969.747
1370.	1380.	1541.541
1380.	1390.	1455.9
1390.	1400.	1027.694
1400.	1410.	1712.824
1410.	1420.	1455.9
1420.	1430.	1370.259
1430.	1440.	1027.694
1440.	1450.	942.053
1450.	1460.	2141.03
1460.	1470.	1455.9
1470.	1480.	1455.9
1480.	1490.	1712.824
1490.	1500.	1284.618
1500.	1510.	1178.327
1510.	1520.	1467.278
1520.	1530.	1184.762
1530.	1540.	1297.169
1540.	1550.	1181.66
1550.	1560.	1218.308
1560.	1570.	1313.705
1570.	1580.	804.5963
1580.	1590.	845.4043
1590.	1600.	1195.682
1600.	1610.	1285.923
1610.	1620.	1302.211
1620.	1630.	1261.819
1630.	1640.	557.2639
1640.	1650.	1399.847
1650.	1660.	1363.299
1660.	1670.	1068.64
1670.	1680.	1083.537
1680.	1690.	1337.609
1690.	1700.	603.9481
1700.	1710.	674.4551
1710.	1720.	1136.676
1720.	1730.	1319.86
1730.	1740.	1199.691
1740.	1750.	926.488
1750.	1760.	1133.124
1760.	1770.	1217.942
1770.	1780.	1072.076
1780.	1790.	1041.75
1790.	1800.	835.868
1800.	1810.	848.1765
1810.	1820.	859.7024
1820.	1830.	1027.426
1830.	1840.	1281.845
1840.	1850.	1339.77
1850.	1860.	977.8295
1860.	1870.	863.9723
1870.	1880.	813.6801
1880.	1890.	1011.584
1890.	1900.	743.8303
1900.	1910.	958.5603
1910.	1920.	732.4177
1920.	1930.	885.1297
1930.	1940.	1173.324
1940.	1950.	937.1296
1950.	1960.	888.1246
1960.	1970.	1198.788
1970.	1980.	1105.149
1980.	1990.	1076.08
1990.	2000.	1338.526
2000.	2010.	1085.234
2010.	2020.	803.3792
2020.	2030.	1453.878
2030.	2040.	874.6725
2040.	2050.	926.4886
2050.	2060.	727.8054
2060.	2070.	744.0502
2070.	2080.	862.0863
2080.	2090.	1105.685
2090.	2100.	756.4592
2100.	2110.	865.1685
2110.	2120.	905.5867
2120.	2130.	1022.071
2130.	2140.	747.497
2140.	2150.	845.6683
2150.	2160.	826.722
2160.	2170.	779.8254
2170.	2180.	641.3001
2180.	2190.	939.158
2190.	2200.	816.2214
2200.	2210.	860.6636
2210.	2220.	903.0303
2220.	2230.	871.6585
2230.	2240.	945.2879
2240.	2250.	684.2817
2250.	2260.	991.3056
2260.	2270.	938.1881
2270.	2280.	737.193
2280.	2290.	814.8453
2290.	2300.	878.5539
2300.	2310.	859.954
2310.	2320.	713.3221
2320.	2330.	785.7993
2330.	2340.	692.9151
2340.	2350.	879.5111
2350.	2360.	951.9517
2360.	2370.	800.5545
2370.	2380.	731.1338
2380.	2390.	691.1585
2390.	2400.	882.6247
2400.	2410.	678.9291
2410.	2420.	768.8467
2420.	2430.	666.3627
2430.	2440.	843.0359
2440.	2450.	781.4381
2450.	2460.	860.4149
2460.	2470.	707.0784
2470.	2480.	672.6016
2480.	2490.	877.4938
2490.	2500.	719.7448
2500.	2510.	672.2083
2510.	2520.	691.5738
2520.	2530.	722.3556
2530.	2540.	770.2763
2540.	2550.	694.567
2550.	2560.	722.9625
2560.	2570.	697.2711
2570.	2580.	626.1328
2580.	2590.	647.879
2590.	2600.	663.7545
2600.	2610.	612.8863
2610.	2620.	643.4639
2620.	2630.	783.3766
2630.	2640.	696.5939
2640.	2650.	608.1757
2650.	2660.	705.0493
2660.	2670.	638.11
2670.	2680.	806.7614
2680.	2690.	699.0807
2690.	2700.	599.5356
2700.	2710.	678.4411
2710.	2720.	639.4268
2720.	2730.	727.2056
2730.	2740.	662.7815
2740.	2750.	613.4078
2750.	2760.	656.0422
2760.	2770.	627.7688
2770.	2780.	513.8652
2780.	2790.	698.7588
2790.	2800.	644.4776
2800.	2810.	648.0344
2810.	2820.	632.7965
2820.	2830.	581.7083
2830.	2840.	539.7897
2840.	2850.	572.1402
2850.	2860.	555.8748
2860.	2870.	650.3147
2870.	2880.	784.0189
2880.	2890.	598.6609
2890.	2900.	530.9629
2900.	2910.	634.7258
2910.	2920.	565.358
2920.	2930.	610.4321
2930.	2940.	567.1208
2940.	2950.	639.6998
2950.	2960.	568.6009
2960.	2970.	556.6372
2970.	2980.	563.7756
2980.	2990.	542.9438
2990.	3000.	628.6504
3000.	3010.	575.875
3010.	3020.	626.584
3020.	3030.	577.7835
3030.	3040.	600.9656
3040.	3050.	593.8044
3050.	3060.	557.1168
3060.	3070.	517.1073
3070.	3080.	544.0729
3080.	3090.	551.6415
3090.	3100.	540.5741
3100.	3110.	531.7238
3110.	3120.	594.1014
3120.	3130.	517.2299
3130.	3140.	530.4123
3140.	3150.	534.8895
3150.	3160.	536.8751
3160.	3170.	495.5266
3170.	3180.	533.9163
3180.	3190.	466.4802
3190.	3200.	529.2672
3200.	3210.	490.4664
3210.	3220.	490.3309
3220.	3230.	555.5589
3230.	3240.	528.4509
3240.	3250.	549.36
3250.	3260.	425.4028
3260.	3270.	510.1507
3270.	3280.	524.8044
3280.	3290.	535.5128
3290.	3300.	477.3075
3300.	3310.	509.5877
3310.	3320.	502.0666
3320.	3330.	476.8849
3330.	3340.	443.1636
3340.	3350.	475.2809
3350.	3360.	515.5477
3360.	3370.	503.7124
3370.	3380.	470.6858
3380.	3390.	518.0542
3390.	3400.	459.8491
3400.	3410.	424.6566
3410.	3420.	442.5296
3420.	3430.	452.4711
3430.	3440.	459.7511
3440.	3450.	474.4601
3450.	3460.	442.5382
3460.	3470.	428.249
3470.	3480.	445.2532
3480.	3490.	417.4152
3490.	3500.	414.1903
3500.	3510.	447.426
3510.	3520.	454.4967
3520.	3530.	469.6092
3530.	3540.	432.4214
3540.	3550.	411.1294
3550.	3560.	445.6581
3560.	3570.	451.6215
3570.	3580.	426.501
3580.	3590.	464.7879
3590.	3600.	426.8089
3600.	3610.	450.6799
3610.	3620.	399.1641
3620.	3630.	425.9792
3630.	3640.	420.18
3640.	3650.	393.0942
3650.	3660.	426.7441
3660.	3670.	430.8904
3670.	3680.	398.7694
3680.	3690.	384.7164
3690.	3700.	387.2264
3700.	3710.	381.0037
3710.	3720.	386.9964
3720.	3730.	400.7836
3730.	3740.	420.4442
3740.	3750.	411.5494
3750.	3760.	404.3559
3760.	3770.	404.7927
3770.	3780.	391.0635
3780.	3790.	388.516
3790.	3800.	375.1052
3800.	3810.	366.9359
3810.	3820.	391.9286
3820.	3830.	362.9856
3830.	3840.	365.3387
3840.	3850.	343.6303
3850.	3860.	371.3113
3860.	3870.	366.372
3870.	3880.	375.8747
3880.	3890.	360.687
3890.	3900.	373.6792
3900.	3910.	360.4148
3910.	3920.	364.8771
3920.	3930.	397.2102
3930.	3940.	366.0845
3940.	3950.	362.1181
3950.	3960.	347.3335
3960.	3970.	343.7804
3970.	3980.	331.5995
3980.	3990.	318.9845
3990.	4000.	364.3435
4000.	4010.	334.5295
4010.	4020.	359.087
4020.	4030.	347.804
4030.	4040.	342.3559
4040.	4050.	324.2811
4050.	4060.	309.0513
4060.	4070.	291.2101
4070.	4080.	330.4489
4080.	4090.	336.157
4090.	4100.	334.258
4100.	4110.	307.9811
4110.	4120.	344.4509
4120.	4130.	337.6217
4130.	4140.	323.272
4140.	4150.	325.2997
4150.	4160.	321.4148
4160.	4170.	306.1538
4170.	4180.	308.6428
4180.	4190.	319.1822
4190.	4200.	318.3443
4200.	4210.	313.1729
4210.	4220.	305.5037
4220.	4230.	314.473
4230.	4240.	312.2584
4240.	4250.	314.6356
4250.	4260.	305.8232
4260.	4270.	304.1361
4270.	4280.	307.9152
4280.	4290.	292.1749
4290.	4300.	290.0917
4300.	4310.	278.3217
4310.	4320.	301.2624
4320.	4330.	281.8333
4330.	4340.	283.3087
4340.	4350.	301.1055
4350.	4360.	305.5436
4360.	4370.	290.1914
4370.	4380.	260.0542
4380.	4390.	278.3439
4390.	4400.	276.0174
4400.	4410.	288.9766
4410.	4420.	272.8944
4420.	4430.	286.6936
4430.	4440.	284.2845
4440.	4450.	278.4814
4450.	4460.	283.9028
4460.	4470.	281.8115
4470.	4480.	279.4531
4480.	4490.	266.9993
4490.	4500.	272.9431
4500.	4510.	267.7852
4510.	4520.	284.6033
4520.	4530.	268.3921
4530.	4540.	270.915
4540.	4550.	255.8418
4550.	4560.	262.3959
4560.	4570.	284.7685
4570.	4580.	257.6315
4580.	4590.	261.5914
4590.	4600.	255.1926
4600.	4610.	261.895
4610.	4620.	244.8093
4620.	4630.	266.1172
4630.	4640.	245.652
4640.	4650.	245.7293
4650.	4660.	259.4719
4660.	4670.	257.5658
4670.	4680.	250.7679
4680.	4690.	248.1166
4690.	4700.	250.3149
4700.	4710.	236.6315
4710.	4720.	257.8562
4720.	4730.	251.5661
4730.	4740.	245.0955
4740.	4750.	221.1728
4750.	4760.	234.3966
4760.	4770.	239.8483
4770.	4780.	239.7276
4780.	4790.	236.9333
4790.	4800.	233.9857
4800.	4810.	235.378
4810.	4820.	223.1207
4820.	4830.	227.5242
4830.	4840.	220.0182
4840.	4850.	229.7302
4850.	4860.	219.1494
4860.	4870.	229.5496
4870.	4880.	219.6484
4880.	4890.	245.6931
4890.	4900.	230.7265
4900.	4910.	226.5454
4910.	4920.	226.9766
4920.	4930.	222.647
4930.	4940.	212.3633
4940.	4950.	223.2686
4950.	4960.	226.6784
4960.	4970.	221.8151
4970.	4980.	213.7897
4980.	4990.	213.3462
4990.	5000.	212.5378
5000.	5010.	209.3564
5010.	5020.	215.2797
5020.	5030.	204.8028
5030.	5040.	213.4334
5040.	5050.	223.4702
5050.	5060.	205.3048
5060.	5070.	215.9554
5070.	5080.	214.4471
5080.	5090.	214.4325
5090.	5100.	215.773
5100.	5110.	193.0311
5110.	5120.	197.6472
5120.	5130.	196.293
5130.	5140.	205.6325
5140.	5150.	196.4679
5150.	5160.	209.0116
5160.	5170.	192.5126
5170.	5180.	190.1216
5180.	5190.	193.8632
5190.	5200.	202.6207
5200.	5210.	193.8876
5210.	5220.	189.1682
5220.	5230.	196.1956
5230.	5240.	194.5031
5240.	5250.	187.9135
5250.	5260.	192.0101
5260.	5270.	195.4923
5270.	5280.	206.3606
5280.	5290.	188.0168
5290.	5300.	194.1974
5300.	5310.	183.242
5310.	5320.	187.2206
5320.	5330.	192.276
5330.	5340.	189.9071
5340.	5350.	186.933
5350.	5360.	185.1856
5360.	5370.	187.7128
5370.	5380.	179.1545
5380.	5390.	169.7508
5390.	5400.	170.48
5400.	5410.	181.0005
5410.	5420.	177.2656
5420.	5430.	181.1697
5430.	5440.	182.5346
5440.	5450.	174.8774
5450.	5460.	176.3823
5460.	5470.	174.501
5470.	5480.	167.4716
5480.	5490.	177.7594
5490.	5500.	162.6603
5500.	5510.	166.5683
5510.	5520.	165.2038
5520.	5530.	168.8798
5530.	5540.	165.3755
5540.	5550.	166.3921
5550.	5560.	165.0078
5560.	5570.	173.6312
5570.	5580.	160.0179
5580.	5590.	162.7619
5590.	5600.	163.8185
5600.	5610.	166.3399
5610.	5620.	164.0656
5620.	5630.	165.8294
5630.	5640.	159.3445
5640.	5650.	157.7009
5650.	5660.	158.1223
5660.	5670.	155.2687
5670.	5680.	155.5826
5680.	5690.	152.4281
5690.	5700.	157.5
5700.	5710.	147.325
5710.	5720.	147.113
5720.	5730.	153.6634
5730.	5740.	145.0866
5740.	5750.	150.9883
5750.	5760.	148.7499
5760.	5770.	151.8607
5770.	5780.	142.1387
5780.	5790.	144.9322
5790.	5800.	143.7008
5800.	5810.	151.7493
5810.	5820.	146.3171
5820.	5830.	141.4766
5830.	5840.	141.9186
5840.	5850.	151.4625
5850.	5860.	138.547
5860.	5870.	142.4532
5870.	5880.	137.8874
5880.	5890.	131.8379
5890.	5900.	136.8257
5900.	5910.	140.5685
5910.	5920.	135.6344
5920.	5930.	141.8879
5930.	5940.	135.2004
5940.	5950.	137.9163
5950.	5960.	132.8745
5960.	5970.	133.979
5970.	5980.	134.0634
5980.	5990.	129.1637
5990.	6000.	128.0807
6000.	6010.	129.3359
6010.	6020.	131.7311
6020.	6030.	131.5501
6030.	6040.	129.8169
6040.	6050.	124.0581
6050.	6060.	126.2422
6060.	6070.	121.0202
6070.	6080.	133.3112
6080.	6090.	124.1792
6090.	6100.	125.4852
6100.	6110.	126.2289
6110.	6120.	129.5228
6120.	6130.	126.2884
6130.	6140.	121.73
6140.	6150.	120.9114
6150.	6160.	127.509
6160.	6170.	127.9394
6170.	6180.	122.1299
6180.	6190.	121.7935
6190.	6200.	119.7977
6200.	6210.	113.7647
6210.	6220.	117.9626
6220.	6230.	119.246
6230.	6240.	118.4283
6240.	6250.	111.1963
6250.	6260.	115.1187
6260.	6270.	118.5192
6270.	6280.	114.8986
6280.	6290.	114.7837
6290.	6300.	117.0442
6300.	6310.	110.1128
6310.	6320.	114.0353
6320.	6330.	111.595
6330.	6340.	111.5505
6340.	6350.	109.7898
6350.	6360.	110.3625
6360.	6370.	107.1905
6370.	6380.	113.5387
6380.	6390.	108.0394
6390.	6400.	107.6244
6400.	6410.	113.3526
6410.	6420.	108.9454
6420.	6430.	111.4908
6430.	6440.	107.1924
6440.	6450.	102.4623
6450.	6460.	105.3786
6460.	6470.	103.5412
6470.	6480.	107.5376
6480.	6490.	102.408
6490.	6500.	103.749
6500.	6510.	101.2265
6510.	6520.	103.5597
6520.	6530.	105.1351
6530.	6540.	102.7963
6540.	6550.	100.827
6550.	6560.	99.68902
6560.	6570.	100.0902
6570.	6580.	97.43427
6580.	6590.	96.11823
6590.	6600.	101.3382
6600.	6610.	97.30974
6610.	6620.	95.13413
6620.	6630.	98.14871
6630.	6640.	98.41781
6640.	6650.	98.52741
6650.	6660.	97.19544
6660.	6670.	94.8945
6670.	6680.	93.88851
6680.	6690.	91.04312
6690.	6700.	93.17107
6700.	6710.	92.85996
6710.	6720.	93.31376
6720.	6730.	90.07189
6730.	6740.	94.33758
6740.	6750.	91.11744
6750.	6760.	93.04431
6760.	6770.	88.49939
6770.	6780.	89.94243
6780.	6790.	89.05609
6790.	6800.	88.57633
6800.	6810.	86.36755
6810.	6820.	92.90565
6820.	6830.	89.18896
6830.	6840.	89.93249
6840.	6850.	86.69044
6850.	6860.	86.06096
6860.	6870.	84.71094
6870.	6880.	83.74977
6880.	6890.	84.90961
6890.	6900.	86.34437
6900.	6910.	82.81685
6910.	6920.	81.77593
6920.	6930.	84.24406
6930.	6940.	81.77457
6940.	6950.	80.4565
6950.	6960.	82.80278
6960.	6970.	81.77625
6970.	6980.	81.31106
6980.	6990.	81.73918
6990.	7000.	79.02384
7000.	7010.	81.15534
7010.	7020.	79.78153
7020.	7030.	80.548
7030.	7040.	78.46651
7040.	7050.	74.72718
7050.	7060.	77.91687
7060.	7070.	79.13615
7070.	7080.	74.29448
7080.	7090.	74.64223
7090.	7100.	75.81649
7100.	7110.	76.1488
7110.	7120.	75.00785
7120.	7130.	75.83218
7130.	7140.	72.76388
7140.	7150.	73.6564
7150.	7160.	74.32329
7160.	7170.	74.07979
7170.	7180.	73.4963
7180.	7190.	74.51219
7190.	7200.	73.89529
7200.	7210.	72.24922
7210.	7220.	72.44825
7220.	7230.	72.17723
7230.	7240.	69.94716
7240.	7250.	68.2876
7250.	7260.	69.34022
7260.	7270.	68.60575
7270.	7280.	68.64905
7280.	7290.	67.6377
7290.	7300.	67.3035
7300.	7310.	70.87238
7310.	7320.	66.88369
7320.	7330.	69.41807
7330.	7340.	67.01999
7340.	7350.	66.83649
7350.	7360.	67.77194
7360.	7370.	63.11566
7370.	7380.	67.1281
7380.	7390.	65.25287
7390.	7400.	65.07659
7400.	7410.	64.20161
7410.	7420.	65.74032
7420.	7430.	64.00251
7430.	7440.	63.40824
7440.	7450.	62.58048
7450.	7460.	62.50191
7460.	7470.	61.63614
7470.	7480.	62.83898
7480.	7490.	61.84084
7490.	7500.	60.85209
7500.	7510.	60.20062
7510.	7520.	58.79634
7520.	7530.	58.08234
7530.	7540.	60.40336
7540.	7550.	60.02888
7550.	7560.	60.6109
7560.	7570.	59.89599
7570.	7580.	59.55725
7580.	7590.	59.62782
7590.	7600.	56.3306
7600.	7610.	56.11576
7610.	7620.	54.14452
7620.	7630.	55.58047
7630.	7640.	56.80172
7640.	7650.	55.97826
7650.	7660.	56.40895
7660.	7670.	54.59078
7670.	7680.	55.28772
7680.	7690.	55.19542
7690.	7700.	51.63074
7700.	7710.	53.81294
7710.	7720.	54.34197
7720.	7730.	55.03267
7730.	7740.	53.03444
7740.	7750.	54.32722
7750.	7760.	54.04622
7760.	7770.	51.41894
7770.	7780.	53.49142
7780.	7790.	52.90428
7790.	7800.	50.27976
7800.	7810.	50.1855
7810.	7820.	49.81937
7820.	7830.	50.76361
7830.	7840.	50.8187
7840.	7850.	51.40959
7850.	7860.	49.8882
7860.	7870.	48.68727
7870.	7880.	49.28308
7880.	7890.	48.52046
7890.	7900.	49.06325
7900.	7910.	47.59135
7910.	7920.	47.5856
7920.	7930.	46.24437
7930.	7940.	48.39708
7940.	7950.	45.0284
7950.	7960.	47.30117
7960.	7970.	46.41769
7970.	7980.	46.7303
7980.	7990.	46.61935
7990.	8000.	42.78344
8000.	8010.	45.12572
8010.	8020.	42.70387
8020.	8030.	42.71561
8030.	8040.	43.74689
8040.	8050.	45.54129
8050.	8060.	45.22447
8060.	8070.	42.12213
8070.	8080.	42.71499
8080.	8090.	41.90365
8090.	8100.	44.26601
8100.	8110.	44.06925
8110.	8120.	43.05824
8120.	8130.	41.56184
8130.	8140.	40.90972
8140.	8150.	41.12762
8150.	8160.	41.27541
8160.	8170.	40.55822
8170.	8180.	39.66596
8180.	8190.	38.91237
8190.	8200.	40.40103
8200.	8210.	41.82975
8210.	8220.	38.43226
8220.	8230.	37.50842
8230.	8240.	38.51503
8240.	8250.	37.77183
8250.	8260.	38.2715
8260.	8270.	39.22298
8270.	8280.	38.23072
8280.	8290.	36.75208
8290.	8300.	36.64735
8300.	8310.	36.82287
8310.	8320.	37.52048
8320.	8330.	37.48915
8330.	8340.	36.26035
8340.	8350.	36.02681
8350.	8360.	36.99498
8360.	8370.	35.36279
8370.	8380.	34.03001
8380.	8390.	34.80169
8390.	8400.	33.72047
8400.	8410.	33.73849
8410.	8420.	35.00112
8420.	8430.	33.68986
8430.	8440.	32.85085
8440.	8450.	34.00608
8450.	8460.	33.32171
8460.	8470.	33.4568
8470.	8480.	33.19826
8480.	8490.	32.54714
8490.	8500.	32.37063
8500.	8510.	32.00428
8510.	8520.	30.62548
8520.	8530.	32.19344
8530.	8540.	32.56502
8540.	8550.	30.66266
8550.	8560.	29.48861
8560.	8570.	31.52249
8570.	8580.	32.09262
8580.	8590.	30.23505
8590.	8600.	29.79642
8600.	8610.	28.23202
8610.	8620.	29.83461
8620.	8630.	29.13277
8630.	8640.	29.01643
8640.	8650.	29.30962
8650.	8660.	28.26785
8660.	8670.	28.35782
8670.	8680.	27.83806
8680.	8690.	27.87505
8690.	8700.	27.88462
8700.	8710.	27.34812
8710.	8720.	27.16483
8720.	8730.	27.25574
8730.	8740.	26.74049
8740.	8750.	26.54949
8750.	8760.	25.40082
8760.	8770.	25.90995
8770.	8780.	26.46314
8780.	8790.	26.49869
8790.	8800.	25.37304
8800.	8810.	24.88324
8810.	8820.	24.25404
8820.	8830.	24.60264
8830.	8840.	24.97189
8840.	8850.	23.43703
8850.	8860.	24.16508
8860.	8870.	23.91141
8870.	8880.	24.67433
8880.	8890.	24.30046
8890.	8900.	21.94528
8900.	8910.	24.06278
8910.	8920.	22.78465
8920.	8930.	23.55569
8930.	8940.	21.68648
8940.	8950.	21.78161
8950.	8960.	21.18572
8960.	8970.	22.07876
8970.	8980.	21.28582
8980.	8990.	20.70172
8990.	9000.	21.27179
9000.	9010.	20.64786
9010.	9020.	20.64272
9020.	9030.	20.51789
9030.	9040.	20.16719
9040.	9050.	19.85204
9050.	9060.	20.19056
9060.	9070.	19.56992
9070.	9080.	19.14511
9080.	9090.	19.43996
9090.	9100.	19.2081
9100.	9110.	18.72878
9110.	9120.	18.86309
9120.	9130.	18.37083
9130.	9140.	19.00581
9140.	9150.	18.31364
9150.	9160.	17.69634
9160.	9170.	17.45966
9170.	9180.	17.48454
9180.	9190.	17.68802
9190.	9200.	16.70031
9200.	9210.	16.70965
9210.	9220.	17.02987
9220.	9230.	16.00449
9230.	9240.	15.28695
9240.	9250.	15.07147
9250.	9260.	16.21483
9260.	9270.	15.66042
9270.	9280.	15.63353
9280.	9290.	14.48494
9290.	9300.	14.51985
9300.	9310.	14.67415
9310.	9320.	14.32697
9320.	9330.	14.49945
9330.	9340.	14.28514
9340.	9350.	14.29048
9350.	9360.	13.18803
9360.	9370.	13.67725
9370.	9380.	12.83234
9380.	9390.	12.98789
9390.	9400.	12.70537
9400.	9410.	13.10735
9410.	9420.	12.88811
9420.	9430.	13.02882
9430.	9440.	11.89952
9440.	9450.	12.34697
9450.	9460.	12.23057
9460.	9470.	11.66051
9470.	9480.	10.79737
9480.	9490.	11.46213
9490.	9500.	10.41518
9500.	9510.	10.92213
9510.	9520.	10.34808
9520.	9530.	10.60134
9530.	9540.	10.19088
9540.	9550.	9.998552
9550.	9560.	9.880854
9560.	9570.	9.691379
9570.	9580.	9.195796
9580.	9590.	9.38918
9590.	9600.	8.83658
9600.	9610.	9.187892
9610.	9620.	8.633549
9620.	9630.	8.999096
9630.	9640.	8.059405
9640.	9650.	8.06469
9650.	9660.	8.178142
9660.	9670.	7.24857
9670.	9680.	7.127046
9680.	9690.	7.273021
9690.	9700.	7.008419
9700.	9710.	6.534004
9710.	9720.	6.312461
9720.	9730.	6.414428
9730.	9740.	6.501027
9740.	9750.	5.81659
9750.	9760.	5.698692
9760.	9770.	5.478518
9770.	9780.	5.232436
9780.	9790.	5.423008
9790.	9800.	4.890875
9800.	9810.	4.801723
9810.	9820.	4.169751
9820.	9830.	4.141337
9830.	9840.	3.852014
9840.	9850.	4.064562
9850.	9860.	3.882869
9860.	9870.	3.619536
9870.	9880.	3.109463
9880.	9890.	3.135366
9890.	9900.	2.749123
9900.	9910.	2.346892
9910.	9920.	2.348423
9920.	9930.	2.087028
9930.	9940.	1.901749
9940.	9950.	1.517613
9950.	9960.	1.357092
9960.	9970.	1.158452
9970.	9980.	0.7375746
9980.	9990.	0.5176608
9990.	10000.	0.2088042
10000.	10010.	0.