-10.	0.	0.
0.	10.	0.
10.	20.	0.
20.	30.	0.
30.	40.	0.
40.	50.	0.
50.	60.	0.
60.	70.	0.
70.	80.	0.
80.	90.	0.
90.	100.	0.
100.	110.	0.
110.	120.	0.
120.	130.	0.
130.	140.	0.
140.	150.	0.
150.	160.	0.
160.	170.	0.
170.	180.	0.
180.	190.	0.
190.	200.	0.
200.	210.	0.
210.	220.	0.
220.	230.	0.
230.	240.	0.
240.	250.	0.
250.	260.	0.
260.	270.	0.
270.	280.	0.
280.	290.	0.
290.	300.	0.
300.	310.	0.
310.	320.	0.
320.	330.	0.
330.	340.	0.
340.	350.	0.
350.	360.	43.22789
360.	370.	43.22789
370.	380.	0.
380.	390.	43.22789
390.	400.	86.45579
400.	410.	43.22789
410.	420.	0.
420.	430.	43.22789
430.	440.	86.45579
440.	450.	43.22789
450.	460.	129.6837
460.	470.	129.6837
470.	480.	86.45579
480.	490.	0.
490.	500.	86.45579
500.	510.	216.1395
510.	520.	172.9116
520.	530.	43.22789
530.	540.	86.45579
540.	550.	86.45579
550.	560.	129.6837
560.	570.	129.6837
570.	580.	129.6837
580.	590.	129.6837
590.	600.	86.45579
600.	610.	43.22789
610.	620.	86.45579
620.	630.	216.1395
630.	640.	259.3674
640.	650.	129.6837
650.	660.	172.9116
660.	670.	129.6837
670.	680.	129.6837
680.	690.	259.3674
690.	700.	172.9116
700.	710.	86.45579
710.	720.	259.3674
720.	730.	172.9116
730.	740.	302.5953
740.	750.	216.1395
750.	760.	216.1395
760.	770.	86.45579
770.	780.	216.1395
780.	790.	259.3674
790.	800.	86.45579
800.	810.	172.9116
810.	820.	302.5953
820.	830.	345.8232
830.	840.	432.2789
840.	850.	86.45579
850.	860.	345.8232
860.	870.	475.5068
870.	880.	259.3674
880.	890.	86.45579
890.	900.	216.1395
900.	910.	172.9116
910.	920.	302.5953
920.	930.	129.6837
930.	940.	345.8232
940.	950.	129.6837
950.	960.	389.051
960.	970.	302.5953
970.	980.	172.9116
980.	990.	302.5953
990.	1000.	259.3674
1000.	1010.	172.9116
1010.	1020.	302.5953
1020.	1030.	302.5953
1030.	1040.	432.2789
1040.	1050.	259.3674
1050.	1060.	389.051
1060.	1070.	389.051
1070.	1080.	216.1395
1080.	1090.	389.051
1090.	1100.	345.8232
1100.	1110.	345.8232
1110.	1120.	259.3674
1120.	1130.	216.1395
1130.	1140.	259.3674
1140.	1150.	345.8232
1150.	1160.	216.1395
1160.	1170.	172.9116
1170.	1180.	302.5953
1180.	1190.	259.3674
1190.	1200.	259.3674
1200.	1210.	259.3674
1210.	1220.	389.051
1220.	1230.	345.8232
1230.	1240.	302.5953
1240.	1250.	432.2789
1250.	1260.	345.8232
1260.	1270.	259.3674
1270.	1280.	259.3674
1280.	1290.	302.5953
1290.	1300.	172.9116
1300.	1310.	86.45579
1310.	1320.	259.3674
1320.	1330.	259.3674
1330.	1340.	345.8232
1340.	1350.	259.3674
1350.	1360.	432.2789
1360.	1370.	345.8232
1370.	1380.	345.8232
1380.	1390.	302.5953
1390.	1400.	345.8232
1400.	1410.	216.1395
1410.	1420.	129.6837
1420.	1430.	561.9626
1430.	1440.	345.8232
1440.	1450.	302.5953
1450.	1460.	561.9626
1460.	1470.	302.5953
1470.	1480.	216.1395
1480.	1490.	432.2789
1490.	1500.	345.8232
1500.	1510.	469.5312
1510.	1520.	414.3067
1520.	1530.	437.1438
1530.	1540.	270.0676
1540.	1550.	372.8114
1550.	1560.	359.8593
1560.	1570.	278.3351
1570.	1580.	339.4751
1580.	1590.	295.8892
1590.	1600.	254.229
1600.	1610.	431.5618
1610.	1620.	239.0963
1620.	1630.	346.9997
1630.	1640.	225.2541
1640.	1650.	190.4524
1650.	1660.	158.6355
1660.	1670.	180.0748
1670.	1680.	222.889
1680.	1690.	364.9451
1690.	1700.	398.6142
1700.	1710.	296.3843
1710.	1720.	311.0204
1720.	1730.	258.2092
1730.	1740.	355.657
1740.	1750.	426.7371
1750.	1760.	276.047
1760.	1770.	286.579
1770.	1780.	352.9251
1780.	1790.	181.3385
1790.	1800.	211.5537
1800.	1810.	171.5826
1810.	1820.	316.883
1820.	1830.	275.7698
1830.	1840.	268.6764
1840.	1850.	354.1629
1850.	1860.	344.1964
1860.	1870.	334.8394
1870.	1880.	269.1355
1880.	1890.	455.2982
1890.	1900.	281.8307
1900.	1910.	418.7022
1910.	1920.	292.9335
1920.	1930.	210.5432
1930.	1940.	253.9239
1940.	1950.	364.9934
1950.	1960.	332.7103
1960.	1970.	313.2036
1970.	1980.	163.6478
1980.	1990.	191.389
1990.	2000.	342.3247
2000.	2010.	314.0455
2010.	2020.	365.9803
2020.	2030.	269.4543
2030.	2040.	329.0349
2040.	2050.	366.5586
2050.	2060.	277.6075
2060.	2070.	175.1331
2070.	2080.	299.377
2080.	2090.	249.8732
2090.	2100.	276.2514
2100.	2110.	277.4239
2110.	2120.	333.3377
2120.	2130.	197.1551
2130.	2140.	310.7227
2140.	2150.	274.731
2150.	2160.	268.3621
2160.	2170.	221.0803
2170.	2180.	249.7282
2180.	2190.	329.3804
2190.	2200.	270.837
2200.	2210.	220.8163
2210.	2220.	301.6935
2220.	2230.	264.9164
2230.	2240.	276.5546
2240.	2250.	258.9551
2250.	2260.	286.2998
2260.	2270.	335.8125
2270.	2280.	204.7296
2280.	2290.	311.3429
2290.	2300.	231.5477
2300.	2310.	297.6527
2310.	2320.	222.0858
2320.	2330.	275.4359
2330.	2340.	255.0047
2340.	2350.	249.756
2350.	2360.	212.9924
2360.	2370.	301.5806
2370.	2380.	204.2173
2380.	2390.	255.3982
2390.	2400.	266.4002
2400.	2410.	232.6351
2410.	2420.	239.9577
2420.	2430.	320.9161
2430.	2440.	222.4144
2440.	2450.	259.385
2450.	2460.	283.2504
2460.	2470.	248.6871
2470.	2480.	244.0834
2480.	2490.	263.8403
2490.	2500.	231.0014
2500.	2510.	242.7092
2510.	2520.	267.452
2520.	2530.	249.3154
2530.	2540.	203.8557
2540.	2550.	292.1419
2550.	2560.	250.0666
2560.	2570.	274.9727
2570.	2580.	234.7388
2580.	2590.	244.5485
2590.	2600.	184.0488
2600.	2610.	235.3966
2610.	2620.	252.4019
2620.	2630.	268.379
2630.	2640.	209.2516
2640.	2650.	240.8466
2650.	2660.	189.213
2660.	2670.	246.848
2670.	2680.	232.3177
2680.	2690.	204.6276
2690.	2700.	256.3131
2700.	2710.	237.8592
2710.	2720.	209.3431
2720.	2730.	231.6856
2730.	2740.	272.5215
2740.	2750.	250.7583
2750.	2760.	229.6003
2760.	2770.	233.4303
2770.	2780.	225.4756
2780.	2790.	237.2148
2790.	2800.	236.948
2800.	2810.	221.1021
2810.	2820.	222.9072
2820.	2830.	216.9623
2830.	2840.	222.2478
2840.	2850.	206.1107
2850.	2860.	261.1432
2860.	2870.	224.4543
2870.	2880.	205.5786
2880.	2890.	221.695
2890.	2900.	205.0973
2900.	2910.	217.3879
2910.	2920.	205.9856
2920.	2930.	214.6396
2930.	2940.	207.9749
2940.	2950.	195.48
2950.	2960.	224.3625
2960.	2970.	200.509
2970.	2980.	216.9143
2980.	2990.	193.9979
2990.	3000.	204.2133
3000.	3010.	194.2533
3010.	3020.	212.2043
3020.	3030.	198.3039
3030.	3040.	193.6582
3040.	3050.	189.3227
3050.	3060.	193.6823
3060.	3070.	212.4347
3070.	3080.	193.5231
3080.	3090.	200.8083
3090.	3100.	195.2291
3100.	3110.	195.6088
3110.	3120.	185.7728
3120.	3130.	195.0638
3130.	3140.	179.9656
3140.	3150.	210.1674
3150.	3160.	186.8529
3160.	3170.	196.3392
3170.	3180.	211.5797
3180.	3190.	204.3503
3190.	3200.	195.1864
3200.	3210.	202.8749
3210.	3220.	200.7012
3220.	3230.	191.8945
3230.	3240.	192.7925
3240.	3250.	221.622
3250.	3260.	186.7794
3260.	3270.	179.597
3270.	3280.	206.492
3280.	3290.	173.3993
3290.	3300.	195.1977
3300.	3310.	219.0357
3310.	3320.	163.29
3320.	3330.	199.4549
3330.	3340.	178.1962
3340.	3350.	190.4943
3350.	3360.	178.3689
3360.	3370.	171.9543
3370.	3380.	193.5069
3380.	3390.	162.4487
3390.	3400.	167.4169
3400.	3410.	166.3696
3410.	3420.	183.0293
3420.	3430.	195.7452
3430.	3440.	183.2277
3440.	3450.	157.5589
3450.	3460.	180.0037
3460.	3470.	169.5622
3470.	3480.	165.152
3480.	3490.	151.358
3490.	3500.	176.8373
3500.	3510.	175.0715
3510.	3520.	178.6235
3520.	3530.	174.2951
3530.	3540.	169.9947
3540.	3550.	155.3273
3550.	3560.	176.8642
3560.	3570.	172.7325
3570.	3580.	175.977
3580.	3590.	152.4065
3590.	3600.	165.667
3600.	3610.	166.0664
3610.	3620.	170.6693
3620.	3630.	172.0068
3630.	3640.	172.2562
3640.	3650.	163.3043
3650.	3660.	161.5587
3660.	3670.	175.7396
3670.	3680.	158.1631
3680.	3690.	164.7531
3690.	3700.	156.3433
3700.	3710.	164.5561
3710.	3720.	159.0536
3720.	3730.	178.0852
3730.	3740.	173.4058
3740.	3750.	163.5719
3750.	3760.	138.5059
3760.	3770.	164.9022
3770.	3780.	145.1052
3780.	3790.	153.8033
3790.	3800.	157.6537
3800.	3810.	156.861
3810.	3820.	164.0795
3820.	3830.	161.1862
3830.	3840.	159.1071
3840.	3850.	153.5447
3850.	3860.	160.378
3860.	3870.	146.9061
3870.	3880.	147.2658
3880.	3890.	149.0928
3890.	3900.	153.4287
3900.	3910.	145.7161
3910.	3920.	157.8181
3920.	3930.	158.6015
3930.	3940.	157.9622
3940.	3950.	142.9205
3950.	3960.	148.9423
3960.	3970.	145.048
3970.	3980.	147.5265
3980.	3990.	149.5702
3990.	4000.	144.8303
4000.	4010.	141.1159
4010.	4020.	136.8484
4020.	4030.	136.9983
4030.	4040.	137.7627
4040.	4050.	139.1764
4050.	4060.	136.5131
4060.	4070.	145.225
4070.	4080.	148.118
4080.	4090.	130.458
4090.	4100.	138.7778
4100.	4110.	129.8447
4110.	4120.	143.2916
4120.	4130.	143.7644
4130.	4140.	135.2649
4140.	4150.	132.5129
4150.	4160.	132.0388
4160.	4170.	135.1215
4170.	4180.	130.1576
4180.	4190.	146.7553
4190.	4200.	134.3886
4200.	4210.	133.0761
4210.	4220.	133.7383
4220.	4230.	133.3879
4230.	4240.	140.0086
4240.	4250.	126.9345
4250.	4260.	129.1838
4260.	4270.	144.6509
4270.	4280.	135.8587
4280.	4290.	125.2044
4290.	4300.	127.8373
4300.	4310.	128.3238
4310.	4320.	118.5043
4320.	4330.	133.5996
4330.	4340.	120.0622
4340.	4350.	141.1526
4350.	4360.	133.278
4360.	4370.	130.5114
4370.	4380.	119.3848
4380.	4390.	126.1556
4390.	4400.	115.8858
4400.	4410.	117.1855
4410.	4420.	113.0747
4420.	4430.	114.9155
4430.	4440.	121.6731
4440.	4450.	119.564
4450.	4460.	121.7906
4460.	4470.	118.3736
4470.	4480.	128.7729
4480.	4490.	119.5605
4490.	4500.	109.6337
4500.	4510.	120.2901
4510.	4520.	123.0233
4520.	4530.	110.2215
4530.	4540.	123.7092
4540.	4550.	113.5761
4550.	4560.	111.1716
4560.	4570.	103.6716
4570.	4580.	111.2004
4580.	4590.	112.1149
4590.	4600.	125.0017
4600.	4610.	113.8398
4610.	4620.	108.8043
4620.	4630.	109.9938
4630.	4640.	111.8803
4640.	4650.	103.7078
4650.	4660.	106.486
4660.	4670.	112.9047
4670.	4680.	110.7083
4680.	4690.	103.5598
4690.	4700.	111.3753
4700.	4710.	105.1897
4710.	4720.	110.0108
4720.	4730.	104.8095
4730.	4740.	106.4867
4740.	4750.	107.4003
4750.	4760.	106.4143
4760.	4770.	108.9284
4770.	4780.	108.3027
4780.	4790.	104.9635
4790.	4800.	105.2928
4800.	4810.	103.8214
4810.	4820.	106.8011
4820.	4830.	100.935
4830.	4840.	108.8329
4840.	4850.	105.8821
4850.	4860.	98.56839
4860.	4870.	105.0299
4870.	4880.	98.84253
4880.	4890.	101.4853
4890.	4900.	101.4998
4900.	4910.	99.44126
4910.	4920.	99.56202
4920.	4930.	100.713
4930.	4940.	102.6269
4940.	4950.	94.57646
4950.	4960.	99.59924
4960.	4970.	95.29684
4970.	4980.	97.56943
4980.	4990.	103.0014
4990.	5000.	95.96626
5000.	5010.	102.7456
5010.	5020.	102.4654
5020.	5030.	99.08916
5030.	5040.	96.78259
5040.	5050.	93.52431
5050.	5060.	96.16356
5060.	5070.	90.50729
5070.	5080.	95.27261
5080.	5090.	92.7022
5090.	5100.	89.12004
5100.	5110.	94.95912
5110.	5120.	93.47555
5120.	5130.	95.1523
5130.	5140.	87.25209
5140.	5150.	89.50554
5150.	5160.	91.79516
5160.	5170.	86.99416
5170.	5180.	88.17372
5180.	5190.	93.99934
5190.	5200.	95.78842
5200.	5210.	89.70158
5210.	5220.	87.41777
5220.	5230.	86.7396
5230.	5240.	89.58596
5240.	5250.	84.44003
5250.	5260.	85.59051
5260.	5270.	85.29325
5270.	5280.	85.11628
5280.	5290.	80.73663
5290.	5300.	79.72769
5300.	5310.	89.12187
5310.	5320.	84.20719
5320.	5330.	81.03875
5330.	5340.	87.42158
5340.	5350.	87.56587
5350.	5360.	81.0954
5360.	5370.	82.57358
5370.	5380.	85.89517
5380.	5390.	81.63534
5390.	5400.	80.58358
5400.	5410.	82.46841
5410.	5420.	80.6581
5420.	5430.	77.40362
5430.	5440.	79.60242
5440.	5450.	76.06192
5450.	5460.	79.02826
5460.	5470.	79.32763
5470.	5480.	77.86455
5480.	5490.	77.1587
5490.	5500.	78.69475
5500.	5510.	75.05103
5510.	5520.	76.76328
5520.	5530.	77.40527
5530.	5540.	78.80103
5540.	5550.	77.39461
5550.	5560.	70.99365
5560.	5570.	75.34514
5570.	5580.	75.27777
5580.	5590.	77.86323
5590.	5600.	75.91344
5600.	5610.	74.65023
5610.	5620.	76.15894
5620.	5630.	72.6871
5630.	5640.	77.07791
5640.	5650.	74.62017
5650.	5660.	73.5675
5660.	5670.	72.07773
5670.	5680.	73.4463
5680.	5690.	75.73474
5690.	5700.	71.78304
5700.	5710.	72.7456
5710.	5720.	72.13709
5720.	5730.	68.32382
5730.	5740.	70.85671
5740.	5750.	71.32601
5750.	5760.	71.554
5760.	5770.	69.28556
5770.	5780.	70.26261
5780.	5790.	66.63187
5790.	5800.	66.76603
5800.	5810.	70.61542
5810.	5820.	67.18981
5820.	5830.	69.75586
5830.	5840.	70.17838
5840.	5850.	66.35442
5850.	5860.	68.68967
5860.	5870.	69.76176
5870.	5880.	64.06968
5880.	5890.	67.94281
5890.	5900.	67.27972
5900.	5910.	64.19503
5910.	5920.	65.41636
5920.	5930.	66.57554
5930.	5940.	66.36823
5940.	5950.	63.87075
5950.	5960.	63.24634
5960.	5970.	61.76485
5970.	5980.	65.30466
5980.	5990.	62.79167
5990.	6000.	64.94998
6000.	6010.	64.95244
6010.	6020.	61.41089
6020.	6030.	62.80738
6030.	6040.	64.38085
6040.	6050.	62.75165
6050.	6060.	62.07323
6060.	6070.	61.56449
6070.	6080.	62.84099
6080.	6090.	58.82567
6090.	6100.	57.94567
6100.	6110.	60.45882
6110.	6120.	59.69843
6120.	6130.	62.37374
6130.	6140.	59.97755
6140.	6150.	60.16939
6150.	6160.	59.41762
6160.	6170.	58.82708
6170.	6180.	60.9824
6180.	6190.	58.3573
6190.	6200.	57.81629
6200.	6210.	57.52811
6210.	6220.	56.57228
6220.	6230.	59.90886
6230.	6240.	57.48385
6240.	6250.	56.54772
6250.	6260.	56.56871
6260.	6270.	57.34139
6270.	6280.	54.48826
6280.	6290.	56.67289
6290.	6300.	56.21918
6300.	6310.	57.02712
6310.	6320.	56.12184
6320.	6330.	55.09258
6330.	6340.	54.17847
6340.	6350.	56.72267
6350.	6360.	56.43725
6360.	6370.	54.58105
6370.	6380.	52.34621
6380.	6390.	50.94837
6390.	6400.	53.86408
6400.	6410.	53.65431
6410.	6420.	51.94076
6420.	6430.	53.55037
6430.	6440.	52.74941
6440.	6450.	52.92857
6450.	6460.	54.39345
6460.	6470.	49.26317
6470.	6480.	52.06459
6480.	6490.	51.02574
6490.	6500.	52.51308
6500.	6510.	52.86914
6510.	6520.	49.25074
6520.	6530.	49.76184
6530.	6540.	47.92541
6540.	6550.	50.07903
6550.	6560.	50.37114
6560.	6570.	48.66911
6570.	6580.	48.67291
6580.	6590.	49.55116
6590.	6600.	49.46409
6600.	6610.	49.48021
6610.	6620.	47.92135
6620.	6630.	48.63605
6630.	6640.	47.86423
6640.	6650.	47.02481
6650.	6660.	48.03191
6660.	6670.	48.49407
6670.	6680.	47.58472
6680.	6690.	45.09685
6690.	6700.	47.8332
6700.	6710.	45.12491
6710.	6720.	45.39571
6720.	6730.	44.10336
6730.	6740.	46.07206
6740.	6750.	44.72569
6750.	6760.	46.04968
6760.	6770.	43.25363
6770.	6780.	46.28986
6780.	6790.	46.09067
6790.	6800.	45.20564
6800.	6810.	44.06656
6810.	6820.	43.50183
6820.	6830.	45.1098
6830.	6840.	44.97929
6840.	6850.	43.24998
6850.	6860.	42.85316
6860.	6870.	42.47837
6870.	6880.	43.49645
6880.	6890.	43.40966
6890.	6900.	41.9593
6900.	6910.	41.11323
6910.	6920.	41.87621
6920.	6930.	43.40611
6930.	6940.	40.91122
6940.	6950.	42.17899
6950.	6960.	41.37085
6960.	6970.	41.31756
6970.	6980.	40.54415
6980.	6990.	40.19308
6990.	7000.	39.55079
7000.	7010.	39.70196
7010.	7020.	39.90353
7020.	7030.	40.05874
7030.	7040.	40.0627
7040.	7050.	38.75646
7050.	7060.	39.98628
7060.	7070.	39.79892
7070.	7080.	38.16588
7080.	7090.	40.78612
7090.	7100.	38.67219
7100.	7110.	38.94444
7110.	7120.	39.01369
7120.	7130.	37.53969
7130.	7140.	38.2203
7140.	7150.	36.98137
7150.	7160.	36.75823
7160.	7170.	37.82772
7170.	7180.	37.61472
7180.	7190.	36.30861
7190.	7200.	35.3284
7200.	7210.	36.44883
7210.	7220.	35.94642
7220.	7230.	35.93099
7230.	7240.	35.50179
7240.	7250.	35.02629
7250.	7260.	35.13088
7260.	7270.	35.05086
7270.	7280.	34.64743
7280.	7290.	34.4278
7290.	7300.	35.3201
7300.	7310.	33.92782
7310.	7320.	35.6885
7320.	7330.	34.19811
7330.	7340.	33.39502
7340.	7350.	33.87139
7350.	7360.	33.79729
7360.	7370.	33.08648
7370.	7380.	33.28239
7380.	7390.	33.83402
7390.	7400.	34.68779
7400.	7410.	34.13252
7410.	7420.	32.67245
7420.	7430.	32.14733
7430.	7440.	32.52248
7440.	7450.	33.38046
7450.	7460.	32.20295
7460.	7470.	32.07458
7470.	7480.	32.24084
7480.	7490.	31.24063
7490.	7500.	32.65711
7500.	7510.	32.04165
7510.	7520.	31.51583
7520.	7530.	31.12586
7530.	7540.	30.04175
7540.	7550.	31.80579
7550.	7560.	30.76761
7560.	7570.	30.33885
7570.	7580.	30.14146
7580.	7590.	29.70702
7590.	7600.	29.23814
7600.	7610.	29.22901
7610.	7620.	28.30712
7620.	7630.	28.52799
7630.	7640.	28.2005
7640.	7650.	28.45789
7650.	7660.	28.0996
7660.	7670.	28.12759
7670.	7680.	28.78229
7680.	7690.	29.42653
7690.	7700.	28.89571
7700.	7710.	28.0932
7710.	7720.	27.57583
7720.	7730.	27.11145
7730.	7740.	27.84715
7740.	7750.	28.41026
7750.	7760.	27.22229
7760.	7770.	26.7337
7770.	7780.	27.97178
7780.	7790.	26.98931
7790.	7800.	26.85181
7800.	7810.	27.56279
7810.	7820.	27.62248
7820.	7830.	26.97611
7830.	7840.	27.46182
7840.	7850.	26.78892
7850.	7860.	25.30154
7860.	7870.	25.62187
7870.	7880.	25.15613
7880.	7890.	24.67409
7890.	7900.	25.33168
7900.	7910.	24.21411
7910.	7920.	24.71815
7920.	7930.	25.57935
7930.	7940.	24.40718
7940.	7950.	24.54337
7950.	7960.	24.25612
7960.	7970.	24.70937
7970.	7980.	23.91312
7980.	7990.	23.77521
7990.	8000.	24.35897
8000.	8010.	23.84641
8010.	8020.	23.81865
8020.	8030.	24.11357
8030.	8040.	23.45609
8040.	8050.	23.50504
8050.	8060.	23.99815
8060.	8070.	23.12798
8070.	8080.	22.52822
8080.	8090.	22.17904
8090.	8100.	22.04067
8100.	8110.	23.14605
8110.	8120.	23.01114
8120.	8130.	21.74899
8130.	8140.	21.44875
8140.	8150.	22.41749
8150.	8160.	22.21758
8160.	8170.	21.57323
8170.	8180.	21.35201
8180.	8190.	21.31897
8190.	8200.	21.17469
8200.	8210.	21.70745
8210.	8220.	21.51313
8220.	8230.	20.88648
8230.	8240.	20.24811
8240.	8250.	21.48701
8250.	8260.	20.62972
8260.	8270.	20.82708
8270.	8280.	20.5742
8280.	8290.	19.87129
8290.	8300.	19.98522
8300.	8310.	19.89126
8310.	8320.	19.67993
8320.	8330.	20.16149
8330.	8340.	18.85704
8340.	8350.	19.63728
8350.	8360.	19.98032
8360.	8370.	18.45865
8370.	8380.	18.9137
8380.	8390.	19.03097
8390.	8400.	18.42338
8400.	8410.	19.1732
8410.	8420.	18.62434
8420.	8430.	18.25911
8430.	8440.	18.63572
8440.	8450.	18.22648
8450.	8460.	18.65128
8460.	8470.	17.23545
8470.	8480.	18.47712
8480.	8490.	17.94296
8490.	8500.	16.76988
8500.	8510.	16.67816
8510.	8520.	17.62978
8520.	8530.	17.08152
8530.	8540.	16.72112
8540.	8550.	16.71787
8550.	8560.	17.44989
8560.	8570.	16.72263
8570.	8580.	16.98589
8580.	8590.	16.28855
8590.	8600.	16.25757
8600.	8610.	16.28139
8610.	8620.	16.40773
8620.	8630.	16.12733
8630.	8640.	15.71294
8640.	8650.	15.09894
8650.	8660.	15.92429
8660.	8670.	16.16223
8670.	8680.	15.19986
8680.	8690.	15.38664
8690.	8700.	14.78226
8700.	8710.	14.9152
8710.	8720.	14.93338
8720.	8730.	14.85297
8730.	8740.	15.04758
8740.	8750.	14.92276
8750.	8760.	14.39712
8760.	8770.	14.074
8770.	8780.	14.56211
8780.	8790.	13.58851
8790.	8800.	14.02921
8800.	8810.	13.14337
8810.	8820.	13.79685
8820.	8830.	14.25819
8830.	8840.	13.5375
8840.	8850.	13.94619
8850.	8860.	13.31913
8860.	8870.	13.20237
8870.	8880.	13.15206
8880.	8890.	12.6871
8890.	8900.	12.5634
8900.	8910.	12.86725
8910.	8920.	12.32912
8920.	8930.	12.42808
8930.	8940.	12.39332
8940.	8950.	11.87124
8950.	8960.	12.16971
8960.	8970.	12.2947
8970.	8980.	11.71938
8980.	8990.	11.72161
8990.	9000.	12.4989
9000.	9010.	11.14918
9010.	9020.	11.1252
9020.	9030.	11.32743
9030.	9040.	10.88884
9040.	9050.	11.10486
9050.	9060.	11.05956
9060.	9070.	11.29401
9070.	9080.	11.21569
9080.	9090.	10.36932
9090.	9100.	10.55556
9100.	9110.	10.56014
9110.	9120.	10.49215
9120.	9130.	10.54893
9130.	9140.	10.49624
9140.	9150.	10.15193
9150.	9160.	9.810582
9160.	9170.	9.588926
9170.	9180.	10.05756
9180.	9190.	9.159584
9190.	9200.	9.593729
9200.	9210.	9.447114
9210.	9220.	9.663445
9220.	9230.	9.114719
9230.	9240.	9.14802
9240.	9250.	8.933878
9250.	9260.	9.156184
9260.	9270.	9.010857
9270.	9280.	8.579791
9280.	9290.	8.909334
9290.	9300.	8.862359
9300.	9310.	8.362435
9310.	9320.	8.504771
9320.	9330.	8.031117
9330.	9340.	8.135952
9340.	9350.	7.913318
9350.	9360.	7.912261
9360.	9370.	7.56468
9370.	9380.	8.127718
9380.	9390.	7.772945
9390.	9400.	7.570466
9400.	9410.	7.43239
9410.	9420.	6.900099
9420.	9430.	7.158848
9430.	9440.	7.019936
9440.	9450.	6.804347
9450.	9460.	6.955235
9460.	9470.	6.689922
9470.	9480.	7.006488
9480.	9490.	6.563518
9490.	9500.	6.243923
9500.	9510.	6.283588
9510.	9520.	6.144661
9520.	9530.	6.259508
9530.	9540.	6.201771
9540.	9550.	5.556101
9550.	9560.	5.79081
9560.	9570.	5.695072
9570.	9580.	5.84928
9580.	9590.	5.238336
9590.	9600.	5.39668
9600.	9610.	5.308542
9610.	9620.	5.153123
9620.	9630.	5.019217
9630.	9640.	5.214297
9640.	9650.	4.574071
9650.	9660.	4.894642
9660.	9670.	4.573479
9670.	9680.	4.406568
9680.	9690.	4.164537
9690.	9700.	4.265409
9700.	9710.	4.14821
9710.	9720.	3.926032
9720.	9730.	3.785014
9730.	9740.	3.799472
9740.	9750.	3.503519
9750.	9760.	3.485813
9760.	9770.	3.364275
9770.	9780.	3.200231
9780.	9790.	2.956846
9790.	9800.	3.073042
9800.	9810.	2.75309
9810.	9820.	2.876153
9820.	9830.	2.656858
9830.	9840.	2.42592
9840.	9850.	2.424188
9850.	9860.	2.288398
9860.	9870.	2.115011
9870.	9880.	1.891244
9880.	9890.	1.735517
9890.	9900.	1.692231
9900.	9910.	1.497772
9910.	9920.	1.408004
9920.	9930.	1.281632
9930.	9940.	1.214222
9940.	9950.	1.103597
9950.	9960.	0.8964235
9960.	9970.	0.7083218
9970.	9980.	0.5451523
9980.	9990.	0.3704408
9990.	10000.	0.1317283
10000.	10010.	0.