-10.	0.	0.
0.	10.	0.
10.	20.	0.
20.	30.	0.
30.	40.	0.
40.	50.	0.
50.	60.	0.
60.	70.	0.
70.	80.	0.
80.	90.	0.
90.	100.	0.
100.	110.	0.
110.	120.	0.
120.	130.	0.
130.	140.	0.
140.	150.	0.
150.	160.	1792.862
160.	170.	1744.135
170.	180.	1713.603
180.	190.	1638.522
190.	200.	1666.854
200.	210.	1571.718
210.	220.	1621.728
220.	230.	1496.519
230.	240.	1557.842
240.	250.	1492.32
250.	260.	1485.002
260.	270.	1407.813
270.	280.	1315.322
280.	290.	1286.673
290.	300.	1216.101
300.	310.	1189.668
310.	320.	1171.722
320.	330.	1209.967
330.	340.	1055.124
340.	350.	1049.398
350.	360.	1025.905
360.	370.	1014.343
370.	380.	1045.426
380.	390.	863.9774
390.	400.	883.7751
400.	410.	894.6964
410.	420.	868.3165
420.	430.	815.6461
430.	440.	770.4777
440.	450.	750.3863
450.	460.	709.4992
460.	470.	678.9252
470.	480.	662.0168
480.	490.	608.5543
490.	500.	593.5529
500.	510.	651.1566
510.	520.	555.0731
520.	530.	536.7558
530.	540.	519.6555
540.	550.	516.6826
550.	560.	515.252
560.	570.	496.3908
570.	580.	430.3151
580.	590.	419.7133
590.	600.	449.9736
600.	610.	412.8338
610.	620.	412.958
620.	630.	395.4085
630.	640.	411.3392
640.	650.	346.2082
650.	660.	350.5612
660.	670.	342.6102
670.	680.	320.0903
680.	690.	319.7051
690.	700.	326.2733
700.	710.	313.613
710.	720.	315.1178
720.	730.	268.5225
730.	740.	267.9646
740.	750.	287.0397
750.	760.	292.161
760.	770.	236.4351
770.	780.	236.5417
780.	790.	233.2392
790.	800.	224.5692
800.	810.	218.5655
810.	820.	213.9043
820.	830.	196.4397
830.	840.	204.1807
840.	850.	187.2397
850.	860.	182.8817
860.	870.	185.7514
870.	880.	186.6083
880.	890.	173.9057
890.	900.	174.3058
900.	910.	167.4439
910.	920.	168.955
920.	930.	150.0196
930.	940.	134.1436
940.	950.	134.5806
950.	960.	136.2917
960.	970.	147.3505
970.	980.	123.4361
980.	990.	119.7364
990.	1000.	117.0597
1000.	1010.	106.5242
1010.	1020.	119.524
1020.	1030.	110.0556
1030.	1040.	117.3003
1040.	1050.	119.5863
1050.	1060.	94.06572
1060.	1070.	100.1229
1070.	1080.	90.03313
1080.	1090.	93.54531
1090.	1100.	103.9929
1100.	1110.	94.04152
1110.	1120.	86.70492
1120.	1130.	88.30414
1130.	1140.	72.78751
1140.	1150.	74.01757
1150.	1160.	73.87792
1160.	1170.	73.0498
1170.	1180.	68.28834
1180.	1190.	71.74259
1190.	1200.	64.41026
1200.	1210.	76.88095
1210.	1220.	62.20604
1220.	1230.	67.24151
1230.	1240.	73.72129
1240.	1250.	61.45523
1250.	1260.	56.72446
1260.	1270.	55.08012
1270.	1280.	56.24967
1280.	1290.	62.45842
1290.	1300.	48.60296
1300.	1310.	60.80041
1310.	1320.	47.5977
1320.	1330.	51.50815
1330.	1340.	48.90534
1340.	1350.	49.27884
1350.	1360.	51.71073
1360.	1370.	38.4692
1370.	1380.	47.49693
1380.	1390.	42.48568
1390.	1400.	38.9259
1400.	1410.	42.94478
1410.	1420.	35.86078
1420.	1430.	33.45547
1430.	1440.	41.9583
1440.	1450.	40.40872
1450.	1460.	42.60753
1460.	1470.	38.45501
1470.	1480.	40.52604
1480.	1490.	28.4239
1490.	1500.	31.04567
1500.	1510.	40.25096
1510.	1520.	32.19063
1520.	1530.	30.62736
1530.	1540.	29.24461
1540.	1550.	33.36217
1550.	1560.	27.8431
1560.	1570.	29.71131
1570.	1580.	23.05134
1580.	1590.	26.98293
1590.	1600.	23.80715
1600.	1610.	22.3727
1610.	1620.	27.70105
1620.	1630.	23.22347
1630.	1640.	15.83694
1640.	1650.	27.99966
1650.	1660.	23.26617
1660.	1670.	24.57959
1670.	1680.	30.07442
1680.	1690.	21.69313
1690.	1700.	17.20289
1700.	1710.	16.91763
1710.	1720.	21.35254
1720.	1730.	24.68806
1730.	1740.	21.45152
1740.	1750.	17.2947
1750.	1760.	20.76128
1760.	1770.	26.00445
1770.	1780.	13.12785
1780.	1790.	15.3636
1790.	1800.	14.6314
1800.	1810.	17.96285
1810.	1820.	13.53457
1820.	1830.	12.90947
1830.	1840.	9.450254
1840.	1850.	14.60604
1850.	1860.	12.13125
1860.	1870.	17.48568
1870.	1880.	15.51183
1880.	1890.	14.53235
1890.	1900.	8.753418
1900.	1910.	12.27767
1910.	1920.	11.68778
1920.	1930.	6.821855
1930.	1940.	8.652111
1940.	1950.	10.52502
1950.	1960.	13.19655
1960.	1970.	7.231565
1970.	1980.	10.76134
1980.	1990.	9.844167
1990.	2000.	6.88668
2000.	2010.	8.465118
2010.	2020.	7.742734
2020.	2030.	13.83592
2030.	2040.	7.640683
2040.	2050.	9.734056
2050.	2060.	6.264194
2060.	2070.	7.66631
2070.	2080.	11.77283
2080.	2090.	9.038596
2090.	2100.	7.259325
2100.	2110.	9.196902
2110.	2120.	12.62268
2120.	2130.	8.455057
2130.	2140.	14.06158
2140.	2150.	8.564657
2150.	2160.	6.065124
2160.	2170.	7.34845
2170.	2180.	7.009255
2180.	2190.	7.995198
2190.	2200.	6.733818
2200.	2210.	4.160931
2210.	2220.	10.41408
2220.	2230.	5.72777
2230.	2240.	4.111553
2240.	2250.	7.502837
2250.	2260.	5.693145
2260.	2270.	10.62513
2270.	2280.	4.260925
2280.	2290.	11.05271
2290.	2300.	4.854768
2300.	2310.	7.020572
2310.	2320.	9.39517
2320.	2330.	3.576493
2330.	2340.	7.501534
2340.	2350.	7.551918
2350.	2360.	3.716699
2360.	2370.	9.518734
2370.	2380.	3.19005
2380.	2390.	3.443166
2390.	2400.	2.425538
2400.	2410.	6.593163
2410.	2420.	5.558927
2420.	2430.	4.328624
2430.	2440.	4.426765
2440.	2450.	7.087845
2450.	2460.	4.935098
2460.	2470.	2.950833
2470.	2480.	8.739972
2480.	2490.	4.932225
2490.	2500.	3.151957
2500.	2510.	3.95992
2510.	2520.	4.248898
2520.	2530.	3.198191
2530.	2540.	2.805033
2540.	2550.	3.61026
2550.	2560.	4.247356
2560.	2570.	5.103885
2570.	2580.	5.201619
2580.	2590.	6.986928
2590.	2600.	2.959183
2600.	2610.	3.29118
2610.	2620.	2.284001
2620.	2630.	7.331006
2630.	2640.	4.977911
2640.	2650.	2.453974
2650.	2660.	3.280843
2660.	2670.	4.330736
2670.	2680.	1.567543
2680.	2690.	3.210764
2690.	2700.	3.489465
2700.	2710.	2.446979
2710.	2720.	1.377001
2720.	2730.	2.64575
2730.	2740.	4.149847
2740.	2750.	3.845195
2750.	2760.	4.178985
2760.	2770.	2.084304
2770.	2780.	1.248795
2780.	2790.	1.158393
2790.	2800.	2.454153
2800.	2810.	1.169932
2810.	2820.	1.962816
2820.	2830.	2.617343
2830.	2840.	4.01161
2840.	2850.	0.9375479
2850.	2860.	0.9528523
2860.	2870.	1.233664
2870.	2880.	1.006384
2880.	2890.	2.058964
2890.	2900.	1.80624
2900.	2910.	2.214848
2910.	2920.	2.336211
2920.	2930.	1.568036
2930.	2940.	0.8730439
2940.	2950.	1.144911
2950.	2960.	3.523906
2960.	2970.	1.431433
2970.	2980.	3.370483
2980.	2990.	1.334012
2990.	3000.	2.322517
3000.	3010.	1.805845
3010.	3020.	0.6024247
3020.	3030.	2.159843
3030.	3040.	1.659208
3040.	3050.	1.299922
3050.	3060.	2.53082
3060.	3070.	1.580584
3070.	3080.	0.5270603
3080.	3090.	1.539994
3090.	3100.	1.040407
3100.	3110.	0.5134853
3110.	3120.	0.7257727
3120.	3130.	0.3783703
3130.	3140.	0.4517024
3140.	3150.	0.969411
3150.	3160.	0.5107436
3160.	3170.	3.421951
3170.	3180.	0.9605466
3180.	3190.	0.6169559
3190.	3200.	1.635351
3200.	3210.	0.7281619
3210.	3220.	0.5727147
3220.	3230.	0.2463793
3230.	3240.	0.6203604
3240.	3250.	1.987094
3250.	3260.	0.5926354
3260.	3270.	2.449054
3270.	3280.	1.644907
3280.	3290.	1.935517
3290.	3300.	0.3545348
3300.	3310.	0.4148869
3310.	3320.	0.5679978
3320.	3330.	0.3429523
3330.	3340.	0.213892
3340.	3350.	1.53956
3350.	3360.	0.2777077
3360.	3370.	1.650614
3370.	3380.	0.2462674
3380.	3390.	1.165156
3390.	3400.	0.4935285
3400.	3410.	0.2567753
3410.	3420.	0.1813611
3420.	3430.	0.4292079
3430.	3440.	0.2275512
3440.	3450.	0.4391205
3450.	3460.	0.8633349
3460.	3470.	0.1789361
3470.	3480.	0.3388436
3480.	3490.	0.9816148
3490.	3500.	0.3714365
3500.	3510.	1.444349
3510.	3520.	0.6565034
3520.	3530.	0.3699855
3530.	3540.	0.1227018
3540.	3550.	0.1487106
3550.	3560.	1.503807
3560.	3570.	0.2885981
3570.	3580.	1.569021
3580.	3590.	0.1905878
3590.	3600.	0.4359908
3600.	3610.	0.2247187
3610.	3620.	0.3054304
3620.	3630.	1.495107
3630.	3640.	1.613646
3640.	3650.	0.09078968
3650.	3660.	0.1154884
3660.	3670.	0.1105476
3670.	3680.	0.2456657
3680.	3690.	0.4641314
3690.	3700.	1.573432
3700.	3710.	0.1701277
3710.	3720.	0.08416299
3720.	3730.	0.06779367
3730.	3740.	0.4458211
3740.	3750.	0.2060543
3750.	3760.	0.149832
3760.	3770.	0.1275732
3770.	3780.	0.1184609
3780.	3790.	0.2451901
3790.	3800.	0.1330834
3800.	3810.	0.06939071
3810.	3820.	0.08363844
3820.	3830.	0.1094719
3830.	3840.	0.119245
3840.	3850.	0.1681962
3850.	3860.	0.2126312
3860.	3870.	0.06733972
3870.	3880.	0.04569442
3880.	3890.	0.2383504
3890.	3900.	0.1010063
3900.	3910.	0.07380306
3910.	3920.	0.0520081
3920.	3930.	0.2436779
3930.	3940.	0.3303705
3940.	3950.	0.1077586
3950.	3960.	0.07079735
3960.	3970.	0.06117884
3970.	3980.	0.03905609
3980.	3990.	0.03732562
3990.	4000.	0.04827492
4000.	4010.	0.05631841
4010.	4020.	0.08988427
4020.	4030.	0.02682815
4030.	4040.	0.1089464
4040.	4050.	1.418082
4050.	4060.	0.04840551
4060.	4070.	0.1497647
4070.	4080.	0.04326032
4080.	4090.	0.257019
4090.	4100.	0.1018356
4100.	4110.	0.07699806
4110.	4120.	0.02608313
4120.	4130.	0.02834929
4130.	4140.	0.02061558
4140.	4150.	0.03173124
4150.	4160.	0.1966047
4160.	4170.	0.02946456
4170.	4180.	0.03122752
4180.	4190.	0.0943032
4190.	4200.	0.06956195
4200.	4210.	0.01899817
4210.	4220.	0.01275066
4220.	4230.	1.380513
4230.	4240.	0.04141168
4240.	4250.	0.1006152
4250.	4260.	0.03358107
4260.	4270.	0.03753434
4270.	4280.	0.07294281
4280.	4290.	0.02607852
4290.	4300.	0.07017734
4300.	4310.	0.01098893
4310.	4320.	0.0165651
4320.	4330.	1.392586
4330.	4340.	0.007047473
4340.	4350.	0.06747362
4350.	4360.	0.01554765
4360.	4370.	0.009676129
4370.	4380.	0.01505646
4380.	4390.	0.008478628
4390.	4400.	0.006616077
4400.	4410.	0.02531029
4410.	4420.	0.07401052
4420.	4430.	0.01054635
4430.	4440.	0.006160971
4440.	4450.	0.004482314
4450.	4460.	0.004830488
4460.	4470.	0.008728621
4470.	4480.	0.005560733
4480.	4490.	0.008379643
4490.	4500.	0.02250901
4500.	4510.	0.0224035
4510.	4520.	0.01335464
4520.	4530.	0.008140728
4530.	4540.	0.006737173
4540.	4550.	0.00183369
4550.	4560.	0.177136
4560.	4570.	0.002402655
4570.	4580.	0.006437026
4580.	4590.	0.0162762
4590.	4600.	0.01107415
4600.	4610.	0.004295822
4610.	4620.	0.0008523105
4620.	4630.	0.004085992
4630.	4640.	0.04830098
4640.	4650.	0.0007185927
4650.	4660.	0.01879872
4660.	4670.	0.000293484
4670.	4680.	0.001594133
4680.	4690.	0.000998216
4690.	4700.	0.002204679
4700.	4710.	0.001734052
4710.	4720.	0.01531785
4720.	4730.	0.001984359
4730.	4740.	0.0009086146
4740.	4750.	0.003825697
4750.	4760.	0.01750868
4760.	4770.	0.0006824841
4770.	4780.	0.002716071
4780.	4790.	0.003116124
4790.	4800.	0.0006595723
4800.	4810.	0.0003678335
4810.	4820.	0.001946276
4820.	4830.	0.0005956618
4830.	4840.	0.0001298953
4840.	4850.	0.002137673
4850.	4860.	0.0001231523
4860.	4870.	0.01041376
4870.	4880.	0.001574286
4880.	4890.	0.03248588
4890.	4900.	0.05913993
4900.	4910.	0.0003158203
4910.	4920.	0.0002362508
4920.	4930.	0.0002520956
4930.	4940.	0.000168421
4940.	4950.	0.0002666282
4950.	4960.	0.
4960.	4970.	0.
4970.	4980.	0.0001154388
4980.	4990.	0.
4990.	5000.	0.
5000.	5010.	0.
5010.	5020.	0.
5020.	5030.	0.
5030.	5040.	0.
5040.	5050.	0.
5050.	5060.	0.
5060.	5070.	0.
5070.	5080.	0.
5080.	5090.	0.
5090.	5100.	0.
5100.	5110.	0.
5110.	5120.	0.
5120.	5130.	0.
5130.	5140.	0.
5140.	5150.	0.
5150.	5160.	0.
5160.	5170.	0.
5170.	5180.	0.
5180.	5190.	0.
5190.	5200.	0.
5200.	5210.	0.
5210.	5220.	0.
5220.	5230.	0.
5230.	5240.	0.
5240.	5250.	0.
5250.	5260.	0.
5260.	5270.	0.
5270.	5280.	0.
5280.	5290.	0.
5290.	5300.	0.
5300.	5310.	0.
5310.	5320.	0.
5320.	5330.	0.
5330.	5340.	0.
5340.	5350.	0.
5350.	5360.	0.
5360.	5370.	0.
5370.	5380.	0.
5380.	5390.	0.
5390.	5400.	0.
5400.	5410.	0.
5410.	5420.	0.
5420.	5430.	0.
5430.	5440.	0.
5440.	5450.	0.
5450.	5460.	0.
5460.	5470.	0.
5470.	5480.	0.
5480.	5490.	0.
5490.	5500.	0.
5500.	5510.	0.
5510.	5520.	0.
5520.	5530.	0.
5530.	5540.	0.
5540.	5550.	0.
5550.	5560.	0.
5560.	5570.	0.
5570.	5580.	0.
5580.	5590.	0.
5590.	5600.	0.
5600.	5610.	0.
5610.	5620.	0.
5620.	5630.	0.
5630.	5640.	0.
5640.	5650.	0.
5650.	5660.	0.
5660.	5670.	0.
5670.	5680.	0.
5680.	5690.	0.
5690.	5700.	0.
5700.	5710.	0.
5710.	5720.	0.
5720.	5730.	0.
5730.	5740.	0.
5740.	5750.	0.
5750.	5760.	0.
5760.	5770.	0.
5770.	5780.	0.
5780.	5790.	0.
5790.	5800.	0.
5800.	5810.	0.
5810.	5820.	0.
5820.	5830.	0.
5830.	5840.	0.
5840.	5850.	0.
5850.	5860.	0.
5860.	5870.	0.
5870.	5880.	0.
5880.	5890.	0.
5890.	5900.	0.
5900.	5910.	0.
5910.	5920.	0.
5920.	5930.	0.
5930.	5940.	0.
5940.	5950.	0.
5950.	5960.	0.
5960.	5970.	0.
5970.	5980.	0.
5980.	5990.	0.
5990.	6000.	0.
6000.	6010.	0.
6010.	6020.	0.
6020.	6030.	0.
6030.	6040.	0.
6040.	6050.	0.
6050.	6060.	0.
6060.	6070.	0.
6070.	6080.	0.
6080.	6090.	0.
6090.	6100.	0.
6100.	6110.	0.
6110.	6120.	0.
6120.	6130.	0.
6130.	6140.	0.
6140.	6150.	0.
6150.	6160.	0.
6160.	6170.	0.
6170.	6180.	0.
6180.	6190.	0.
6190.	6200.	0.
6200.	6210.	0.
6210.	6220.	0.
6220.	6230.	0.
6230.	6240.	0.
6240.	6250.	0.
6250.	6260.	0.
6260.	6270.	0.
6270.	6280.	0.
6280.	6290.	0.
6290.	6300.	0.
6300.	6310.	0.
6310.	6320.	0.
6320.	6330.	0.
6330.	6340.	0.
6340.	6350.	0.
6350.	6360.	0.
6360.	6370.	0.
6370.	6380.	0.
6380.	6390.	0.
6390.	6400.	0.
6400.	6410.	0.
6410.	6420.	0.
6420.	6430.	0.
6430.	6440.	0.
6440.	6450.	0.
6450.	6460.	0.
6460.	6470.	0.
6470.	6480.	0.
6480.	6490.	0.
6490.	6500.	0.
6500.	6510.	0.
6510.	6520.	0.
6520.	6530.	0.
6530.	6540.	0.
6540.	6550.	0.
6550.	6560.	0.
6560.	6570.	0.
6570.	6580.	0.
6580.	6590.	0.
6590.	6600.	0.
6600.	6610.	0.
6610.	6620.	0.
6620.	6630.	0.
6630.	6640.	0.
6640.	6650.	0.
6650.	6660.	0.
6660.	6670.	0.
6670.	6680.	0.
6680.	6690.	0.
6690.	6700.	0.
6700.	6710.	0.
6710.	6720.	0.
6720.	6730.	0.
6730.	6740.	0.
6740.	6750.	0.
6750.	6760.	0.
6760.	6770.	0.
6770.	6780.	0.
6780.	6790.	0.
6790.	6800.	0.
6800.	6810.	0.
6810.	6820.	0.
6820.	6830.	0.
6830.	6840.	0.
6840.	6850.	0.
6850.	6860.	0.
6860.	6870.	0.
6870.	6880.	0.
6880.	6890.	0.
6890.	6900.	0.
6900.	6910.	0.
6910.	6920.	0.
6920.	6930.	0.
6930.	6940.	0.
6940.	6950.	0.
6950.	6960.	0.
6960.	6970.	0.
6970.	6980.	0.
6980.	6990.	0.
6990.	7000.	0.
7000.	7010.	0.
7010.	7020.	0.
7020.	7030.	0.
7030.	7040.	0.
7040.	7050.	0.
7050.	7060.	0.
7060.	7070.	0.
7070.	7080.	0.
7080.	7090.	0.
7090.	7100.	0.
7100.	7110.	0.
7110.	7120.	0.
7120.	7130.	0.
7130.	7140.	0.
7140.	7150.	0.
7150.	7160.	0.
7160.	7170.	0.
7170.	7180.	0.
7180.	7190.	0.
7190.	7200.	0.
7200.	7210.	0.
7210.	7220.	0.
7220.	7230.	0.
7230.	7240.	0.
7240.	7250.	0.
7250.	7260.	0.
7260.	7270.	0.
7270.	7280.	0.
7280.	7290.	0.
7290.	7300.	0.
7300.	7310.	0.
7310.	7320.	0.
7320.	7330.	0.
7330.	7340.	0.
7340.	7350.	0.
7350.	7360.	0.
7360.	7370.	0.
7370.	7380.	0.
7380.	7390.	0.
7390.	7400.	0.
7400.	7410.	0.
7410.	7420.	0.
7420.	7430.	0.
7430.	7440.	0.
7440.	7450.	0.
7450.	7460.	0.
7460.	7470.	0.
7470.	7480.	0.
7480.	7490.	0.
7490.	7500.	0.
7500.	7510.	0.
7510.	7520.	0.
7520.	7530.	0.
7530.	7540.	0.
7540.	7550.	0.
7550.	7560.	0.
7560.	7570.	0.
7570.	7580.	0.
7580.	7590.	0.
7590.	7600.	0.
7600.	7610.	0.
7610.	7620.	0.
7620.	7630.	0.
7630.	7640.	0.
7640.	7650.	0.
7650.	7660.	0.
7660.	7670.	0.
7670.	7680.	0.
7680.	7690.	0.
7690.	7700.	0.
7700.	7710.	0.
7710.	7720.	0.
7720.	7730.	0.
7730.	7740.	0.
7740.	7750.	0.
7750.	7760.	0.
7760.	7770.	0.
7770.	7780.	0.
7780.	7790.	0.
7790.	7800.	0.
7800.	7810.	0.
7810.	7820.	0.
7820.	7830.	0.
7830.	7840.	0.
7840.	7850.	0.
7850.	7860.	0.
7860.	7870.	0.
7870.	7880.	0.
7880.	7890.	0.
7890.	7900.	0.
7900.	7910.	0.
7910.	7920.	0.
7920.	7930.	0.
7930.	7940.	0.
7940.	7950.	0.
7950.	7960.	0.
7960.	7970.	0.
7970.	7980.	0.
7980.	7990.	0.
7990.	8000.	0.
8000.	8010.	0.
8010.	8020.	0.
8020.	8030.	0.
8030.	8040.	0.
8040.	8050.	0.
8050.	8060.	0.
8060.	8070.	0.
8070.	8080.	0.
8080.	8090.	0.
8090.	8100.	0.
8100.	8110.	0.
8110.	8120.	0.
8120.	8130.	0.
8130.	8140.	0.
8140.	8150.	0.
8150.	8160.	0.
8160.	8170.	0.
8170.	8180.	0.
8180.	8190.	0.
8190.	8200.	0.
8200.	8210.	0.
8210.	8220.	0.
8220.	8230.	0.
8230.	8240.	0.
8240.	8250.	0.
8250.	8260.	0.
8260.	8270.	0.
8270.	8280.	0.
8280.	8290.	0.
8290.	8300.	0.
8300.	8310.	0.
8310.	8320.	0.
8320.	8330.	0.
8330.	8340.	0.
8340.	8350.	0.
8350.	8360.	0.
8360.	8370.	0.
8370.	8380.	0.
8380.	8390.	0.
8390.	8400.	0.
8400.	8410.	0.
8410.	8420.	0.
8420.	8430.	0.
8430.	8440.	0.
8440.	8450.	0.
8450.	8460.	0.
8460.	8470.	0.
8470.	8480.	0.
8480.	8490.	0.
8490.	8500.	0.
8500.	8510.	0.
8510.	8520.	0.
8520.	8530.	0.
8530.	8540.	0.
8540.	8550.	0.
8550.	8560.	0.
8560.	8570.	0.
8570.	8580.	0.
8580.	8590.	0.
8590.	8600.	0.
8600.	8610.	0.
8610.	8620.	0.
8620.	8630.	0.
8630.	8640.	0.
8640.	8650.	0.
8650.	8660.	0.
8660.	8670.	0.
8670.	8680.	0.
8680.	8690.	0.
8690.	8700.	0.
8700.	8710.	0.
8710.	8720.	0.
8720.	8730.	0.
8730.	8740.	0.
8740.	8750.	0.
8750.	8760.	0.
8760.	8770.	0.
8770.	8780.	0.
8780.	8790.	0.
8790.	8800.	0.
8800.	8810.	0.
8810.	8820.	0.
8820.	8830.	0.
8830.	8840.	0.
8840.	8850.	0.
8850.	8860.	0.
8860.	8870.	0.
8870.	8880.	0.
8880.	8890.	0.
8890.	8900.	0.
8900.	8910.	0.
8910.	8920.	0.
8920.	8930.	0.
8930.	8940.	0.
8940.	8950.	0.
8950.	8960.	0.
8960.	8970.	0.
8970.	8980.	0.
8980.	8990.	0.
8990.	9000.	0.
9000.	9010.	0.
9010.	9020.	0.
9020.	9030.	0.
9030.	9040.	0.
9040.	9050.	0.
9050.	9060.	0.
9060.	9070.	0.
9070.	9080.	0.
9080.	9090.	0.
9090.	9100.	0.
9100.	9110.	0.
9110.	9120.	0.
9120.	9130.	0.
9130.	9140.	0.
9140.	9150.	0.
9150.	9160.	0.
9160.	9170.	0.
9170.	9180.	0.
9180.	9190.	0.
9190.	9200.	0.
9200.	9210.	0.
9210.	9220.	0.
9220.	9230.	0.
9230.	9240.	0.
9240.	9250.	0.
9250.	9260.	0.
9260.	9270.	0.
9270.	9280.	0.
9280.	9290.	0.
9290.	9300.	0.
9300.	9310.	0.
9310.	9320.	0.
9320.	9330.	0.
9330.	9340.	0.
9340.	9350.	0.
9350.	9360.	0.
9360.	9370.	0.
9370.	9380.	0.
9380.	9390.	0.
9390.	9400.	0.
9400.	9410.	0.
9410.	9420.	0.
9420.	9430.	0.
9430.	9440.	0.
9440.	9450.	0.
9450.	9460.	0.
9460.	9470.	0.
9470.	9480.	0.
9480.	9490.	0.
9490.	9500.	0.
9500.	9510.	0.
9510.	9520.	0.
9520.	9530.	0.
9530.	9540.	0.
9540.	9550.	0.
9550.	9560.	0.
9560.	9570.	0.
9570.	9580.	0.
9580.	9590.	0.
9590.	9600.	0.
9600.	9610.	0.
9610.	9620.	0.
9620.	9630.	0.
9630.	9640.	0.
9640.	9650.	0.
9650.	9660.	0.
9660.	9670.	0.
9670.	9680.	0.
9680.	9690.	0.
9690.	9700.	0.
9700.	9710.	0.
9710.	9720.	0.
9720.	9730.	0.
9730.	9740.	0.
9740.	9750.	0.
9750.	9760.	0.
9760.	9770.	0.
9770.	9780.	0.
9780.	9790.	0.
9790.	9800.	0.
9800.	9810.	0.
9810.	9820.	0.
9820.	9830.	0.
9830.	9840.	0.
9840.	9850.	0.
9850.	9860.	0.
9860.	9870.	0.
9870.	9880.	0.
9880.	9890.	0.
9890.	9900.	0.
9900.	9910.	0.
9910.	9920.	0.
9920.	9930.	0.
9930.	9940.	0.
9940.	9950.	0.
9950.	9960.	0.
9960.	9970.	0.
9970.	9980.	0.
9980.	9990.	0.
9990.	10000.	0.
10000.	10010.	0.