-10.	0.	0.
0.	10.	0.
10.	20.	0.
20.	30.	0.
30.	40.	0.
40.	50.	0.
50.	60.	0.
60.	70.	0.
70.	80.	0.
80.	90.	0.
90.	100.	0.
100.	110.	0.
110.	120.	0.
120.	130.	0.
130.	140.	0.
140.	150.	0.
150.	160.	45164.
160.	170.	37697.6
170.	180.	33852.83
180.	190.	29913.92
190.	200.	25931.49
200.	210.	20943.24
210.	220.	20638.77
220.	230.	17437.6
230.	240.	14060.3
240.	250.	12792.05
250.	260.	12470.32
260.	270.	10220.4
270.	280.	9728.868
280.	290.	8594.557
290.	300.	8192.554
300.	310.	6970.927
310.	320.	5537.871
320.	330.	5583.847
330.	340.	5668.84
340.	350.	4643.073
350.	360.	4913.6
360.	370.	4068.085
370.	380.	2996.675
380.	390.	3107.443
390.	400.	2965.417
400.	410.	2265.263
410.	420.	2445.031
420.	430.	2785.074
430.	440.	2090.629
440.	450.	2414.256
450.	460.	2030.609
460.	470.	1784.844
470.	480.	1374.345
480.	490.	1513.681
490.	500.	1484.486
500.	510.	1366.213
510.	520.	1361.334
520.	530.	1686.579
530.	540.	737.6945
540.	550.	896.0513
550.	560.	870.4639
560.	570.	733.557
570.	580.	725.1252
580.	590.	543.8072
590.	600.	687.9569
600.	610.	627.3752
610.	620.	816.4185
620.	630.	412.9328
630.	640.	430.5978
640.	650.	543.3385
650.	660.	423.8842
660.	670.	464.5656
670.	680.	451.8286
680.	690.	394.1174
690.	700.	383.498
700.	710.	498.6031
710.	720.	327.0582
720.	730.	293.6836
730.	740.	387.4033
740.	750.	224.0859
750.	760.	214.7075
760.	770.	249.0236
770.	780.	292.4941
780.	790.	257.6665
790.	800.	203.515
800.	810.	326.6693
810.	820.	225.4888
820.	830.	191.7992
830.	840.	261.7139
840.	850.	212.8335
850.	860.	303.8706
860.	870.	200.9589
870.	880.	210.1759
880.	890.	194.0007
890.	900.	85.09633
900.	910.	99.004
910.	920.	143.28
920.	930.	162.2029
930.	940.	149.5238
940.	950.	172.3784
950.	960.	100.2911
960.	970.	164.1983
970.	980.	93.61352
980.	990.	95.09008
990.	1000.	100.394
1000.	1010.	76.17923
1010.	1020.	65.22923
1020.	1030.	64.20425
1030.	1040.	91.24795
1040.	1050.	66.55785
1050.	1060.	58.46487
1060.	1070.	62.53315
1070.	1080.	84.74175
1080.	1090.	71.66359
1090.	1100.	68.98258
1100.	1110.	32.61133
1110.	1120.	70.00434
1120.	1130.	44.37766
1130.	1140.	50.33826
1140.	1150.	69.61302
1150.	1160.	43.78429
1160.	1170.	67.47589
1170.	1180.	55.19884
1180.	1190.	41.90848
1190.	1200.	27.89851
1200.	1210.	41.48079
1210.	1220.	37.492
1220.	1230.	39.96136
1230.	1240.	24.04834
1240.	1250.	33.21647
1250.	1260.	29.66864
1260.	1270.	49.14094
1270.	1280.	36.21725
1280.	1290.	39.46128
1290.	1300.	24.33529
1300.	1310.	38.38381
1310.	1320.	31.64386
1320.	1330.	26.89479
1330.	1340.	20.8984
1340.	1350.	27.45448
1350.	1360.	28.8019
1360.	1370.	16.44134
1370.	1380.	26.66461
1380.	1390.	24.26655
1390.	1400.	29.90874
1400.	1410.	28.96357
1410.	1420.	25.26099
1420.	1430.	25.8956
1430.	1440.	23.6163
1440.	1450.	20.86153
1450.	1460.	19.27201
1460.	1470.	20.05752
1470.	1480.	15.82813
1480.	1490.	15.01878
1490.	1500.	16.22693
1500.	1510.	14.3788
1510.	1520.	12.31866
1520.	1530.	12.69559
1530.	1540.	19.15062
1540.	1550.	11.23961
1550.	1560.	18.77833
1560.	1570.	12.29869
1570.	1580.	7.642917
1580.	1590.	11.0862
1590.	1600.	10.29714
1600.	1610.	9.189638
1610.	1620.	13.0402
1620.	1630.	11.08246
1630.	1640.	12.91687
1640.	1650.	14.51136
1650.	1660.	10.89615
1660.	1670.	13.91058
1670.	1680.	9.277589
1680.	1690.	15.90531
1690.	1700.	13.39967
1700.	1710.	8.047094
1710.	1720.	8.334095
1720.	1730.	9.834151
1730.	1740.	7.543124
1740.	1750.	10.9023
1750.	1760.	5.808747
1760.	1770.	10.71244
1770.	1780.	8.295015
1780.	1790.	8.886197
1790.	1800.	8.579621
1800.	1810.	6.139412
1810.	1820.	8.820434
1820.	1830.	7.25956
1830.	1840.	8.130101
1840.	1850.	5.818162
1850.	1860.	3.947257
1860.	1870.	6.35893
1870.	1880.	6.439326
1880.	1890.	6.079234
1890.	1900.	5.480526
1900.	1910.	5.222162
1910.	1920.	5.297902
1920.	1930.	4.879959
1930.	1940.	4.476453
1940.	1950.	4.945185
1950.	1960.	4.437022
1960.	1970.	5.632433
1970.	1980.	3.920622
1980.	1990.	5.919445
1990.	2000.	3.318656
2000.	2010.	3.387085
2010.	2020.	3.562873
2020.	2030.	4.62312
2030.	2040.	2.564322
2040.	2050.	2.052414
2050.	2060.	3.14575
2060.	2070.	2.991846
2070.	2080.	1.741274
2080.	2090.	4.422363
2090.	2100.	2.661075
2100.	2110.	2.399273
2110.	2120.	1.516741
2120.	2130.	2.066905
2130.	2140.	2.080055
2140.	2150.	2.717918
2150.	2160.	1.986989
2160.	2170.	1.671496
2170.	2180.	1.833604
2180.	2190.	2.665678
2190.	2200.	1.777364
2200.	2210.	2.21982
2210.	2220.	2.623801
2220.	2230.	2.722935
2230.	2240.	2.391878
2240.	2250.	2.406358
2250.	2260.	2.330054
2260.	2270.	1.329821
2270.	2280.	1.757221
2280.	2290.	1.769212
2290.	2300.	2.016436
2300.	2310.	1.524774
2310.	2320.	2.048054
2320.	2330.	1.949908
2330.	2340.	1.339121
2340.	2350.	2.198093
2350.	2360.	2.441244
2360.	2370.	1.874384
2370.	2380.	1.012582
2380.	2390.	1.178078
2390.	2400.	1.4995
2400.	2410.	1.703697
2410.	2420.	1.265462
2420.	2430.	1.013747
2430.	2440.	2.284286
2440.	2450.	1.764625
2450.	2460.	1.157714
2460.	2470.	1.254411
2470.	2480.	1.204963
2480.	2490.	1.273112
2490.	2500.	1.019615
2500.	2510.	0.8467883
2510.	2520.	1.697036
2520.	2530.	1.294525
2530.	2540.	0.8463106
2540.	2550.	1.533959
2550.	2560.	0.7423407
2560.	2570.	0.5236925
2570.	2580.	0.7950089
2580.	2590.	0.5574734
2590.	2600.	0.6194746
2600.	2610.	0.7068902
2610.	2620.	1.016384
2620.	2630.	0.614642
2630.	2640.	0.3737299
2640.	2650.	1.094476
2650.	2660.	0.7182601
2660.	2670.	0.8911226
2670.	2680.	0.793053
2680.	2690.	0.4028084
2690.	2700.	0.7616614
2700.	2710.	0.711999
2710.	2720.	0.728298
2720.	2730.	0.6143542
2730.	2740.	0.3027196
2740.	2750.	0.4221442
2750.	2760.	0.3987086
2760.	2770.	0.3890823
2770.	2780.	0.5396668
2780.	2790.	0.7858776
2790.	2800.	0.8946976
2800.	2810.	0.3813688
2810.	2820.	0.3151658
2820.	2830.	0.6596716
2830.	2840.	0.3568601
2840.	2850.	0.2537512
2850.	2860.	0.173688
2860.	2870.	0.3469873
2870.	2880.	0.4117866
2880.	2890.	0.4728332
2890.	2900.	0.3353493
2900.	2910.	0.322354
2910.	2920.	0.506598
2920.	2930.	0.5437111
2930.	2940.	0.6433885
2940.	2950.	0.4129651
2950.	2960.	0.2066096
2960.	2970.	0.2178706
2970.	2980.	0.1797009
2980.	2990.	0.4653888
2990.	3000.	0.2448442
3000.	3010.	0.1843028
3010.	3020.	0.4035941
3020.	3030.	0.1430434
3030.	3040.	0.01140889
3040.	3050.	0.1560544
3050.	3060.	0.231873
3060.	3070.	0.1707294
3070.	3080.	0.3192948
3080.	3090.	0.1347865
3090.	3100.	0.432378
3100.	3110.	0.159956
3110.	3120.	0.1635462
3120.	3130.	0.4091956
3130.	3140.	0.2408515
3140.	3150.	0.2601373
3150.	3160.	0.1826014
3160.	3170.	0.1187977
3170.	3180.	0.1964363
3180.	3190.	0.07462613
3190.	3200.	0.2147308
3200.	3210.	0.148305
3210.	3220.	0.04770381
3220.	3230.	0.1002453
3230.	3240.	0.2099436
3240.	3250.	0.1533342
3250.	3260.	0.1280156
3260.	3270.	0.1274606
3270.	3280.	0.1299129
3280.	3290.	0.1708941
3290.	3300.	0.3054535
3300.	3310.	0.1517889
3310.	3320.	0.1492257
3320.	3330.	0.07588217
3330.	3340.	0.03256273
3340.	3350.	0.110597
3350.	3360.	0.1266065
3360.	3370.	0.03061639
3370.	3380.	0.0407778
3380.	3390.	0.1011397
3390.	3400.	0.1055184
3400.	3410.	0.1171026
3410.	3420.	0.08530897
3420.	3430.	0.1692482
3430.	3440.	0.1731255
3440.	3450.	0.112923
3450.	3460.	0.1203623
3460.	3470.	0.1263697
3470.	3480.	0.07899795
3480.	3490.	0.0673566
3490.	3500.	0.06463196
3500.	3510.	0.1018545
3510.	3520.	0.07059545
3520.	3530.	0.1748469
3530.	3540.	0.08593256
3540.	3550.	0.09855377
3550.	3560.	0.1609737
3560.	3570.	0.03091619
3570.	3580.	0.07908839
3580.	3590.	0.07161814
3590.	3600.	0.007731435
3600.	3610.	0.02299013
3610.	3620.	0.09274806
3620.	3630.	0.0627283
3630.	3640.	0.02151926
3640.	3650.	0.06073292
3650.	3660.	0.05052092
3660.	3670.	0.06650813
3670.	3680.	0.09339097
3680.	3690.	0.05715026
3690.	3700.	0.01154931
3700.	3710.	0.02479501
3710.	3720.	0.01638455
3720.	3730.	0.0388804
3730.	3740.	0.02970443
3740.	3750.	0.009331388
3750.	3760.	0.04784785
3760.	3770.	0.06059378
3770.	3780.	0.06861803
3780.	3790.	0.04568256
3790.	3800.	0.0382015
3800.	3810.	0.07433867
3810.	3820.	0.
3820.	3830.	0.01065022
3830.	3840.	0.
3840.	3850.	0.0255327
3850.	3860.	0.03626101
3860.	3870.	0.0230008
3870.	3880.	0.04906228
3880.	3890.	0.05750328
3890.	3900.	0.
3900.	3910.	0.08124826
3910.	3920.	0.02396976
3920.	3930.	0.01575185
3930.	3940.	0.007856968
3940.	3950.	0.
3950.	3960.	0.
3960.	3970.	0.04145409
3970.	3980.	0.03944295
3980.	3990.	0.00854577
3990.	4000.	0.
4000.	4010.	0.01816333
4010.	4020.	0.05029646
4020.	4030.	0.05158931
4030.	4040.	0.02168715
4040.	4050.	0.03335571
4050.	4060.	0.0218652
4060.	4070.	0.
4070.	4080.	0.009824796
4080.	4090.	0.01516147
4090.	4100.	0.
4100.	4110.	0.02759525
4110.	4120.	0.02444337
4120.	4130.	0.0102206
4130.	4140.	0.01241791
4140.	4150.	0.01565458
4150.	4160.	0.01341696
4160.	4170.	0.01713119
4170.	4180.	0.01602341
4180.	4190.	0.02628589
4190.	4200.	0.
4200.	4210.	0.
4210.	4220.	0.
4220.	4230.	0.007344372
4230.	4240.	0.
4240.	4250.	0.03548969
4250.	4260.	0.
4260.	4270.	0.
4270.	4280.	0.
4280.	4290.	0.
4290.	4300.	0.
4300.	4310.	0.009073724
4310.	4320.	0.007338085
4320.	4330.	0.
4330.	4340.	0.
4340.	4350.	0.
4350.	4360.	0.02190403
4360.	4370.	0.0125241
4370.	4380.	0.
4380.	4390.	0.02054217
4390.	4400.	0.
4400.	4410.	0.
4410.	4420.	0.
4420.	4430.	0.
4430.	4440.	0.007422796
4440.	4450.	0.01091254
4450.	4460.	0.
4460.	4470.	0.01055139
4470.	4480.	0.
4480.	4490.	0.
4490.	4500.	0.
4500.	4510.	0.
4510.	4520.	0.
4520.	4530.	0.
4530.	4540.	0.01029366
4540.	4550.	0.
4550.	4560.	0.
4560.	4570.	0.
4570.	4580.	0.
4580.	4590.	0.
4590.	4600.	0.
4600.	4610.	0.
4610.	4620.	0.
4620.	4630.	0.
4630.	4640.	0.
4640.	4650.	0.
4650.	4660.	0.
4660.	4670.	0.
4670.	4680.	0.
4680.	4690.	0.
4690.	4700.	0.
4700.	4710.	0.
4710.	4720.	0.
4720.	4730.	0.
4730.	4740.	0.
4740.	4750.	0.
4750.	4760.	0.
4760.	4770.	0.
4770.	4780.	0.
4780.	4790.	0.
4790.	4800.	0.
4800.	4810.	0.
4810.	4820.	0.007000283
4820.	4830.	0.
4830.	4840.	0.
4840.	4850.	0.
4850.	4860.	0.
4860.	4870.	0.
4870.	4880.	0.
4880.	4890.	0.
4890.	4900.	0.
4900.	4910.	0.
4910.	4920.	0.
4920.	4930.	0.
4930.	4940.	0.
4940.	4950.	0.
4950.	4960.	0.
4960.	4970.	0.
4970.	4980.	0.
4980.	4990.	0.
4990.	5000.	0.
5000.	5010.	0.
5010.	5020.	0.
5020.	5030.	0.
5030.	5040.	0.
5040.	5050.	0.
5050.	5060.	0.
5060.	5070.	0.
5070.	5080.	0.
5080.	5090.	0.
5090.	5100.	0.
5100.	5110.	0.
5110.	5120.	0.
5120.	5130.	0.
5130.	5140.	0.
5140.	5150.	0.
5150.	5160.	0.
5160.	5170.	0.
5170.	5180.	0.
5180.	5190.	0.
5190.	5200.	0.
5200.	5210.	0.
5210.	5220.	0.
5220.	5230.	0.
5230.	5240.	0.
5240.	5250.	0.
5250.	5260.	0.
5260.	5270.	0.
5270.	5280.	0.
5280.	5290.	0.
5290.	5300.	0.
5300.	5310.	0.
5310.	5320.	0.
5320.	5330.	0.
5330.	5340.	0.
5340.	5350.	0.
5350.	5360.	0.
5360.	5370.	0.
5370.	5380.	0.
5380.	5390.	0.
5390.	5400.	0.
5400.	5410.	0.
5410.	5420.	0.
5420.	5430.	0.
5430.	5440.	0.
5440.	5450.	0.
5450.	5460.	0.
5460.	5470.	0.
5470.	5480.	0.
5480.	5490.	0.
5490.	5500.	0.
5500.	5510.	0.
5510.	5520.	0.
5520.	5530.	0.
5530.	5540.	0.
5540.	5550.	0.
5550.	5560.	0.
5560.	5570.	0.
5570.	5580.	0.
5580.	5590.	0.
5590.	5600.	0.
5600.	5610.	0.
5610.	5620.	0.
5620.	5630.	0.
5630.	5640.	0.
5640.	5650.	0.
5650.	5660.	0.
5660.	5670.	0.
5670.	5680.	0.
5680.	5690.	0.
5690.	5700.	0.
5700.	5710.	0.
5710.	5720.	0.
5720.	5730.	0.
5730.	5740.	0.
5740.	5750.	0.
5750.	5760.	0.
5760.	5770.	0.
5770.	5780.	0.
5780.	5790.	0.
5790.	5800.	0.
5800.	5810.	0.
5810.	5820.	0.
5820.	5830.	0.
5830.	5840.	0.
5840.	5850.	0.
5850.	5860.	0.
5860.	5870.	0.
5870.	5880.	0.
5880.	5890.	0.
5890.	5900.	0.
5900.	5910.	0.
5910.	5920.	0.
5920.	5930.	0.
5930.	5940.	0.
5940.	5950.	0.
5950.	5960.	0.
5960.	5970.	0.
5970.	5980.	0.
5980.	5990.	0.
5990.	6000.	0.
6000.	6010.	0.
6010.	6020.	0.
6020.	6030.	0.
6030.	6040.	0.
6040.	6050.	0.
6050.	6060.	0.
6060.	6070.	0.
6070.	6080.	0.
6080.	6090.	0.
6090.	6100.	0.
6100.	6110.	0.
6110.	6120.	0.
6120.	6130.	0.
6130.	6140.	0.
6140.	6150.	0.
6150.	6160.	0.
6160.	6170.	0.
6170.	6180.	0.
6180.	6190.	0.
6190.	6200.	0.
6200.	6210.	0.
6210.	6220.	0.
6220.	6230.	0.
6230.	6240.	0.
6240.	6250.	0.
6250.	6260.	0.
6260.	6270.	0.
6270.	6280.	0.
6280.	6290.	0.
6290.	6300.	0.
6300.	6310.	0.
6310.	6320.	0.
6320.	6330.	0.
6330.	6340.	0.
6340.	6350.	0.
6350.	6360.	0.
6360.	6370.	0.
6370.	6380.	0.
6380.	6390.	0.
6390.	6400.	0.
6400.	6410.	0.
6410.	6420.	0.
6420.	6430.	0.
6430.	6440.	0.
6440.	6450.	0.
6450.	6460.	0.
6460.	6470.	0.
6470.	6480.	0.
6480.	6490.	0.
6490.	6500.	0.
6500.	6510.	0.
6510.	6520.	0.
6520.	6530.	0.
6530.	6540.	0.
6540.	6550.	0.
6550.	6560.	0.
6560.	6570.	0.
6570.	6580.	0.
6580.	6590.	0.
6590.	6600.	0.
6600.	6610.	0.
6610.	6620.	0.
6620.	6630.	0.
6630.	6640.	0.
6640.	6650.	0.
6650.	6660.	0.
6660.	6670.	0.
6670.	6680.	0.
6680.	6690.	0.
6690.	6700.	0.
6700.	6710.	0.
6710.	6720.	0.
6720.	6730.	0.
6730.	6740.	0.
6740.	6750.	0.
6750.	6760.	0.
6760.	6770.	0.
6770.	6780.	0.
6780.	6790.	0.
6790.	6800.	0.
6800.	6810.	0.
6810.	6820.	0.
6820.	6830.	0.
6830.	6840.	0.
6840.	6850.	0.
6850.	6860.	0.
6860.	6870.	0.
6870.	6880.	0.
6880.	6890.	0.
6890.	6900.	0.
6900.	6910.	0.
6910.	6920.	0.
6920.	6930.	0.
6930.	6940.	0.
6940.	6950.	0.
6950.	6960.	0.
6960.	6970.	0.
6970.	6980.	0.
6980.	6990.	0.
6990.	7000.	0.
7000.	7010.	0.
7010.	7020.	0.
7020.	7030.	0.
7030.	7040.	0.
7040.	7050.	0.
7050.	7060.	0.
7060.	7070.	0.
7070.	7080.	0.
7080.	7090.	0.
7090.	7100.	0.
7100.	7110.	0.
7110.	7120.	0.
7120.	7130.	0.
7130.	7140.	0.
7140.	7150.	0.
7150.	7160.	0.
7160.	7170.	0.
7170.	7180.	0.
7180.	7190.	0.
7190.	7200.	0.
7200.	7210.	0.
7210.	7220.	0.
7220.	7230.	0.
7230.	7240.	0.
7240.	7250.	0.
7250.	7260.	0.
7260.	7270.	0.
7270.	7280.	0.
7280.	7290.	0.
7290.	7300.	0.
7300.	7310.	0.
7310.	7320.	0.
7320.	7330.	0.
7330.	7340.	0.
7340.	7350.	0.
7350.	7360.	0.
7360.	7370.	0.
7370.	7380.	0.
7380.	7390.	0.
7390.	7400.	0.
7400.	7410.	0.
7410.	7420.	0.
7420.	7430.	0.
7430.	7440.	0.
7440.	7450.	0.
7450.	7460.	0.
7460.	7470.	0.
7470.	7480.	0.
7480.	7490.	0.
7490.	7500.	0.
7500.	7510.	0.
7510.	7520.	0.
7520.	7530.	0.
7530.	7540.	0.
7540.	7550.	0.
7550.	7560.	0.
7560.	7570.	0.
7570.	7580.	0.
7580.	7590.	0.
7590.	7600.	0.
7600.	7610.	0.
7610.	7620.	0.
7620.	7630.	0.
7630.	7640.	0.
7640.	7650.	0.
7650.	7660.	0.
7660.	7670.	0.
7670.	7680.	0.
7680.	7690.	0.
7690.	7700.	0.
7700.	7710.	0.
7710.	7720.	0.
7720.	7730.	0.
7730.	7740.	0.
7740.	7750.	0.
7750.	7760.	0.
7760.	7770.	0.
7770.	7780.	0.
7780.	7790.	0.
7790.	7800.	0.
7800.	7810.	0.
7810.	7820.	0.
7820.	7830.	0.
7830.	7840.	0.
7840.	7850.	0.
7850.	7860.	0.
7860.	7870.	0.
7870.	7880.	0.
7880.	7890.	0.
7890.	7900.	0.
7900.	7910.	0.
7910.	7920.	0.
7920.	7930.	0.
7930.	7940.	0.
7940.	7950.	0.
7950.	7960.	0.
7960.	7970.	0.
7970.	7980.	0.
7980.	7990.	0.
7990.	8000.	0.
8000.	8010.	0.
8010.	8020.	0.
8020.	8030.	0.
8030.	8040.	0.
8040.	8050.	0.
8050.	8060.	0.
8060.	8070.	0.
8070.	8080.	0.
8080.	8090.	0.
8090.	8100.	0.
8100.	8110.	0.
8110.	8120.	0.
8120.	8130.	0.
8130.	8140.	0.
8140.	8150.	0.
8150.	8160.	0.
8160.	8170.	0.
8170.	8180.	0.
8180.	8190.	0.
8190.	8200.	0.
8200.	8210.	0.
8210.	8220.	0.
8220.	8230.	0.
8230.	8240.	0.
8240.	8250.	0.
8250.	8260.	0.
8260.	8270.	0.
8270.	8280.	0.
8280.	8290.	0.
8290.	8300.	0.
8300.	8310.	0.
8310.	8320.	0.
8320.	8330.	0.
8330.	8340.	0.
8340.	8350.	0.
8350.	8360.	0.
8360.	8370.	0.
8370.	8380.	0.
8380.	8390.	0.
8390.	8400.	0.
8400.	8410.	0.
8410.	8420.	0.
8420.	8430.	0.
8430.	8440.	0.
8440.	8450.	0.
8450.	8460.	0.
8460.	8470.	0.
8470.	8480.	0.
8480.	8490.	0.
8490.	8500.	0.
8500.	8510.	0.
8510.	8520.	0.
8520.	8530.	0.
8530.	8540.	0.
8540.	8550.	0.
8550.	8560.	0.
8560.	8570.	0.
8570.	8580.	0.
8580.	8590.	0.
8590.	8600.	0.
8600.	8610.	0.
8610.	8620.	0.
8620.	8630.	0.
8630.	8640.	0.
8640.	8650.	0.
8650.	8660.	0.
8660.	8670.	0.
8670.	8680.	0.
8680.	8690.	0.
8690.	8700.	0.
8700.	8710.	0.
8710.	8720.	0.
8720.	8730.	0.
8730.	8740.	0.
8740.	8750.	0.
8750.	8760.	0.
8760.	8770.	0.
8770.	8780.	0.
8780.	8790.	0.
8790.	8800.	0.
8800.	8810.	0.
8810.	8820.	0.
8820.	8830.	0.
8830.	8840.	0.
8840.	8850.	0.
8850.	8860.	0.
8860.	8870.	0.
8870.	8880.	0.
8880.	8890.	0.
8890.	8900.	0.
8900.	8910.	0.
8910.	8920.	0.
8920.	8930.	0.
8930.	8940.	0.
8940.	8950.	0.
8950.	8960.	0.
8960.	8970.	0.
8970.	8980.	0.
8980.	8990.	0.
8990.	9000.	0.
9000.	9010.	0.
9010.	9020.	0.
9020.	9030.	0.
9030.	9040.	0.
9040.	9050.	0.
9050.	9060.	0.
9060.	9070.	0.
9070.	9080.	0.
9080.	9090.	0.
9090.	9100.	0.
9100.	9110.	0.
9110.	9120.	0.
9120.	9130.	0.
9130.	9140.	0.
9140.	9150.	0.
9150.	9160.	0.
9160.	9170.	0.
9170.	9180.	0.
9180.	9190.	0.
9190.	9200.	0.
9200.	9210.	0.
9210.	9220.	0.
9220.	9230.	0.
9230.	9240.	0.
9240.	9250.	0.
9250.	9260.	0.
9260.	9270.	0.
9270.	9280.	0.
9280.	9290.	0.
9290.	9300.	0.
9300.	9310.	0.
9310.	9320.	0.
9320.	9330.	0.
9330.	9340.	0.
9340.	9350.	0.
9350.	9360.	0.
9360.	9370.	0.
9370.	9380.	0.
9380.	9390.	0.
9390.	9400.	0.
9400.	9410.	0.
9410.	9420.	0.
9420.	9430.	0.
9430.	9440.	0.
9440.	9450.	0.
9450.	9460.	0.
9460.	9470.	0.
9470.	9480.	0.
9480.	9490.	0.
9490.	9500.	0.
9500.	9510.	0.
9510.	9520.	0.
9520.	9530.	0.
9530.	9540.	0.
9540.	9550.	0.
9550.	9560.	0.
9560.	9570.	0.
9570.	9580.	0.
9580.	9590.	0.
9590.	9600.	0.
9600.	9610.	0.
9610.	9620.	0.
9620.	9630.	0.
9630.	9640.	0.
9640.	9650.	0.
9650.	9660.	0.
9660.	9670.	0.
9670.	9680.	0.
9680.	9690.	0.
9690.	9700.	0.
9700.	9710.	0.
9710.	9720.	0.
9720.	9730.	0.
9730.	9740.	0.
9740.	9750.	0.
9750.	9760.	0.
9760.	9770.	0.
9770.	9780.	0.
9780.	9790.	0.
9790.	9800.	0.
9800.	9810.	0.
9810.	9820.	0.
9820.	9830.	0.
9830.	9840.	0.
9840.	9850.	0.
9850.	9860.	0.
9860.	9870.	0.
9870.	9880.	0.
9880.	9890.	0.
9890.	9900.	0.
9900.	9910.	0.
9910.	9920.	0.
9920.	9930.	0.
9930.	9940.	0.
9940.	9950.	0.
9950.	9960.	0.
9960.	9970.	0.
9970.	9980.	0.
9980.	9990.	0.
9990.	10000.	0.
10000.	10010.	0.