-10.	0.	0.
0.	10.	0.
10.	20.	0.
20.	30.	0.
30.	40.	0.
40.	50.	0.
50.	60.	0.
60.	70.	0.
70.	80.	0.
80.	90.	0.
90.	100.	0.
100.	110.	0.
110.	120.	0.
120.	130.	0.
130.	140.	0.
140.	150.	0.
150.	160.	25882.83
160.	170.	22270.28
170.	180.	19064.36
180.	190.	16721.18
190.	200.	14049.95
200.	210.	12199.29
210.	220.	10299.51
220.	230.	9237.471
230.	240.	8417.607
240.	250.	7719.659
250.	260.	7044.513
260.	270.	6217.34
270.	280.	5409.176
280.	290.	4167.422
290.	300.	4957.518
300.	310.	3896.885
310.	320.	3850.947
320.	330.	3170.681
330.	340.	2596.758
340.	350.	2558.68
350.	360.	2336.869
360.	370.	2184.36
370.	380.	2091.144
380.	390.	1705.94
390.	400.	1794.132
400.	410.	1663.846
410.	420.	1261.146
420.	430.	1440.684
430.	440.	1270.579
440.	450.	1186.612
450.	460.	1221.164
460.	470.	1064.479
470.	480.	948.0487
480.	490.	879.6977
490.	500.	938.0121
500.	510.	1009.116
510.	520.	595.9061
520.	530.	774.4634
530.	540.	588.1073
540.	550.	532.8569
550.	560.	634.9178
560.	570.	532.6071
570.	580.	525.2004
580.	590.	398.7175
590.	600.	626.2146
600.	610.	447.6848
610.	620.	390.3844
620.	630.	302.858
630.	640.	457.2088
640.	650.	363.4069
650.	660.	415.4344
660.	670.	298.0062
670.	680.	386.356
680.	690.	319.0171
690.	700.	259.5908
700.	710.	153.531
710.	720.	205.4674
720.	730.	155.8789
730.	740.	274.2751
740.	750.	234.7034
750.	760.	214.369
760.	770.	156.373
770.	780.	130.3822
780.	790.	132.5466
790.	800.	113.9506
800.	810.	231.7455
810.	820.	181.26
820.	830.	119.7225
830.	840.	112.4917
840.	850.	122.2633
850.	860.	94.93714
860.	870.	82.97275
870.	880.	125.8726
880.	890.	98.58456
890.	900.	80.81864
900.	910.	137.2454
910.	920.	62.13138
920.	930.	114.6068
930.	940.	83.74544
940.	950.	81.13287
950.	960.	75.726
960.	970.	70.90436
970.	980.	88.17568
980.	990.	106.843
990.	1000.	49.99663
1000.	1010.	81.22654
1010.	1020.	37.90885
1020.	1030.	44.91174
1030.	1040.	65.63098
1040.	1050.	66.52775
1050.	1060.	37.87095
1060.	1070.	47.15782
1070.	1080.	58.17613
1080.	1090.	52.82629
1090.	1100.	39.93969
1100.	1110.	34.70142
1110.	1120.	39.09698
1120.	1130.	30.76858
1130.	1140.	41.14934
1140.	1150.	30.28748
1150.	1160.	28.53701
1160.	1170.	41.15204
1170.	1180.	22.90258
1180.	1190.	31.83991
1190.	1200.	36.71597
1200.	1210.	23.50313
1210.	1220.	24.15711
1220.	1230.	20.00459
1230.	1240.	28.17763
1240.	1250.	28.6883
1250.	1260.	21.3439
1260.	1270.	26.03334
1270.	1280.	24.78337
1280.	1290.	27.30421
1290.	1300.	19.95176
1300.	1310.	18.72354
1310.	1320.	14.47556
1320.	1330.	21.07949
1330.	1340.	20.16101
1340.	1350.	13.42037
1350.	1360.	15.62802
1360.	1370.	17.12235
1370.	1380.	12.71473
1380.	1390.	16.33853
1390.	1400.	16.63114
1400.	1410.	10.65289
1410.	1420.	14.72479
1420.	1430.	10.16032
1430.	1440.	17.34989
1440.	1450.	12.74163
1450.	1460.	10.54318
1460.	1470.	15.51693
1470.	1480.	17.04949
1480.	1490.	12.55963
1490.	1500.	7.881734
1500.	1510.	14.18891
1510.	1520.	11.5371
1520.	1530.	11.38462
1530.	1540.	8.404851
1540.	1550.	8.821403
1550.	1560.	13.30517
1560.	1570.	5.699924
1570.	1580.	7.879324
1580.	1590.	7.327849
1590.	1600.	9.717817
1600.	1610.	6.971412
1610.	1620.	9.267904
1620.	1630.	8.648726
1630.	1640.	9.10337
1640.	1650.	8.133228
1650.	1660.	5.35109
1660.	1670.	5.807903
1670.	1680.	7.653642
1680.	1690.	7.869653
1690.	1700.	5.327097
1700.	1710.	7.959094
1710.	1720.	8.037424
1720.	1730.	5.5835
1730.	1740.	4.793394
1740.	1750.	5.907764
1750.	1760.	4.213485
1760.	1770.	4.665709
1770.	1780.	4.758212
1780.	1790.	4.491748
1790.	1800.	2.63279
1800.	1810.	4.892734
1810.	1820.	3.420916
1820.	1830.	6.561628
1830.	1840.	4.665946
1840.	1850.	2.888736
1850.	1860.	4.571243
1860.	1870.	4.444868
1870.	1880.	2.984884
1880.	1890.	3.317657
1890.	1900.	2.582841
1900.	1910.	3.945464
1910.	1920.	4.701571
1920.	1930.	3.108489
1930.	1940.	2.775984
1940.	1950.	3.170557
1950.	1960.	3.06986
1960.	1970.	4.19928
1970.	1980.	2.512911
1980.	1990.	2.987089
1990.	2000.	2.477441
2000.	2010.	3.065488
2010.	2020.	3.052256
2020.	2030.	2.263782
2030.	2040.	1.034645
2040.	2050.	1.845237
2050.	2060.	2.073468
2060.	2070.	2.259122
2070.	2080.	3.114833
2080.	2090.	2.245695
2090.	2100.	1.935205
2100.	2110.	2.299922
2110.	2120.	1.838509
2120.	2130.	1.791765
2130.	2140.	2.159389
2140.	2150.	1.700976
2150.	2160.	0.9201398
2160.	2170.	1.308896
2170.	2180.	1.714614
2180.	2190.	1.550673
2190.	2200.	1.596887
2200.	2210.	1.488048
2210.	2220.	2.540058
2220.	2230.	1.305943
2230.	2240.	1.353671
2240.	2250.	1.176003
2250.	2260.	1.521359
2260.	2270.	1.125241
2270.	2280.	1.471387
2280.	2290.	1.823103
2290.	2300.	1.437349
2300.	2310.	1.099666
2310.	2320.	1.170703
2320.	2330.	1.363233
2330.	2340.	0.8669459
2340.	2350.	0.8829946
2350.	2360.	1.525516
2360.	2370.	1.193652
2370.	2380.	1.237867
2380.	2390.	0.7695328
2390.	2400.	0.8900952
2400.	2410.	1.19206
2410.	2420.	0.60018
2420.	2430.	1.264387
2430.	2440.	0.9900064
2440.	2450.	0.6020009
2450.	2460.	1.39178
2460.	2470.	0.6902447
2470.	2480.	0.8009391
2480.	2490.	0.6396511
2490.	2500.	0.6299787
2500.	2510.	0.8985677
2510.	2520.	0.7439821
2520.	2530.	0.6369555
2530.	2540.	0.6141706
2540.	2550.	0.773984
2550.	2560.	0.8375543
2560.	2570.	1.347737
2570.	2580.	0.4351207
2580.	2590.	0.4802267
2590.	2600.	0.9190621
2600.	2610.	0.6532756
2610.	2620.	0.4991975
2620.	2630.	0.3489909
2630.	2640.	0.5662313
2640.	2650.	0.4167983
2650.	2660.	0.3281559
2660.	2670.	0.519687
2670.	2680.	0.7886096
2680.	2690.	0.5445397
2690.	2700.	0.3046656
2700.	2710.	0.5959178
2710.	2720.	0.3133176
2720.	2730.	0.4874725
2730.	2740.	0.6645101
2740.	2750.	0.4933972
2750.	2760.	0.1911294
2760.	2770.	0.5762914
2770.	2780.	0.2714695
2780.	2790.	0.1083698
2790.	2800.	0.2376956
2800.	2810.	0.6406893
2810.	2820.	0.1900969
2820.	2830.	0.1674044
2830.	2840.	0.5765889
2840.	2850.	0.2020631
2850.	2860.	0.205721
2860.	2870.	0.3550206
2870.	2880.	0.6266447
2880.	2890.	0.3045731
2890.	2900.	0.2468075
2900.	2910.	0.08152528
2910.	2920.	0.1830977
2920.	2930.	0.3460715
2930.	2940.	0.379512
2940.	2950.	0.2762213
2950.	2960.	0.1518964
2960.	2970.	0.1810036
2970.	2980.	0.18761
2980.	2990.	0.1336034
2990.	3000.	0.2998709
3000.	3010.	0.2711659
3010.	3020.	0.1593545
3020.	3030.	0.1063938
3030.	3040.	0.2695311
3040.	3050.	0.1109544
3050.	3060.	0.1225261
3060.	3070.	0.2159465
3070.	3080.	0.1598482
3080.	3090.	0.3311065
3090.	3100.	0.09341978
3100.	3110.	0.1028554
3110.	3120.	0.1509701
3120.	3130.	0.1830259
3130.	3140.	0.1642163
3140.	3150.	0.15578
3150.	3160.	0.1371262
3160.	3170.	0.08109768
3170.	3180.	0.2633245
3180.	3190.	0.1703314
3190.	3200.	0.118716
3200.	3210.	0.2242032
3210.	3220.	0.02904979
3220.	3230.	0.3131239
3230.	3240.	0.05318205
3240.	3250.	0.09043571
3250.	3260.	0.1269148
3260.	3270.	0.04776448
3270.	3280.	0.02628629
3280.	3290.	0.09629355
3290.	3300.	0.1213462
3300.	3310.	0.05940606
3310.	3320.	0.09262581
3320.	3330.	0.1694051
3330.	3340.	0.08975016
3340.	3350.	0.110255
3350.	3360.	0.07767453
3360.	3370.	0.1008049
3370.	3380.	0.05304171
3380.	3390.	0.05854973
3390.	3400.	0.07637032
3400.	3410.	0.07691461
3410.	3420.	0.1234497
3420.	3430.	0.03993877
3430.	3440.	0.158027
3440.	3450.	0.07969451
3450.	3460.	0.0659541
3460.	3470.	0.08161706
3470.	3480.	0.0698377
3480.	3490.	0.02730248
3490.	3500.	0.01811055
3500.	3510.	0.05710271
3510.	3520.	0.08092527
3520.	3530.	0.1030401
3530.	3540.	0.06380497
3540.	3550.	0.02782947
3550.	3560.	0.1030902
3560.	3570.	0.08575608
3570.	3580.	0.05804739
3580.	3590.	0.02001891
3590.	3600.	0.04872324
3600.	3610.	0.06944981
3610.	3620.	0.05960069
3620.	3630.	0.04187025
3630.	3640.	0.01866791
3640.	3650.	0.03041161
3650.	3660.	0.07948612
3660.	3670.	0.02150027
3670.	3680.	0.04255984
3680.	3690.	0.
3690.	3700.	0.
3700.	3710.	0.007071732
3710.	3720.	0.07058233
3720.	3730.	0.06761536
3730.	3740.	0.02585757
3740.	3750.	0.
3750.	3760.	0.04205242
3760.	3770.	0.008650174
3770.	3780.	0.0349169
3780.	3790.	0.01901224
3790.	3800.	0.02525902
3800.	3810.	0.01210285
3810.	3820.	0.01620487
3820.	3830.	0.06488057
3830.	3840.	0.
3840.	3850.	0.0196524
3850.	3860.	0.05449615
3860.	3870.	0.009552701
3870.	3880.	0.009120149
3880.	3890.	0.01486876
3890.	3900.	0.
3900.	3910.	0.03910786
3910.	3920.	0.01499226
3920.	3930.	0.01494075
3930.	3940.	0.008013615
3940.	3950.	0.01521791
3950.	3960.	0.04674699
3960.	3970.	0.03100803
3970.	3980.	0.00581103
3980.	3990.	0.02911158
3990.	4000.	0.02075848
4000.	4010.	0.03871452
4010.	4020.	0.01265822
4020.	4030.	0.01860015
4030.	4040.	0.009150201
4040.	4050.	0.
4050.	4060.	0.
4060.	4070.	0.02262016
4070.	4080.	0.02525988
4080.	4090.	0.008164776
4090.	4100.	0.008450157
4100.	4110.	0.01113627
4110.	4120.	0.006674359
4120.	4130.	0.006851926
4130.	4140.	0.006609422
4140.	4150.	0.0161359
4150.	4160.	0.
4160.	4170.	0.
4170.	4180.	0.01019001
4180.	4190.	0.
4190.	4200.	0.005911558
4200.	4210.	0.006232579
4210.	4220.	0.01113606
4220.	4230.	0.
4230.	4240.	0.
4240.	4250.	0.005620029
4250.	4260.	0.
4260.	4270.	0.
4270.	4280.	0.
4280.	4290.	0.01031268
4290.	4300.	0.
4300.	4310.	0.
4310.	4320.	0.
4320.	4330.	0.
4330.	4340.	0.
4340.	4350.	0.006181822
4350.	4360.	0.
4360.	4370.	0.008994487
4370.	4380.	0.
4380.	4390.	0.
4390.	4400.	0.
4400.	4410.	0.
4410.	4420.	0.
4420.	4430.	0.
4430.	4440.	0.
4440.	4450.	0.
4450.	4460.	0.005254579
4460.	4470.	0.00663644
4470.	4480.	0.008113979
4480.	4490.	0.
4490.	4500.	0.01351669
4500.	4510.	0.
4510.	4520.	0.01240351
4520.	4530.	0.006820263
4530.	4540.	0.007216501
4540.	4550.	0.006799292
4550.	4560.	0.
4560.	4570.	0.
4570.	4580.	0.
4580.	4590.	0.006287603
4590.	4600.	0.
4600.	4610.	0.006365116
4610.	4620.	0.
4620.	4630.	0.
4630.	4640.	0.006707171
4640.	4650.	0.
4650.	4660.	0.
4660.	4670.	0.
4670.	4680.	0.
4680.	4690.	0.
4690.	4700.	0.005325432
4700.	4710.	0.005803098
4710.	4720.	0.
4720.	4730.	0.
4730.	4740.	0.
4740.	4750.	0.
4750.	4760.	0.
4760.	4770.	0.
4770.	4780.	0.
4780.	4790.	0.
4790.	4800.	0.
4800.	4810.	0.005812217
4810.	4820.	0.
4820.	4830.	0.
4830.	4840.	0.
4840.	4850.	0.
4850.	4860.	0.
4860.	4870.	0.
4870.	4880.	0.
4880.	4890.	0.
4890.	4900.	0.
4900.	4910.	0.
4910.	4920.	0.
4920.	4930.	0.
4930.	4940.	0.
4940.	4950.	0.
4950.	4960.	0.
4960.	4970.	0.
4970.	4980.	0.
4980.	4990.	0.
4990.	5000.	0.
5000.	5010.	0.
5010.	5020.	0.
5020.	5030.	0.
5030.	5040.	0.
5040.	5050.	0.
5050.	5060.	0.
5060.	5070.	0.
5070.	5080.	0.
5080.	5090.	0.
5090.	5100.	0.
5100.	5110.	0.
5110.	5120.	0.
5120.	5130.	0.
5130.	5140.	0.
5140.	5150.	0.
5150.	5160.	0.
5160.	5170.	0.
5170.	5180.	0.
5180.	5190.	0.
5190.	5200.	0.
5200.	5210.	0.
5210.	5220.	0.
5220.	5230.	0.
5230.	5240.	0.
5240.	5250.	0.
5250.	5260.	0.
5260.	5270.	0.
5270.	5280.	0.
5280.	5290.	0.
5290.	5300.	0.
5300.	5310.	0.
5310.	5320.	0.
5320.	5330.	0.
5330.	5340.	0.
5340.	5350.	0.
5350.	5360.	0.
5360.	5370.	0.
5370.	5380.	0.
5380.	5390.	0.
5390.	5400.	0.
5400.	5410.	0.
5410.	5420.	0.
5420.	5430.	0.
5430.	5440.	0.
5440.	5450.	0.
5450.	5460.	0.
5460.	5470.	0.
5470.	5480.	0.
5480.	5490.	0.
5490.	5500.	0.
5500.	5510.	0.
5510.	5520.	0.
5520.	5530.	0.
5530.	5540.	0.
5540.	5550.	0.
5550.	5560.	0.
5560.	5570.	0.
5570.	5580.	0.
5580.	5590.	0.
5590.	5600.	0.
5600.	5610.	0.
5610.	5620.	0.
5620.	5630.	0.
5630.	5640.	0.
5640.	5650.	0.
5650.	5660.	0.
5660.	5670.	0.
5670.	5680.	0.
5680.	5690.	0.
5690.	5700.	0.
5700.	5710.	0.
5710.	5720.	0.
5720.	5730.	0.
5730.	5740.	0.
5740.	5750.	0.
5750.	5760.	0.
5760.	5770.	0.
5770.	5780.	0.
5780.	5790.	0.
5790.	5800.	0.
5800.	5810.	0.
5810.	5820.	0.
5820.	5830.	0.
5830.	5840.	0.
5840.	5850.	0.
5850.	5860.	0.
5860.	5870.	0.
5870.	5880.	0.
5880.	5890.	0.
5890.	5900.	0.
5900.	5910.	0.
5910.	5920.	0.
5920.	5930.	0.
5930.	5940.	0.
5940.	5950.	0.
5950.	5960.	0.
5960.	5970.	0.
5970.	5980.	0.
5980.	5990.	0.
5990.	6000.	0.
6000.	6010.	0.
6010.	6020.	0.
6020.	6030.	0.
6030.	6040.	0.
6040.	6050.	0.
6050.	6060.	0.
6060.	6070.	0.
6070.	6080.	0.
6080.	6090.	0.
6090.	6100.	0.
6100.	6110.	0.
6110.	6120.	0.
6120.	6130.	0.
6130.	6140.	0.
6140.	6150.	0.
6150.	6160.	0.
6160.	6170.	0.
6170.	6180.	0.
6180.	6190.	0.
6190.	6200.	0.
6200.	6210.	0.
6210.	6220.	0.
6220.	6230.	0.
6230.	6240.	0.
6240.	6250.	0.
6250.	6260.	0.
6260.	6270.	0.
6270.	6280.	0.
6280.	6290.	0.
6290.	6300.	0.
6300.	6310.	0.
6310.	6320.	0.
6320.	6330.	0.
6330.	6340.	0.
6340.	6350.	0.
6350.	6360.	0.
6360.	6370.	0.
6370.	6380.	0.
6380.	6390.	0.
6390.	6400.	0.
6400.	6410.	0.
6410.	6420.	0.
6420.	6430.	0.
6430.	6440.	0.
6440.	6450.	0.
6450.	6460.	0.
6460.	6470.	0.
6470.	6480.	0.
6480.	6490.	0.
6490.	6500.	0.
6500.	6510.	0.
6510.	6520.	0.
6520.	6530.	0.
6530.	6540.	0.
6540.	6550.	0.
6550.	6560.	0.
6560.	6570.	0.
6570.	6580.	0.
6580.	6590.	0.
6590.	6600.	0.
6600.	6610.	0.
6610.	6620.	0.
6620.	6630.	0.
6630.	6640.	0.
6640.	6650.	0.
6650.	6660.	0.
6660.	6670.	0.
6670.	6680.	0.
6680.	6690.	0.
6690.	6700.	0.
6700.	6710.	0.
6710.	6720.	0.
6720.	6730.	0.
6730.	6740.	0.
6740.	6750.	0.
6750.	6760.	0.
6760.	6770.	0.
6770.	6780.	0.
6780.	6790.	0.
6790.	6800.	0.
6800.	6810.	0.
6810.	6820.	0.
6820.	6830.	0.
6830.	6840.	0.
6840.	6850.	0.
6850.	6860.	0.
6860.	6870.	0.
6870.	6880.	0.
6880.	6890.	0.
6890.	6900.	0.
6900.	6910.	0.
6910.	6920.	0.
6920.	6930.	0.
6930.	6940.	0.
6940.	6950.	0.
6950.	6960.	0.
6960.	6970.	0.
6970.	6980.	0.
6980.	6990.	0.
6990.	7000.	0.
7000.	7010.	0.
7010.	7020.	0.
7020.	7030.	0.
7030.	7040.	0.
7040.	7050.	0.
7050.	7060.	0.
7060.	7070.	0.
7070.	7080.	0.
7080.	7090.	0.
7090.	7100.	0.
7100.	7110.	0.
7110.	7120.	0.
7120.	7130.	0.
7130.	7140.	0.
7140.	7150.	0.
7150.	7160.	0.
7160.	7170.	0.
7170.	7180.	0.
7180.	7190.	0.
7190.	7200.	0.
7200.	7210.	0.
7210.	7220.	0.
7220.	7230.	0.
7230.	7240.	0.
7240.	7250.	0.
7250.	7260.	0.
7260.	7270.	0.
7270.	7280.	0.
7280.	7290.	0.
7290.	7300.	0.
7300.	7310.	0.
7310.	7320.	0.
7320.	7330.	0.
7330.	7340.	0.
7340.	7350.	0.
7350.	7360.	0.
7360.	7370.	0.
7370.	7380.	0.
7380.	7390.	0.
7390.	7400.	0.
7400.	7410.	0.
7410.	7420.	0.
7420.	7430.	0.
7430.	7440.	0.
7440.	7450.	0.
7450.	7460.	0.
7460.	7470.	0.
7470.	7480.	0.
7480.	7490.	0.
7490.	7500.	0.
7500.	7510.	0.
7510.	7520.	0.
7520.	7530.	0.
7530.	7540.	0.
7540.	7550.	0.
7550.	7560.	0.
7560.	7570.	0.
7570.	7580.	0.
7580.	7590.	0.
7590.	7600.	0.
7600.	7610.	0.
7610.	7620.	0.
7620.	7630.	0.
7630.	7640.	0.
7640.	7650.	0.
7650.	7660.	0.
7660.	7670.	0.
7670.	7680.	0.
7680.	7690.	0.
7690.	7700.	0.
7700.	7710.	0.
7710.	7720.	0.
7720.	7730.	0.
7730.	7740.	0.
7740.	7750.	0.
7750.	7760.	0.
7760.	7770.	0.
7770.	7780.	0.
7780.	7790.	0.
7790.	7800.	0.
7800.	7810.	0.
7810.	7820.	0.
7820.	7830.	0.
7830.	7840.	0.
7840.	7850.	0.
7850.	7860.	0.
7860.	7870.	0.
7870.	7880.	0.
7880.	7890.	0.
7890.	7900.	0.
7900.	7910.	0.
7910.	7920.	0.
7920.	7930.	0.
7930.	7940.	0.
7940.	7950.	0.
7950.	7960.	0.
7960.	7970.	0.
7970.	7980.	0.
7980.	7990.	0.
7990.	8000.	0.
8000.	8010.	0.
8010.	8020.	0.
8020.	8030.	0.
8030.	8040.	0.
8040.	8050.	0.
8050.	8060.	0.
8060.	8070.	0.
8070.	8080.	0.
8080.	8090.	0.
8090.	8100.	0.
8100.	8110.	0.
8110.	8120.	0.
8120.	8130.	0.
8130.	8140.	0.
8140.	8150.	0.
8150.	8160.	0.
8160.	8170.	0.
8170.	8180.	0.
8180.	8190.	0.
8190.	8200.	0.
8200.	8210.	0.
8210.	8220.	0.
8220.	8230.	0.
8230.	8240.	0.
8240.	8250.	0.
8250.	8260.	0.
8260.	8270.	0.
8270.	8280.	0.
8280.	8290.	0.
8290.	8300.	0.
8300.	8310.	0.
8310.	8320.	0.
8320.	8330.	0.
8330.	8340.	0.
8340.	8350.	0.
8350.	8360.	0.
8360.	8370.	0.
8370.	8380.	0.
8380.	8390.	0.
8390.	8400.	0.
8400.	8410.	0.
8410.	8420.	0.
8420.	8430.	0.
8430.	8440.	0.
8440.	8450.	0.
8450.	8460.	0.
8460.	8470.	0.
8470.	8480.	0.
8480.	8490.	0.
8490.	8500.	0.
8500.	8510.	0.
8510.	8520.	0.
8520.	8530.	0.
8530.	8540.	0.
8540.	8550.	0.
8550.	8560.	0.
8560.	8570.	0.
8570.	8580.	0.
8580.	8590.	0.
8590.	8600.	0.
8600.	8610.	0.
8610.	8620.	0.
8620.	8630.	0.
8630.	8640.	0.
8640.	8650.	0.
8650.	8660.	0.
8660.	8670.	0.
8670.	8680.	0.
8680.	8690.	0.
8690.	8700.	0.
8700.	8710.	0.
8710.	8720.	0.
8720.	8730.	0.
8730.	8740.	0.
8740.	8750.	0.
8750.	8760.	0.
8760.	8770.	0.
8770.	8780.	0.
8780.	8790.	0.
8790.	8800.	0.
8800.	8810.	0.
8810.	8820.	0.
8820.	8830.	0.
8830.	8840.	0.
8840.	8850.	0.
8850.	8860.	0.
8860.	8870.	0.
8870.	8880.	0.
8880.	8890.	0.
8890.	8900.	0.
8900.	8910.	0.
8910.	8920.	0.
8920.	8930.	0.
8930.	8940.	0.
8940.	8950.	0.
8950.	8960.	0.
8960.	8970.	0.
8970.	8980.	0.
8980.	8990.	0.
8990.	9000.	0.
9000.	9010.	0.
9010.	9020.	0.
9020.	9030.	0.
9030.	9040.	0.
9040.	9050.	0.
9050.	9060.	0.
9060.	9070.	0.
9070.	9080.	0.
9080.	9090.	0.
9090.	9100.	0.
9100.	9110.	0.
9110.	9120.	0.
9120.	9130.	0.
9130.	9140.	0.
9140.	9150.	0.
9150.	9160.	0.
9160.	9170.	0.
9170.	9180.	0.
9180.	9190.	0.
9190.	9200.	0.
9200.	9210.	0.
9210.	9220.	0.
9220.	9230.	0.
9230.	9240.	0.
9240.	9250.	0.
9250.	9260.	0.
9260.	9270.	0.
9270.	9280.	0.
9280.	9290.	0.
9290.	9300.	0.
9300.	9310.	0.
9310.	9320.	0.
9320.	9330.	0.
9330.	9340.	0.
9340.	9350.	0.
9350.	9360.	0.
9360.	9370.	0.
9370.	9380.	0.
9380.	9390.	0.
9390.	9400.	0.
9400.	9410.	0.
9410.	9420.	0.
9420.	9430.	0.
9430.	9440.	0.
9440.	9450.	0.
9450.	9460.	0.
9460.	9470.	0.
9470.	9480.	0.
9480.	9490.	0.
9490.	9500.	0.
9500.	9510.	0.
9510.	9520.	0.
9520.	9530.	0.
9530.	9540.	0.
9540.	9550.	0.
9550.	9560.	0.
9560.	9570.	0.
9570.	9580.	0.
9580.	9590.	0.
9590.	9600.	0.
9600.	9610.	0.
9610.	9620.	0.
9620.	9630.	0.
9630.	9640.	0.
9640.	9650.	0.
9650.	9660.	0.
9660.	9670.	0.
9670.	9680.	0.
9680.	9690.	0.
9690.	9700.	0.
9700.	9710.	0.
9710.	9720.	0.
9720.	9730.	0.
9730.	9740.	0.
9740.	9750.	0.
9750.	9760.	0.
9760.	9770.	0.
9770.	9780.	0.
9780.	9790.	0.
9790.	9800.	0.
9800.	9810.	0.
9810.	9820.	0.
9820.	9830.	0.
9830.	9840.	0.
9840.	9850.	0.
9850.	9860.	0.
9860.	9870.	0.
9870.	9880.	0.
9880.	9890.	0.
9890.	9900.	0.
9900.	9910.	0.
9910.	9920.	0.
9920.	9930.	0.
9930.	9940.	0.
9940.	9950.	0.
9950.	9960.	0.
9960.	9970.	0.
9970.	9980.	0.
9980.	9990.	0.
9990.	10000.	0.
10000.	10010.	0.