-10.	0.	0.
0.	10.	0.
10.	20.	0.
20.	30.	0.
30.	40.	0.
40.	50.	0.
50.	60.	0.
60.	70.	0.
70.	80.	0.
80.	90.	0.
90.	100.	0.
100.	110.	0.
110.	120.	0.
120.	130.	0.
130.	140.	0.
140.	150.	0.
150.	160.	0.
160.	170.	0.
170.	180.	0.
180.	190.	0.
190.	200.	0.
200.	210.	0.
210.	220.	0.
220.	230.	0.
230.	240.	0.
240.	250.	0.
250.	260.	0.
260.	270.	0.
270.	280.	0.
280.	290.	0.
290.	300.	0.
300.	310.	0.
310.	320.	0.
320.	330.	0.
330.	340.	0.
340.	350.	0.
350.	360.	0.
360.	370.	0.
370.	380.	0.
380.	390.	0.
390.	400.	0.
400.	410.	0.
410.	420.	0.
420.	430.	0.
430.	440.	0.
440.	450.	0.
450.	460.	0.
460.	470.	0.
470.	480.	0.
480.	490.	0.
490.	500.	0.
500.	510.	0.1042429
510.	520.	0.1227476
520.	530.	0.1341588
530.	540.	0.1538971
540.	550.	0.1616074
550.	560.	0.1616074
560.	570.	0.1677756
570.	580.	0.1896728
580.	590.	0.1939905
590.	600.	0.1995419
600.	610.	0.197383
610.	620.	0.1942989
620.	630.	0.1902896
630.	640.	0.1989251
640.	650.	0.207869
650.	660.	0.2054017
660.	670.	0.2091027
670.	680.	0.2103363
680.	690.	0.207869
690.	700.	0.2146541
700.	710.	0.2047849
710.	720.	0.19214
720.	730.	0.2013924
730.	740.	0.1949157
740.	750.	0.1995419
750.	760.	0.1909064
760.	770.	0.1847382
770.	780.	0.1927569
780.	790.	0.1862802
790.	800.	0.1872055
800.	810.	0.1831961
810.	820.	0.1720933
820.	830.	0.1770279
830.	840.	0.1724017
840.	850.	0.1835045
850.	860.	0.1720933
860.	870.	0.1557476
870.	880.	0.1585232
880.	890.	0.1554391
890.	900.	0.1545139
900.	910.	0.1609905
910.	920.	0.1381681
920.	930.	0.1563644
930.	940.	0.1489625
940.	950.	0.1449532
950.	960.	0.1461868
960.	970.	0.1304578
970.	980.	0.1304578
980.	990.	0.1412522
990.	1000.	0.1255233
1000.	1010.	0.1264485
1010.	1020.	0.1267569
1020.	1030.	0.1218223
1030.	1040.	0.1175046
1040.	1050.	0.1113364
1050.	1060.	0.1193551
1060.	1070.	0.1168878
1070.	1080.	0.1048597
1080.	1090.	0.1082523
1090.	1100.	0.1171962
1100.	1110.	0.1070186
1110.	1120.	0.09930834
1120.	1130.	0.1116448
1130.	1140.	0.1067102
1140.	1150.	0.09714946
1150.	1160.	0.1008504
1160.	1170.	0.08635508
1170.	1180.	0.09684105
1180.	1190.	0.09314012
1190.	1200.	0.07987845
1200.	1210.	0.09899993
1210.	1220.	0.08635508
1220.	1230.	0.09899993
1230.	1240.	0.08357938
1240.	1250.	0.08296256
1250.	1260.	0.07987845
1260.	1270.	0.0814205
1270.	1280.	0.07525228
1280.	1290.	0.08357938
1290.	1300.	0.07155135
1300.	1310.	0.07432705
1310.	1320.	0.07278499
1320.	1330.	0.06322425
1330.	1340.	0.06414949
1340.	1350.	0.07401864
1350.	1360.	0.0672336
1360.	1370.	0.06414949
1370.	1380.	0.05983173
1380.	1390.	0.07247658
1390.	1400.	0.06199061
1400.	1410.	0.05582239
1410.	1420.	0.06353266
1420.	1430.	0.05551398
1430.	1440.	0.05366351
1440.	1450.	0.05397192
1450.	1460.	0.04872894
1460.	1470.	0.05397192
1470.	1480.	0.05397192
1480.	1490.	0.0505794
1490.	1500.	0.05643921
1500.	1510.	0.04657006
1510.	1520.	0.05859809
1520.	1530.	0.05273828
1530.	1540.	0.04533642
1540.	1550.	0.04749529
1550.	1560.	0.05088781
1560.	1570.	0.04842053
1570.	1580.	0.03947661
1580.	1590.	0.04194389
1590.	1600.	0.04718688
1600.	1610.	0.04348595
1610.	1620.	0.04348595
1620.	1630.	0.04410277
1630.	1640.	0.04441118
1640.	1650.	0.04379436
1650.	1660.	0.03978502
1660.	1670.	0.04286913
1670.	1680.	0.03793455
1680.	1690.	0.03238315
1690.	1700.	0.03608409
1700.	1710.	0.0336168
1710.	1720.	0.0308411
1720.	1730.	0.0391682
1730.	1740.	0.0336168
1740.	1750.	0.02868222
1750.	1760.	0.03299998
1760.	1770.	0.02899063
1770.	1780.	0.02929904
1780.	1790.	0.03176633
1790.	1800.	0.03145792
1800.	1810.	0.03423362
1810.	1820.	0.03022428
1820.	1830.	0.02899063
1830.	1840.	0.02960746
1840.	1850.	0.02343924
1850.	1860.	0.02868222
1860.	1870.	0.03546726
1870.	1880.	0.02436447
1880.	1890.	0.02744858
1890.	1900.	0.03269157
1900.	1910.	0.02559811
1910.	1920.	0.02683176
1920.	1930.	0.02158877
1930.	1940.	0.02467288
1940.	1950.	0.02744858
1950.	1960.	0.02405606
1960.	1970.	0.02436447
1970.	1980.	0.02220559
1980.	1990.	0.02097195
1990.	2000.	0.02590652
2000.	2010.	0.02313082
2010.	2020.	0.02313082
2020.	2030.	0.02313082
2030.	2040.	0.02188236
2040.	2050.	0.02341775
2050.	2060.	0.02156851
2060.	2070.	0.0249488
2070.	2080.	0.02336736
2080.	2090.	0.01442191
2090.	2100.	0.01932263
2100.	2110.	0.02144192
2110.	2120.	0.01700864
2120.	2130.	0.01940041
2130.	2140.	0.01436293
2140.	2150.	0.01825465
2150.	2160.	0.01987321
2160.	2170.	0.01676774
2170.	2180.	0.01682085
2180.	2190.	0.02147266
2190.	2200.	0.01584956
2200.	2210.	0.01792068
2210.	2220.	0.01798288
2220.	2230.	0.01643421
2230.	2240.	0.0166688
2240.	2250.	0.01746856
2250.	2260.	0.02122506
2260.	2270.	0.01990847
2270.	2280.	0.01643147
2280.	2290.	0.01731698
2290.	2300.	0.01189797
2300.	2310.	0.01521877
2310.	2320.	0.01454512
2320.	2330.	0.01409198
2330.	2340.	0.01896184
2340.	2350.	0.01498875
2350.	2360.	0.008808648
2360.	2370.	0.01471027
2370.	2380.	0.01528215
2380.	2390.	0.01546189
2390.	2400.	0.01459519
2400.	2410.	0.01357642
2410.	2420.	0.01617505
2420.	2430.	0.01237552
2430.	2440.	0.0117493
2440.	2450.	0.01082727
2450.	2460.	0.01242379
2460.	2470.	0.01257055
2470.	2480.	0.01114131
2480.	2490.	0.01082566
2490.	2500.	0.00865205
2500.	2510.	0.01280744
2510.	2520.	0.01273174
2520.	2530.	0.0117621
2530.	2540.	0.009192971
2540.	2550.	0.01026062
2550.	2560.	0.006638228
2560.	2570.	0.01273234
2570.	2580.	0.009515225
2580.	2590.	0.009150687
2590.	2600.	0.01106896
2600.	2610.	0.0117182
2610.	2620.	0.009580333
2620.	2630.	0.01052159
2630.	2640.	0.01068995
2640.	2650.	0.008592565
2650.	2660.	0.008189341
2660.	2670.	0.008487126
2670.	2680.	0.009267743
2680.	2690.	0.00875632
2690.	2700.	0.007142465
2700.	2710.	0.009567914
2710.	2720.	0.009089044
2720.	2730.	0.007479523
2730.	2740.	0.007144961
2740.	2750.	0.01131802
2750.	2760.	0.00998505
2760.	2770.	0.008749111
2770.	2780.	0.006980321
2780.	2790.	0.006252449
2790.	2800.	0.005416231
2800.	2810.	0.007865756
2810.	2820.	0.01014457
2820.	2830.	0.0065839
2830.	2840.	0.008880957
2840.	2850.	0.006432862
2850.	2860.	0.005923943
2860.	2870.	0.007192954
2870.	2880.	0.006470127
2880.	2890.	0.007659092
2890.	2900.	0.005607764
2900.	2910.	0.005489877
2910.	2920.	0.007134042
2920.	2930.	0.005482639
2930.	2940.	0.00592087
2940.	2950.	0.007089379
2950.	2960.	0.005887197
2960.	2970.	0.006906717
2970.	2980.	0.006640197
2980.	2990.	0.005822669
2990.	3000.	0.005778107
3000.	3010.	0.007406973
3010.	3020.	0.008052697
3020.	3030.	0.007219113
3030.	3040.	0.005734904
3040.	3050.	0.006942744
3050.	3060.	0.006815564
3060.	3070.	0.005977569
3070.	3080.	0.004607408
3080.	3090.	0.005112706
3090.	3100.	0.005243844
3100.	3110.	0.003708501
3110.	3120.	0.004399111
3120.	3130.	0.006048109
3130.	3140.	0.006802701
3140.	3150.	0.003672144
3150.	3160.	0.004737556
3160.	3170.	0.004111363
3170.	3180.	0.004948313
3180.	3190.	0.005616871
3190.	3200.	0.003278955
3200.	3210.	0.00242659
3210.	3220.	0.002048003
3220.	3230.	0.0040711
3230.	3240.	0.003509204
3240.	3250.	0.005781767
3250.	3260.	0.004925936
3260.	3270.	0.005359233
3270.	3280.	0.004088408
3280.	3290.	0.00496311
3290.	3300.	0.003463614
3300.	3310.	0.004262927
3310.	3320.	0.004079352
3320.	3330.	0.003619143
3330.	3340.	0.005068904
3340.	3350.	0.004716286
3350.	3360.	0.003324514
3360.	3370.	0.002678317
3370.	3380.	0.005691215
3380.	3390.	0.004945779
3390.	3400.	0.004537453
3400.	3410.	0.002926101
3410.	3420.	0.004693034
3420.	3430.	0.002386858
3430.	3440.	0.002146668
3440.	3450.	0.002796963
3450.	3460.	0.00421599
3460.	3470.	0.002502041
3470.	3480.	0.002306223
3480.	3490.	0.001804213
3490.	3500.	0.003018422
3500.	3510.	0.003715771
3510.	3520.	0.005021172
3520.	3530.	0.002371377
3530.	3540.	0.003038966
3540.	3550.	0.002822785
3550.	3560.	0.004028274
3560.	3570.	0.004134968
3570.	3580.	0.00337341
3580.	3590.	0.00210209
3590.	3600.	0.001812462
3600.	3610.	0.003143136
3610.	3620.	0.002251894
3620.	3630.	0.004295631
3630.	3640.	0.003603653
3640.	3650.	0.003512919
3650.	3660.	0.002564127
3660.	3670.	0.002943189
3670.	3680.	0.002508367
3680.	3690.	0.001840453
3690.	3700.	0.003488111
3700.	3710.	0.003490248
3710.	3720.	0.002572537
3720.	3730.	0.00264699
3730.	3740.	0.00290746
3740.	3750.	0.003290534
3750.	3760.	0.001975634
3760.	3770.	0.003649605
3770.	3780.	0.001907786
3780.	3790.	0.002635011
3790.	3800.	0.001502727
3800.	3810.	0.00307365
3810.	3820.	0.002780058
3820.	3830.	0.001540312
3830.	3840.	0.001891351
3840.	3850.	0.00168171
3850.	3860.	0.002941201
3860.	3870.	0.002417303
3870.	3880.	0.002136164
3880.	3890.	0.001862198
3890.	3900.	0.001877998
3900.	3910.	0.001364297
3910.	3920.	0.002952174
3920.	3930.	0.002568919
3930.	3940.	0.002600281
3940.	3950.	0.001684771
3950.	3960.	0.002202192
3960.	3970.	0.002397524
3970.	3980.	0.002630033
3980.	3990.	0.00226476
3990.	4000.	0.002503084
4000.	4010.	0.001250763
4010.	4020.	0.001181496
4020.	4030.	0.002054805
4030.	4040.	0.001995815
4040.	4050.	0.003442
4050.	4060.	0.00081658
4060.	4070.	0.001897489
4070.	4080.	0.001456944
4080.	4090.	0.001943479
4090.	4100.	0.001414509
4100.	4110.	0.001399955
4110.	4120.	0.001994697
4120.	4130.	0.0008732068
4130.	4140.	0.0006359404
4140.	4150.	0.001640141
4150.	4160.	0.001483289
4160.	4170.	0.001227621
4170.	4180.	0.001676531
4180.	4190.	0.00129196
4190.	4200.	0.001433054
4200.	4210.	0.001162428
4210.	4220.	0.001546435
4220.	4230.	0.001373258
4230.	4240.	0.0009992378
4240.	4250.	0.001735477
4250.	4260.	0.002516239
4260.	4270.	0.0005774402
4270.	4280.	0.001370847
4280.	4290.	0.00114499
4290.	4300.	0.001942375
4300.	4310.	0.00173979
4310.	4320.	0.0008920293
4320.	4330.	0.001397749
4330.	4340.	0.0007486594
4340.	4350.	0.001031354
4350.	4360.	0.001637866
4360.	4370.	0.001883177
4370.	4380.	0.002018578
4380.	4390.	0.001709675
4390.	4400.	0.001124986
4400.	4410.	0.001106514
4410.	4420.	0.001276195
4420.	4430.	0.001896845
4430.	4440.	0.0009670704
4440.	4450.	0.00137746
4450.	4460.	0.00120245
4460.	4470.	0.001114231
4470.	4480.	0.0008439028
4480.	4490.	0.0009383165
4490.	4500.	0.002439524
4500.	4510.	0.001466742
4510.	4520.	0.0008439739
4520.	4530.	0.00138272
4530.	4540.	0.00108822
4540.	4550.	0.001117025
4550.	4560.	0.001037084
4560.	4570.	0.001198574
4570.	4580.	0.00100198
4580.	4590.	0.0006364338
4590.	4600.	0.001675833
4600.	4610.	0.00174378
4610.	4620.	0.0008677233
4620.	4630.	0.001307469
4630.	4640.	0.0005103536
4640.	4650.	0.00147239
4650.	4660.	0.001570136
4660.	4670.	0.0008361454
4670.	4680.	0.001167279
4680.	4690.	0.0006532662
4690.	4700.	0.001084359
4700.	4710.	0.0009205234
4710.	4720.	0.0009584511
4720.	4730.	0.0003854612
4730.	4740.	0.00184875
4740.	4750.	0.0008883852
4750.	4760.	0.0004472848
4760.	4770.	0.0004685256
4770.	4780.	0.0003881856
4780.	4790.	0.0008461157
4790.	4800.	0.0005871893
4800.	4810.	0.000974571
4810.	4820.	0.0008265857
4820.	4830.	0.0006961771
4830.	4840.	0.0004433949
4840.	4850.	0.0005581854
4850.	4860.	0.0009553243
4860.	4870.	0.0006443138
4870.	4880.	0.001028994
4880.	4890.	0.0006404471
4890.	4900.	0.000429923
4900.	4910.	0.0006366907
4910.	4920.	0.0006621067
4920.	4930.	0.001044287
4930.	4940.	0.0006322634
4940.	4950.	0.0006388125
4950.	4960.	0.00128852
4960.	4970.	0.0005223967
4970.	4980.	0.0009512491
4980.	4990.	0.0007933967
4990.	5000.	0.0004388433
5000.	5010.	0.000564739
5010.	5020.	0.0002228744
5020.	5030.	0.0009071045
5030.	5040.	0.0006826861
5040.	5050.	0.0009846968
5050.	5060.	0.0003572823
5060.	5070.	0.001190792
5070.	5080.	0.0005314296
5080.	5090.	0.0002983534
5090.	5100.	0.0006207526
5100.	5110.	0.0005994533
5110.	5120.	0.0004462994
5120.	5130.	0.0002601994
5130.	5140.	0.0008436111
5140.	5150.	0.0004634786
5150.	5160.	0.0002164572
5160.	5170.	0.0004062882
5170.	5180.	0.0006110145
5180.	5190.	0.001420236
5190.	5200.	0.001066011
5200.	5210.	0.0002459678
5210.	5220.	0.0003392782
5220.	5230.	0.0002194921
5230.	5240.	0.0007884341
5240.	5250.	0.00026018
5250.	5260.	0.0007521183
5260.	5270.	0.000538664
5270.	5280.	0.0014185
5280.	5290.	0.0008618214
5290.	5300.	0.000647072
5300.	5310.	0.0004927977
5310.	5320.	0.0003810186
5320.	5330.	0.001179926
5330.	5340.	0.000220901
5340.	5350.	0.000553637
5350.	5360.	0.0002560381
5360.	5370.	0.0002054283
5370.	5380.	0.0005294576
5380.	5390.	0.0004689952
5390.	5400.	0.0007683741
5400.	5410.	0.0005019716
5410.	5420.	0.0007216763
5420.	5430.	0.0003614669
5430.	5440.	0.0004445468
5440.	5450.	0.0005612751
5450.	5460.	0.001007764
5460.	5470.	0.0006036071
5470.	5480.	0.0003613844
5480.	5490.	0.0005365518
5490.	5500.	0.0002236435
5500.	5510.	0.0003808483
5510.	5520.	0.0002655108
5520.	5530.	0.0001882244
5530.	5540.	0.0004531527
5540.	5550.	0.0003870286
5550.	5560.	0.0006223175
5560.	5570.	0.001834017
5570.	5580.	0.0004453325
5580.	5590.	0.0003163832
5590.	5600.	0.0004887901
5600.	5610.	0.0003499231
5610.	5620.	0.0002062207
5620.	5630.	0.0006496444
5630.	5640.	0.0002078822
5640.	5650.	0.0002083964
5650.	5660.	0.0001369903
5660.	5670.	0.0001877341
5670.	5680.	0.0005075713
5680.	5690.	0.0004941315
5690.	5700.	0.0005440479
5700.	5710.	0.0002595623
5710.	5720.	0.000893609
5720.	5730.	0.0003454184
5730.	5740.	0.0004711612
5740.	5750.	0.00107676
5750.	5760.	0.0007570198
5760.	5770.	0.0002611164
5770.	5780.	0.0002152254
5780.	5790.	0.000600101
5790.	5800.	0.0001417916
5800.	5810.	0.0001684708
5810.	5820.	0.0003579258
5820.	5830.	0.0004972667
5830.	5840.	0.0001813641
5840.	5850.	0.0005428633
5850.	5860.	0.0002287744
5860.	5870.	0.0006628444
5870.	5880.	0.0007326319
5880.	5890.	0.000179456
5890.	5900.	0.0002439717
5900.	5910.	0.000244792
5910.	5920.	0.0005943224
5920.	5930.	0.0004954361
5930.	5940.	0.0004241642
5940.	5950.	0.0005924794
5950.	5960.	0.0007285747
5960.	5970.	0.0004822627
5970.	5980.	0.0002560544
5980.	5990.	0.0001441419
5990.	6000.	0.000198553
6000.	6010.	0.000542562
6010.	6020.	0.0001431163
6020.	6030.	0.0001325385
6030.	6040.	0.0001742621
6040.	6050.	0.0004925215
6050.	6060.	0.000211884
6060.	6070.	0.0002067354
6070.	6080.	0.0002003708
6080.	6090.	0.0002010178
6090.	6100.	0.0001468228
6100.	6110.	0.00009623435
6110.	6120.	0.0001192553
6120.	6130.	0.000123131
6130.	6140.	0.0001332964
6140.	6150.	0.0001928118
6150.	6160.	0.0001378916
6160.	6170.	0.0001635479
6170.	6180.	0.00007516963
6180.	6190.	0.0002554315
6190.	6200.	0.00008159271
6200.	6210.	0.0001753265
6210.	6220.	0.00102388
6220.	6230.	0.00009259428
6230.	6240.	0.0001737891
6240.	6250.	0.0005583488
6250.	6260.	0.0000629757
6260.	6270.	0.0002308232
6270.	6280.	0.0001387279
6280.	6290.	0.0001045053
6290.	6300.	0.0004689237
6300.	6310.	0.00006647066
6310.	6320.	0.00009282145
6320.	6330.	0.0002468317
6330.	6340.	0.0006669709
6340.	6350.	0.00008809389
6350.	6360.	0.0001053119
6360.	6370.	0.000115903
6370.	6380.	0.00009082132
6380.	6390.	0.0001212795
6390.	6400.	0.00009025482
6400.	6410.	0.00008854767
6410.	6420.	0.00008401271
6420.	6430.	0.0001122335
6430.	6440.	0.0001109895
6440.	6450.	0.0003499403
6450.	6460.	0.0004303823
6460.	6470.	0.00006084262
6470.	6480.	0.00008691622
6480.	6490.	0.00008874049
6490.	6500.	0.0001048172
6500.	6510.	0.00008212744
6510.	6520.	0.0001155195
6520.	6530.	0.00007042213
6530.	6540.	0.00009400562
6540.	6550.	0.00005559276
6550.	6560.	0.00008561519
6560.	6570.	0.00006771276
6570.	6580.	0.00007859313
6580.	6590.	0.00006448131
6590.	6600.	0.00009507579
6600.	6610.	0.0000573672
6610.	6620.	0.00009984799
6620.	6630.	0.0004081376
6630.	6640.	0.0001611302
6640.	6650.	0.0000675224
6650.	6660.	0.00004121012
6660.	6670.	0.0001052631
6670.	6680.	0.000372172
6680.	6690.	0.00005241366
6690.	6700.	0.00004087055
6700.	6710.	0.000108429
6710.	6720.	0.00006501257
6720.	6730.	0.0001156815
6730.	6740.	0.0000487037
6740.	6750.	0.00004495608
6750.	6760.	0.0004598017
6760.	6770.	0.0003712333
6770.	6780.	0.0001940009
6780.	6790.	0.00007487963
6790.	6800.	0.0000747137
6800.	6810.	0.00004273919
6810.	6820.	0.0003592235
6820.	6830.	0.0004375441
6830.	6840.	0.0002216593
6840.	6850.	0.0001915739
6850.	6860.	0.0002074164
6860.	6870.	0.0003735493
6870.	6880.	0.0001029886
6880.	6890.	0.00008305534
6890.	6900.	0.00006294398
6900.	6910.	0.00007235111
6910.	6920.	0.00004356196
6920.	6930.	0.00005284487
6930.	6940.	0.00009754789
6940.	6950.	0.0000608602
6950.	6960.	0.0001042604
6960.	6970.	0.0001173099
6970.	6980.	0.0000498784
6980.	6990.	0.00009580592
6990.	7000.	0.00005996778
7000.	7010.	0.00004321425
7010.	7020.	0.00007906813
7020.	7030.	0.00005023905
7030.	7040.	0.00006140549
7040.	7050.	0.0001132832
7050.	7060.	0.00005144652
7060.	7070.	0.00005407129
7070.	7080.	0.00006009875
7080.	7090.	0.00005902579
7090.	7100.	0.00005539213
7100.	7110.	0.00005703507
7110.	7120.	0.00003826254
7120.	7130.	0.00007094548
7130.	7140.	0.00005580118
7140.	7150.	0.0000605067
7150.	7160.	0.00004860419
7160.	7170.	0.0000615366
7170.	7180.	0.000117479
7180.	7190.	0.00007997532
7190.	7200.	0.00003388338
7200.	7210.	0.0001089211
7210.	7220.	0.00007635963
7220.	7230.	0.00005182826
7230.	7240.	0.00006923824
7240.	7250.	0.00006162426
7250.	7260.	0.00004844406
7260.	7270.	0.0001475637
7270.	7280.	0.0003317453
7280.	7290.	0.00008698727
7290.	7300.	0.0003345715
7300.	7310.	0.00004366038
7310.	7320.	0.00002415631
7320.	7330.	0.00006859732
7330.	7340.	0.00004522912
7340.	7350.	0.0001007234
7350.	7360.	0.00003603693
7360.	7370.	0.00008210833
7370.	7380.	0.00008372491
7380.	7390.	0.0003508183
7390.	7400.	0.00002339644
7400.	7410.	0.00003720764
7410.	7420.	0.0001010743
7420.	7430.	0.00008246408
7430.	7440.	0.00003624516
7440.	7450.	0.00003431973
7450.	7460.	0.00006427196
7460.	7470.	0.00003168723
7470.	7480.	0.00008143218
7480.	7490.	0.00004523515
7490.	7500.	0.00003910833
7500.	7510.	0.0000462899
7510.	7520.	0.00002186866
7520.	7530.	0.00008547094
7530.	7540.	0.00003856925
7540.	7550.	0.00002155639
7550.	7560.	0.00004191734
7560.	7570.	0.00003113021
7570.	7580.	0.00003150344
7580.	7590.	0.00003021912
7590.	7600.	0.00007959125
7600.	7610.	0.0003390708
7610.	7620.	0.00006480832
7620.	7630.	0.00005725107
7630.	7640.	0.0001007988
7640.	7650.	0.000329825
7650.	7660.	0.00003095295
7660.	7670.	0.00003284991
7670.	7680.	0.00003431456
7680.	7690.	0.00009942697
7690.	7700.	0.00003948317
7700.	7710.	0.00005043452
7710.	7720.	0.00002105821
7720.	7730.	0.00009829666
7730.	7740.	0.00007758838
7740.	7750.	0.00003005681
7750.	7760.	0.00003401296
7760.	7770.	0.00003144583
7770.	7780.	0.00002590864
7780.	7790.	0.00006808008
7790.	7800.	0.00004448286
7800.	7810.	0.0000272725
7810.	7820.	0.00002552228
7820.	7830.	0.00001846375
7830.	7840.	0.00002646035
7840.	7850.	0.00001753758
7850.	7860.	0.00001561414
7860.	7870.	0.00001289976
7870.	7880.	0.00002302473
7880.	7890.	0.0001464382
7890.	7900.	0.00002000207
7900.	7910.	0.00002670936
7910.	7920.	0.00001596769
7920.	7930.	0.00001609289
7930.	7940.	0.00001566254
7940.	7950.	0.00003246682
7950.	7960.	0.00004232751
7960.	7970.	0.0000371953
7970.	7980.	0.00001482206
7980.	7990.	0.00001300096
7990.	8000.	0.00003146594
8000.	8010.	0.00003213395
8010.	8020.	0.00002458045
8020.	8030.	0.00002891624
8030.	8040.	0.00003842755
8040.	8050.	0.0000673199
8050.	8060.	8.641204e-6
8060.	8070.	0.00001151889
8070.	8080.	0.00002131398
8080.	8090.	0.00003592075
8090.	8100.	0.00002559809
8100.	8110.	0.00002302056
8110.	8120.	0.00001596871
8120.	8130.	0.00002064035
8130.	8140.	0.00001361921
8140.	8150.	0.00001293928
8150.	8160.	0.00001131606
8160.	8170.	0.00009157824
8170.	8180.	0.00001591744
8180.	8190.	0.000010298
8190.	8200.	0.00001229589
8200.	8210.	0.00002168416
8210.	8220.	0.0003991487
8220.	8230.	0.00003584086
8230.	8240.	0.00005630747
8240.	8250.	0.00001834401
8250.	8260.	9.490542e-6
8260.	8270.	0.00001262075
8270.	8280.	0.00001618313
8280.	8290.	0.00001365904
8290.	8300.	0.00001285049
8300.	8310.	0.00001041761
8310.	8320.	9.81318e-6
8320.	8330.	0.00001996467
8330.	8340.	9.57734e-6
8340.	8350.	0.00002252317
8350.	8360.	0.00001190685
8360.	8370.	0.00001198595
8370.	8380.	6.932331e-6
8380.	8390.	0.00001111946
8390.	8400.	0.00002175748
8400.	8410.	0.00001106484
8410.	8420.	0.00001856008
8420.	8430.	0.00001903372
8430.	8440.	0.00002115889
8440.	8450.	0.00001619242
8450.	8460.	7.788608e-6
8460.	8470.	0.00001061526
8470.	8480.	0.00001763924
8480.	8490.	0.00001202579
8490.	8500.	0.00001373105
8500.	8510.	0.00006696863
8510.	8520.	9.721099e-6
8520.	8530.	0.00001154802
8530.	8540.	0.00001449087
8540.	8550.	0.00001544184
8550.	8560.	7.852303e-6
8560.	8570.	5.227755e-6
8570.	8580.	9.810793e-6
8580.	8590.	8.137439e-6
8590.	8600.	9.288152e-6
8600.	8610.	6.446512e-6
8610.	8620.	6.659275e-6
8620.	8630.	0.0002931243
8630.	8640.	0.00001068461
8640.	8650.	0.00001152783
8650.	8660.	0.00001506533
8660.	8670.	0.00004249791
8670.	8680.	0.00001398596
8680.	8690.	9.838007e-6
8690.	8700.	9.67677e-6
8700.	8710.	0.00001298163
8710.	8720.	5.581018e-6
8720.	8730.	0.00001409803
8730.	8740.	7.234764e-6
8740.	8750.	5.606657e-6
8750.	8760.	0.00004200212
8760.	8770.	5.430635e-6
8770.	8780.	0.00003150148
8780.	8790.	7.961307e-6
8790.	8800.	6.811298e-6
8800.	8810.	6.450678e-6
8810.	8820.	0.00001069202
8820.	8830.	9.510558e-6
8830.	8840.	5.162093e-6
8840.	8850.	5.547921e-6
8850.	8860.	6.59583e-6
8860.	8870.	0.00001556827
8870.	8880.	7.980136e-6
8880.	8890.	8.866324e-6
8890.	8900.	8.370004e-6
8900.	8910.	3.387835e-6
8910.	8920.	3.108867e-6
8920.	8930.	5.139769e-6
8930.	8940.	4.436844e-6
8940.	8950.	5.28364e-6
8950.	8960.	0.00001142613
8960.	8970.	4.825468e-6
8970.	8980.	4.75672e-6
8980.	8990.	5.002297e-6
8990.	9000.	6.697516e-6
9000.	9010.	3.402386e-6
9010.	9020.	6.608346e-6
9020.	9030.	3.1209e-6
9030.	9040.	0.00005790953
9040.	9050.	7.535424e-6
9050.	9060.	9.650804e-6
9060.	9070.	2.990693e-6
9070.	9080.	5.476801e-6
9080.	9090.	3.476668e-6
9090.	9100.	0.0000100439
9100.	9110.	0.00003182416
9110.	9120.	0.00001438908
9120.	9130.	4.892305e-6
9130.	9140.	3.244522e-6
9140.	9150.	3.030442e-6
9150.	9160.	6.464556e-6
9160.	9170.	2.709666e-6
9170.	9180.	0.00001162435
9180.	9190.	3.194143e-6
9190.	9200.	7.44287e-6
9200.	9210.	3.890437e-6
9210.	9220.	6.2678e-6
9220.	9230.	4.29055e-6
9230.	9240.	2.938534e-6
9240.	9250.	2.764761e-6
9250.	9260.	4.859541e-6
9260.	9270.	4.574915e-6
9270.	9280.	9.847954e-6
9280.	9290.	3.351744e-6
9290.	9300.	4.278446e-6
9300.	9310.	4.769627e-6
9310.	9320.	1.581606e-6
9320.	9330.	0.0000114276
9330.	9340.	2.102849e-6
9340.	9350.	2.252259e-6
9350.	9360.	4.936373e-6
9360.	9370.	2.813241e-6
9370.	9380.	4.10943e-6
9380.	9390.	5.737971e-6
9390.	9400.	2.29068e-6
9400.	9410.	1.814659e-6
9410.	9420.	3.897206e-6
9420.	9430.	2.751942e-6
9430.	9440.	4.587613e-6
9440.	9450.	1.888404e-6
9450.	9460.	2.940641e-6
9460.	9470.	4.096565e-6
9470.	9480.	2.443426e-6
9480.	9490.	4.560435e-6
9490.	9500.	1.197387e-6
9500.	9510.	3.365146e-6
9510.	9520.	1.905009e-6
9520.	9530.	2.983714e-6
9530.	9540.	0.00008707636
9540.	9550.	5.538331e-6
9550.	9560.	1.63323e-6
9560.	9570.	2.746381e-6
9570.	9580.	9.97393e-7
9580.	9590.	1.143372e-6
9590.	9600.	7.573192e-7
9600.	9610.	5.358696e-6
9610.	9620.	7.545315e-7
9620.	9630.	1.06797e-6
9630.	9640.	9.273799e-7
9640.	9650.	9.41168e-7
9650.	9660.	0.0000146597
9660.	9670.	3.060204e-6
9670.	9680.	2.667e-6
9680.	9690.	3.031333e-6
9690.	9700.	1.016257e-6
9700.	9710.	1.082285e-6
9710.	9720.	9.745366e-7
9720.	9730.	1.714408e-6
9730.	9740.	1.58034e-6
9740.	9750.	1.786226e-6
9750.	9760.	0.00001219412
9760.	9770.	1.613773e-6
9770.	9780.	8.126852e-7
9780.	9790.	5.747323e-7
9790.	9800.	8.316362e-7
9800.	9810.	1.214291e-6
9810.	9820.	8.264272e-7
9820.	9830.	6.679484e-7
9830.	9840.	7.287197e-7
9840.	9850.	3.741607e-7
9850.	9860.	3.645346e-7
9860.	9870.	2.355204e-7
9870.	9880.	2.649994e-7
9880.	9890.	5.103429e-7
9890.	9900.	3.946976e-7
9900.	9910.	2.332521e-7
9910.	9920.	2.634169e-7
9920.	9930.	4.363016e-8
9930.	9940.	2.180796e-7
9940.	9950.	3.594739e-7
9950.	9960.	2.29941e-7
9960.	9970.	7.650637e-8
9970.	9980.	1.92836e-7
9980.	9990.	1.442616e-7
9990.	10000.	0.
10000.	10010.	0.