-10.	0.	0.
0.	10.	0.
10.	20.	0.
20.	30.	0.
30.	40.	0.
40.	50.	0.
50.	60.	0.
60.	70.	0.
70.	80.	0.
80.	90.	0.
90.	100.	0.
100.	110.	0.
110.	120.	0.
120.	130.	0.
130.	140.	0.
140.	150.	0.
150.	160.	0.
160.	170.	0.
170.	180.	0.
180.	190.	0.
190.	200.	0.
200.	210.	0.
210.	220.	0.
220.	230.	0.
230.	240.	0.
240.	250.	0.
250.	260.	0.
260.	270.	0.
270.	280.	0.
280.	290.	0.
290.	300.	0.
300.	310.	0.
310.	320.	0.
320.	330.	0.
330.	340.	0.
340.	350.	0.
350.	360.	0.
360.	370.	0.
370.	380.	0.
380.	390.	0.
390.	400.	0.
400.	410.	0.
410.	420.	0.
420.	430.	0.
430.	440.	0.
440.	450.	0.
450.	460.	0.
460.	470.	0.
470.	480.	0.
480.	490.	0.
490.	500.	0.
500.	510.	0.0674254
510.	520.	0.07802082
520.	530.	0.09752603
530.	540.	0.09391395
540.	550.	0.1167904
550.	560.	0.124737
560.	570.	0.1367772
570.	580.	0.1297939
580.	590.	0.1355732
590.	600.	0.1418341
600.	610.	0.1464094
610.	620.	0.1464094
620.	630.	0.1601353
630.	640.	0.1574865
640.	650.	0.1502623
650.	660.	0.1661555
660.	670.	0.1697675
670.	680.	0.1651922
680.	690.	0.1560416
690.	700.	0.1743428
700.	710.	0.1615802
710.	720.	0.1610985
720.	730.	0.1437606
730.	740.	0.1591721
740.	750.	0.1517072
750.	760.	0.1394261
760.	770.	0.1505031
770.	780.	0.1586905
780.	790.	0.1408709
790.	800.	0.1454462
800.	810.	0.1396669
810.	820.	0.1384629
820.	830.	0.1442422
830.	840.	0.1220881
840.	850.	0.1350916
850.	860.	0.1329244
860.	870.	0.125941
870.	880.	0.1266634
880.	890.	0.1223289
890.	900.	0.1237738
900.	910.	0.117272
910.	920.	0.1187169
920.	930.	0.1146232
930.	940.	0.1088439
940.	950.	0.1129375
950.	960.	0.1158272
960.	970.	0.1064358
970.	980.	0.1035462
980.	990.	0.1196801
990.	1000.	0.1088439
1000.	1010.	0.1105295
1010.	1020.	0.09535878
1020.	1030.	0.09800764
1030.	1040.	0.08982027
1040.	1050.	0.09848925
1050.	1060.	0.08404095
1060.	1070.	0.09174671
1070.	1080.	0.1001749
1080.	1090.	0.08066968
1090.	1100.	0.0912651
1100.	1110.	0.08765302
1110.	1120.	0.07440875
1120.	1130.	0.08355934
1130.	1140.	0.08018807
1140.	1150.	0.08211451
1150.	1160.	0.07609438
1160.	1170.	0.08404095
1170.	1180.	0.07489036
1180.	1190.	0.08307773
1190.	1200.	0.06525816
1200.	1210.	0.07007426
1210.	1220.	0.06309091
1220.	1230.	0.07248231
1230.	1240.	0.0626093
1240.	1250.	0.06911104
1250.	1260.	0.06309091
1260.	1270.	0.06285011
1270.	1280.	0.06333172
1280.	1290.	0.0626093
1290.	1300.	0.05032825
1300.	1310.	0.0577932
1310.	1320.	0.0431041
1320.	1330.	0.05947884
1330.	1340.	0.05586676
1340.	1350.	0.06044206
1350.	1360.	0.04695698
1360.	1370.	0.04719778
1370.	1380.	0.0527363
1380.	1390.	0.0433449
1390.	1400.	0.05032825
1400.	1410.	0.04960583
1410.	1420.	0.0431041
1420.	1430.	0.04190007
1430.	1440.	0.04888342
1440.	1450.	0.04695698
1450.	1460.	0.04864261
1460.	1470.	0.04262249
1470.	1480.	0.04936503
1480.	1490.	0.03804719
1490.	1500.	0.04045524
1500.	1510.	0.03539834
1510.	1520.	0.03515753
1520.	1530.	0.04117766
1530.	1540.	0.03323109
1540.	1550.	0.03299029
1550.	1560.	0.03780639
1560.	1570.	0.03732478
1570.	1580.	0.03804719
1580.	1590.	0.03515753
1590.	1600.	0.03732478
1600.	1610.	0.03515753
1610.	1620.	0.03539834
1620.	1630.	0.03154546
1630.	1640.	0.03636156
1640.	1650.	0.03106385
1650.	1660.	0.03226787
1660.	1670.	0.02817419
1670.	1680.	0.03178626
1680.	1690.	0.02913741
1690.	1700.	0.02672936
1700.	1710.	0.02937821
1710.	1720.	0.02913741
1720.	1730.	0.02937821
1730.	1740.	0.03106385
1740.	1750.	0.02624775
1750.	1760.	0.02528453
1760.	1770.	0.02769258
1770.	1780.	0.0288966
1780.	1790.	0.02335809
1790.	1800.	0.02456211
1800.	1810.	0.02624775
1810.	1820.	0.02287648
1820.	1830.	0.01709716
1830.	1840.	0.01950521
1840.	1850.	0.0240805
1850.	1860.	0.02311728
1860.	1870.	0.02143165
1870.	1880.	0.02143165
1880.	1890.	0.02167245
1890.	1900.	0.02167245
1900.	1910.	0.02167245
1910.	1920.	0.01998682
1920.	1930.	0.01950521
1930.	1940.	0.02022762
1940.	1950.	0.02046843
1950.	1960.	0.02022762
1960.	1970.	0.02143165
1970.	1980.	0.01661555
1980.	1990.	0.01830118
1990.	2000.	0.01781957
2000.	2010.	0.01878279
2010.	2020.	0.01300347
2020.	2030.	0.01565233
2030.	2040.	0.01733796
2040.	2050.	0.01997885
2050.	2060.	0.01683915
2060.	2070.	0.0187596
2070.	2080.	0.01770531
2080.	2090.	0.01338396
2090.	2100.	0.01520842
2100.	2110.	0.01697696
2110.	2120.	0.01530552
2120.	2130.	0.01496743
2130.	2140.	0.01596491
2140.	2150.	0.01278472
2150.	2160.	0.0147422
2160.	2170.	0.01515489
2170.	2180.	0.01525616
2180.	2190.	0.01520821
2190.	2200.	0.01630364
2200.	2210.	0.01458232
2210.	2220.	0.01619359
2220.	2230.	0.01347606
2230.	2240.	0.01515061
2240.	2250.	0.01223523
2250.	2260.	0.008803152
2260.	2270.	0.01318207
2270.	2280.	0.01259361
2280.	2290.	0.01616181
2290.	2300.	0.01345444
2300.	2310.	0.01046558
2310.	2320.	0.01166599
2320.	2330.	0.01244359
2330.	2340.	0.01054617
2340.	2350.	0.008754178
2350.	2360.	0.01100367
2360.	2370.	0.01392805
2370.	2380.	0.01100633
2380.	2390.	0.007511754
2390.	2400.	0.01055427
2400.	2410.	0.0101111
2410.	2420.	0.009106372
2420.	2430.	0.01205765
2430.	2440.	0.01011853
2440.	2450.	0.01091331
2450.	2460.	0.009353453
2460.	2470.	0.008953636
2470.	2480.	0.009248584
2480.	2490.	0.008592645
2490.	2500.	0.008725957
2500.	2510.	0.01142913
2510.	2520.	0.009707678
2520.	2530.	0.01169758
2530.	2540.	0.007093049
2540.	2550.	0.006398498
2550.	2560.	0.007773937
2560.	2570.	0.00874785
2570.	2580.	0.009008919
2580.	2590.	0.008203768
2590.	2600.	0.006782522
2600.	2610.	0.006710948
2610.	2620.	0.005866352
2620.	2630.	0.005140289
2630.	2640.	0.008178106
2640.	2650.	0.007916017
2650.	2660.	0.005912568
2660.	2670.	0.007693427
2670.	2680.	0.00568328
2680.	2690.	0.01018264
2690.	2700.	0.007684168
2700.	2710.	0.008042857
2710.	2720.	0.008158031
2720.	2730.	0.0061406
2730.	2740.	0.005273842
2740.	2750.	0.005373831
2750.	2760.	0.00540087
2760.	2770.	0.006864757
2770.	2780.	0.006311658
2780.	2790.	0.008019412
2790.	2800.	0.006034204
2800.	2810.	0.007728289
2810.	2820.	0.005081491
2820.	2830.	0.005912422
2830.	2840.	0.005783801
2840.	2850.	0.006100109
2850.	2860.	0.003391532
2860.	2870.	0.006647811
2870.	2880.	0.007486927
2880.	2890.	0.005681202
2890.	2900.	0.006107662
2900.	2910.	0.005975889
2910.	2920.	0.00589271
2920.	2930.	0.00540424
2930.	2940.	0.005209415
2940.	2950.	0.006034128
2950.	2960.	0.004915156
2960.	2970.	0.005243182
2970.	2980.	0.003508866
2980.	2990.	0.003530036
2990.	3000.	0.002909895
3000.	3010.	0.007349547
3010.	3020.	0.004675347
3020.	3030.	0.004148916
3030.	3040.	0.004523069
3040.	3050.	0.004599934
3050.	3060.	0.003369794
3060.	3070.	0.005501148
3070.	3080.	0.004148665
3080.	3090.	0.004182163
3090.	3100.	0.005362579
3100.	3110.	0.00543439
3110.	3120.	0.002686592
3120.	3130.	0.002268485
3130.	3140.	0.00390161
3140.	3150.	0.005016359
3150.	3160.	0.001854844
3160.	3170.	0.003285679
3170.	3180.	0.00438888
3180.	3190.	0.004416336
3190.	3200.	0.005426472
3200.	3210.	0.004292007
3210.	3220.	0.002335686
3220.	3230.	0.003494483
3230.	3240.	0.003232056
3240.	3250.	0.002793968
3250.	3260.	0.003108462
3260.	3270.	0.003651445
3270.	3280.	0.003967526
3280.	3290.	0.003346082
3290.	3300.	0.002636416
3300.	3310.	0.003975049
3310.	3320.	0.003204106
3320.	3330.	0.003007261
3330.	3340.	0.003441437
3340.	3350.	0.002951682
3350.	3360.	0.003956275
3360.	3370.	0.00271846
3370.	3380.	0.002548921
3380.	3390.	0.00267949
3390.	3400.	0.002893682
3400.	3410.	0.003479331
3410.	3420.	0.002938549
3420.	3430.	0.002167674
3430.	3440.	0.004183179
3440.	3450.	0.002224445
3450.	3460.	0.003585809
3460.	3470.	0.001795786
3470.	3480.	0.001852804
3480.	3490.	0.004042217
3490.	3500.	0.002053726
3500.	3510.	0.002091967
3510.	3520.	0.003789928
3520.	3530.	0.002003502
3530.	3540.	0.002626575
3540.	3550.	0.002116404
3550.	3560.	0.002216098
3560.	3570.	0.002211473
3570.	3580.	0.002376434
3580.	3590.	0.001952305
3590.	3600.	0.002718547
3600.	3610.	0.002360617
3610.	3620.	0.002886939
3620.	3630.	0.002049921
3630.	3640.	0.001547048
3640.	3650.	0.003796589
3650.	3660.	0.001805485
3660.	3670.	0.001187466
3670.	3680.	0.002795129
3680.	3690.	0.002229876
3690.	3700.	0.001155297
3700.	3710.	0.002320067
3710.	3720.	0.001243131
3720.	3730.	0.001523881
3730.	3740.	0.001599703
3740.	3750.	0.003418943
3750.	3760.	0.001273753
3760.	3770.	0.002225746
3770.	3780.	0.001249899
3780.	3790.	0.002110417
3790.	3800.	0.001383051
3800.	3810.	0.00226638
3810.	3820.	0.001736975
3820.	3830.	0.001864732
3830.	3840.	0.001976934
3840.	3850.	0.001502904
3850.	3860.	0.001710834
3860.	3870.	0.001416868
3870.	3880.	0.001781748
3880.	3890.	0.001343138
3890.	3900.	0.0009619508
3900.	3910.	0.001102125
3910.	3920.	0.001556674
3920.	3930.	0.001704019
3930.	3940.	0.002005516
3940.	3950.	0.001629286
3950.	3960.	0.001163978
3960.	3970.	0.001161775
3970.	3980.	0.001469527
3980.	3990.	0.0008579638
3990.	4000.	0.001168406
4000.	4010.	0.001329996
4010.	4020.	0.001231909
4020.	4030.	0.001392232
4030.	4040.	0.001459965
4040.	4050.	0.001719918
4050.	4060.	0.002111603
4060.	4070.	0.001016777
4070.	4080.	0.0009786641
4080.	4090.	0.0006027194
4090.	4100.	0.0008867673
4100.	4110.	0.001319468
4110.	4120.	0.001500287
4120.	4130.	0.001615677
4130.	4140.	0.002123684
4140.	4150.	0.00165095
4150.	4160.	0.001371723
4160.	4170.	0.000715423
4170.	4180.	0.00104041
4180.	4190.	0.0004584807
4190.	4200.	0.002137619
4200.	4210.	0.0008286258
4210.	4220.	0.001465768
4220.	4230.	0.0009294321
4230.	4240.	0.0007671295
4240.	4250.	0.0008508619
4250.	4260.	0.0009850842
4260.	4270.	0.001863327
4270.	4280.	0.001811654
4280.	4290.	0.0007506442
4290.	4300.	0.001317618
4300.	4310.	0.0005606277
4310.	4320.	0.0008317506
4320.	4330.	0.0007611122
4330.	4340.	0.001067641
4340.	4350.	0.000584187
4350.	4360.	0.0006445481
4360.	4370.	0.001947912
4370.	4380.	0.0005568504
4380.	4390.	0.001422914
4390.	4400.	0.000881425
4400.	4410.	0.0007842716
4410.	4420.	0.001001969
4420.	4430.	0.0007118012
4430.	4440.	0.001237635
4440.	4450.	0.0005161574
4450.	4460.	0.0007035356
4460.	4470.	0.0009244683
4470.	4480.	0.001018493
4480.	4490.	0.001135568
4490.	4500.	0.0006831763
4500.	4510.	0.0007038904
4510.	4520.	0.00119846
4520.	4530.	0.000926106
4530.	4540.	0.001167867
4540.	4550.	0.0005603138
4550.	4560.	0.0009995487
4560.	4570.	0.001046311
4570.	4580.	0.0008968848
4580.	4590.	0.0005192429
4590.	4600.	0.0008562942
4600.	4610.	0.001036681
4610.	4620.	0.001324697
4620.	4630.	0.0004132357
4630.	4640.	0.001208056
4640.	4650.	0.0003802344
4650.	4660.	0.0007285022
4660.	4670.	0.0009115091
4670.	4680.	0.0005626401
4680.	4690.	0.0005531776
4690.	4700.	0.0009875374
4700.	4710.	0.000620873
4710.	4720.	0.0005494121
4720.	4730.	0.0005456116
4730.	4740.	0.0002147099
4740.	4750.	0.0008526827
4750.	4760.	0.00085206
4760.	4770.	0.0002906869
4770.	4780.	0.0006214994
4780.	4790.	0.0005668424
4790.	4800.	0.0004400074
4800.	4810.	0.0009072277
4810.	4820.	0.000380037
4820.	4830.	0.0005274375
4830.	4840.	0.0006533728
4840.	4850.	0.0007652598
4850.	4860.	0.0007594778
4860.	4870.	0.0004333078
4870.	4880.	0.0005203562
4880.	4890.	0.0004834356
4890.	4900.	0.0005202452
4900.	4910.	0.0007123718
4910.	4920.	0.0005303351
4920.	4930.	0.0006801764
4930.	4940.	0.000493663
4940.	4950.	0.0001264667
4950.	4960.	0.0006848447
4960.	4970.	0.0008418055
4970.	4980.	0.0004899091
4980.	4990.	0.0002836984
4990.	5000.	0.001332825
5000.	5010.	0.0002826397
5010.	5020.	0.0009691265
5020.	5030.	0.0002587958
5030.	5040.	0.000532831
5040.	5050.	0.0003246143
5050.	5060.	0.0007484686
5060.	5070.	0.0007715823
5070.	5080.	0.0002174088
5080.	5090.	0.0002530526
5090.	5100.	0.0006458578
5100.	5110.	0.0001618965
5110.	5120.	0.0003041955
5120.	5130.	0.0006766793
5130.	5140.	0.0002169849
5140.	5150.	0.0004552349
5150.	5160.	0.0006528876
5160.	5170.	0.0002135465
5170.	5180.	0.0005630272
5180.	5190.	0.0003039879
5190.	5200.	0.0002067644
5200.	5210.	0.0006222938
5210.	5220.	0.0003014302
5220.	5230.	0.0004277922
5230.	5240.	0.0002051377
5240.	5250.	0.0004644746
5250.	5260.	0.0002994528
5260.	5270.	0.0005373416
5270.	5280.	0.0005816663
5280.	5290.	0.0007000799
5290.	5300.	0.0006395818
5300.	5310.	0.0007859137
5310.	5320.	0.0003917139
5320.	5330.	0.0001821396
5330.	5340.	0.0009104831
5340.	5350.	0.000405156
5350.	5360.	0.0001784338
5360.	5370.	0.0007235758
5370.	5380.	0.0002019764
5380.	5390.	0.0003580927
5390.	5400.	0.0002692382
5400.	5410.	0.000146082
5410.	5420.	0.0003606645
5420.	5430.	0.0001958104
5430.	5440.	0.000266022
5440.	5450.	0.0005661984
5450.	5460.	0.0001653919
5460.	5470.	0.0001859072
5470.	5480.	0.0002946955
5480.	5490.	0.0001795742
5490.	5500.	0.0001882641
5500.	5510.	0.0006735042
5510.	5520.	0.0004209803
5520.	5530.	0.0004579063
5530.	5540.	0.0006294563
5540.	5550.	0.0002248974
5550.	5560.	0.0002965491
5560.	5570.	0.0002636249
5570.	5580.	0.0004254045
5580.	5590.	0.0007621083
5590.	5600.	0.0003884413
5600.	5610.	0.0004167435
5610.	5620.	0.001029917
5620.	5630.	0.0006623162
5630.	5640.	0.0004884269
5640.	5650.	0.0004339222
5650.	5660.	0.0003907099
5660.	5670.	0.0002167828
5670.	5680.	0.0004907477
5680.	5690.	0.0001668177
5690.	5700.	0.0001619784
5700.	5710.	0.0002168272
5710.	5720.	0.0001209549
5720.	5730.	0.000458831
5730.	5740.	0.0001786743
5740.	5750.	0.0001378495
5750.	5760.	0.000366737
5760.	5770.	0.0004804905
5770.	5780.	0.0003809399
5780.	5790.	0.0001363252
5790.	5800.	0.0001385476
5800.	5810.	0.0005237714
5810.	5820.	0.0005918423
5820.	5830.	0.000533896
5830.	5840.	0.0001598298
5840.	5850.	0.0001816784
5850.	5860.	0.0001120576
5860.	5870.	0.0002646656
5870.	5880.	0.0001696826
5880.	5890.	0.00009948578
5890.	5900.	0.000104445
5900.	5910.	0.0001562435
5910.	5920.	0.0001074264
5920.	5930.	0.0001126214
5930.	5940.	0.0005487232
5940.	5950.	0.0003610129
5950.	5960.	0.0001683201
5960.	5970.	0.00018585
5970.	5980.	0.0003518534
5980.	5990.	0.0001473478
5990.	6000.	0.0001736437
6000.	6010.	0.0003269303
6010.	6020.	0.00007326315
6020.	6030.	0.0001248324
6030.	6040.	0.0001267247
6040.	6050.	0.0004830009
6050.	6060.	0.0003828936
6060.	6070.	0.0001014149
6070.	6080.	0.0001118906
6080.	6090.	0.0005380501
6090.	6100.	0.0004894954
6100.	6110.	0.00008655204
6110.	6120.	0.0001050326
6120.	6130.	0.00008212675
6130.	6140.	0.0002069142
6140.	6150.	0.00007649823
6150.	6160.	0.0003123786
6160.	6170.	0.0003072593
6170.	6180.	0.0003493561
6180.	6190.	0.0001277907
6190.	6200.	0.00008335558
6200.	6210.	0.0001156113
6210.	6220.	0.0001508291
6220.	6230.	0.00007927371
6230.	6240.	0.00008653922
6240.	6250.	0.0003118404
6250.	6260.	0.00006229367
6260.	6270.	0.0001650068
6270.	6280.	0.0005557883
6280.	6290.	0.00007338294
6290.	6300.	0.00004580514
6300.	6310.	0.0001120433
6310.	6320.	0.00007398397
6320.	6330.	0.0001017371
6330.	6340.	0.00005868146
6340.	6350.	0.00007939795
6350.	6360.	0.0001704607
6360.	6370.	0.00006071226
6370.	6380.	0.0004185074
6380.	6390.	0.00005654946
6390.	6400.	0.00005665975
6400.	6410.	0.0003730257
6410.	6420.	0.00005985399
6420.	6430.	0.0001275784
6430.	6440.	0.00006539991
6440.	6450.	0.00005212337
6450.	6460.	0.0001274123
6460.	6470.	0.0001041891
6470.	6480.	0.00008293914
6480.	6490.	0.00007509599
6490.	6500.	0.0000493719
6500.	6510.	0.00008910894
6510.	6520.	0.0001087517
6520.	6530.	0.0003109218
6530.	6540.	0.00006314991
6540.	6550.	0.00009407767
6550.	6560.	0.00006958133
6560.	6570.	0.0001154295
6570.	6580.	0.00008799501
6580.	6590.	0.0001988693
6590.	6600.	0.00008791254
6600.	6610.	0.00005926096
6610.	6620.	0.00008010874
6620.	6630.	0.00009571962
6630.	6640.	0.0001158952
6640.	6650.	0.00009514867
6650.	6660.	0.00009977128
6660.	6670.	0.0001819281
6670.	6680.	0.00007639898
6680.	6690.	0.0001107243
6690.	6700.	0.00003495908
6700.	6710.	0.00004459358
6710.	6720.	0.0001235959
6720.	6730.	0.00005817021
6730.	6740.	0.00006023353
6740.	6750.	0.00003843609
6750.	6760.	0.00009006848
6760.	6770.	0.00009801918
6770.	6780.	0.00011751
6780.	6790.	0.00007052788
6790.	6800.	0.0001149519
6800.	6810.	0.00004450296
6810.	6820.	0.00006797183
6820.	6830.	0.0000277845
6830.	6840.	0.00003871189
6840.	6850.	0.0001938909
6850.	6860.	0.00004983712
6860.	6870.	0.0002949612
6870.	6880.	0.00004091854
6880.	6890.	0.00003373453
6890.	6900.	0.00005658288
6900.	6910.	0.00006223504
6910.	6920.	0.00003442535
6920.	6930.	0.00005324003
6930.	6940.	0.00005505271
6940.	6950.	0.00005483316
6950.	6960.	0.00004203355
6960.	6970.	0.00003242455
6970.	6980.	0.00005221679
6980.	6990.	0.00007749062
6990.	7000.	0.00002778783
7000.	7010.	0.00004714706
7010.	7020.	0.0001769001
7020.	7030.	0.0001180647
7030.	7040.	0.0001976248
7040.	7050.	0.00008213424
7050.	7060.	0.00005256395
7060.	7070.	0.00003145297
7070.	7080.	0.0001434103
7080.	7090.	0.00003759573
7090.	7100.	0.00005127472
7100.	7110.	0.00003889048
7110.	7120.	0.00003758688
7120.	7130.	0.0002055579
7130.	7140.	0.00003602366
7140.	7150.	0.00005094431
7150.	7160.	0.00005403708
7160.	7170.	0.00003337907
7170.	7180.	0.00003195871
7180.	7190.	0.00002950259
7190.	7200.	0.00004851191
7200.	7210.	0.0000510731
7210.	7220.	0.0002636756
7220.	7230.	0.00003313235
7230.	7240.	0.00003045204
7240.	7250.	0.00007072217
7250.	7260.	0.00003959007
7260.	7270.	0.00002836556
7270.	7280.	0.0000534559
7280.	7290.	0.00004099828
7290.	7300.	0.00002919515
7300.	7310.	0.00003071408
7310.	7320.	0.0000360563
7320.	7330.	0.00004027999
7330.	7340.	0.0000469202
7340.	7350.	0.00002249507
7350.	7360.	0.00002749519
7360.	7370.	0.00007226844
7370.	7380.	0.00003319229
7380.	7390.	0.00006168428
7390.	7400.	0.00002760022
7400.	7410.	0.00001583756
7410.	7420.	0.00004176321
7420.	7430.	0.00002351906
7430.	7440.	0.00006490371
7440.	7450.	0.00004226477
7450.	7460.	0.00004862088
7460.	7470.	0.00003811504
7470.	7480.	0.00002216177
7480.	7490.	0.00003861085
7490.	7500.	0.00001738305
7500.	7510.	0.00002622108
7510.	7520.	0.00025357
7520.	7530.	0.00004557807
7530.	7540.	0.00006961687
7540.	7550.	0.00003444914
7550.	7560.	0.0003425419
7560.	7570.	0.00001832867
7570.	7580.	0.00002269896
7580.	7590.	0.00002231284
7590.	7600.	0.00003319632
7600.	7610.	0.0000374219
7610.	7620.	0.00001652787
7620.	7630.	0.00003618029
7630.	7640.	0.00002034563
7640.	7650.	0.00002410873
7650.	7660.	0.00003891019
7660.	7670.	0.0002981034
7670.	7680.	0.00002719442
7680.	7690.	0.00003292467
7690.	7700.	0.0000280453
7700.	7710.	0.00003742936
7710.	7720.	0.00001930878
7720.	7730.	0.00003932811
7730.	7740.	0.00004753473
7740.	7750.	0.00007245148
7750.	7760.	0.0001812017
7760.	7770.	0.00003146683
7770.	7780.	0.00003495527
7780.	7790.	0.00002667505
7790.	7800.	0.00001835223
7800.	7810.	0.00002375788
7810.	7820.	0.0001005011
7820.	7830.	0.00002229035
7830.	7840.	0.00001383817
7840.	7850.	0.00001438963
7850.	7860.	0.000024138
7860.	7870.	7.681798e-6
7870.	7880.	0.00003355867
7880.	7890.	0.0000254355
7890.	7900.	0.0001337886
7900.	7910.	0.00002072962
7910.	7920.	0.00001310393
7920.	7930.	0.00002322339
7930.	7940.	0.00005137059
7940.	7950.	0.00002451359
7950.	7960.	0.00001080605
7960.	7970.	0.00001116763
7970.	7980.	0.00001599781
7980.	7990.	0.0002508562
7990.	8000.	0.00001118417
8000.	8010.	0.00001746732
8010.	8020.	0.00003238737
8020.	8030.	0.0000411613
8030.	8040.	0.00001773437
8040.	8050.	0.00001028541
8050.	8060.	0.00002157872
8060.	8070.	0.00001106832
8070.	8080.	0.00001590657
8080.	8090.	0.00001709883
8090.	8100.	0.00003383099
8100.	8110.	0.00001260336
8110.	8120.	0.00001629833
8120.	8130.	0.00002480454
8130.	8140.	0.00001145536
8140.	8150.	0.00001478973
8150.	8160.	8.903152e-6
8160.	8170.	9.360768e-6
8170.	8180.	0.0001407014
8180.	8190.	0.00001332212
8190.	8200.	0.00002611666
8200.	8210.	9.365322e-6
8210.	8220.	0.0000127122
8220.	8230.	0.00002317322
8230.	8240.	0.0002513099
8240.	8250.	0.00001426084
8250.	8260.	0.00002063614
8260.	8270.	0.00001624496
8270.	8280.	7.050331e-6
8280.	8290.	0.00001812008
8290.	8300.	0.00003775411
8300.	8310.	9.322695e-6
8310.	8320.	7.96018e-6
8320.	8330.	8.915908e-6
8330.	8340.	0.00001303183
8340.	8350.	0.00002058142
8350.	8360.	0.0002214162
8360.	8370.	0.0000148002
8370.	8380.	7.616477e-6
8380.	8390.	0.00002045905
8390.	8400.	0.00001094255
8400.	8410.	0.00001078986
8410.	8420.	0.00001081855
8420.	8430.	7.059745e-6
8430.	8440.	0.00002535601
8440.	8450.	0.00001479614
8450.	8460.	0.00001002269
8460.	8470.	6.953583e-6
8470.	8480.	8.183566e-6
8480.	8490.	0.00004232251
8490.	8500.	8.284387e-6
8500.	8510.	0.0001648617
8510.	8520.	6.837535e-6
8520.	8530.	5.832535e-6
8530.	8540.	6.198373e-6
8540.	8550.	8.565695e-6
8550.	8560.	6.976438e-6
8560.	8570.	7.653739e-6
8570.	8580.	0.0002173199
8580.	8590.	7.908467e-6
8590.	8600.	0.00004047816
8600.	8610.	0.00001013071
8610.	8620.	3.991106e-6
8620.	8630.	0.00001062143
8630.	8640.	6.917462e-6
8640.	8650.	5.947773e-6
8650.	8660.	4.796142e-6
8660.	8670.	5.074149e-6
8670.	8680.	8.562478e-6
8680.	8690.	9.43466e-6
8690.	8700.	7.977289e-6
8700.	8710.	9.123272e-6
8710.	8720.	0.00001051145
8720.	8730.	0.00001154223
8730.	8740.	5.22023e-6
8740.	8750.	6.703858e-6
8750.	8760.	0.00001359252
8760.	8770.	4.074676e-6
8770.	8780.	3.488313e-6
8780.	8790.	4.843858e-6
8790.	8800.	7.157983e-6
8800.	8810.	3.447587e-6
8810.	8820.	3.347333e-6
8820.	8830.	4.943783e-6
8830.	8840.	6.613489e-6
8840.	8850.	0.00001592695
8850.	8860.	0.00001879913
8860.	8870.	5.610862e-6
8870.	8880.	3.607883e-6
8880.	8890.	5.983685e-6
8890.	8900.	6.060968e-6
8900.	8910.	4.483334e-6
8910.	8920.	5.941215e-6
8920.	8930.	5.255743e-6
8930.	8940.	0.00003944625
8940.	8950.	7.604869e-6
8950.	8960.	0.0002479234
8960.	8970.	0.00002311807
8970.	8980.	3.304754e-6
8980.	8990.	3.080426e-6
8990.	9000.	3.038654e-6
9000.	9010.	5.581374e-6
9010.	9020.	4.165241e-6
9020.	9030.	2.8206e-6
9030.	9040.	2.854562e-6
9040.	9050.	4.013457e-6
9050.	9060.	1.634119e-6
9060.	9070.	4.251826e-6
9070.	9080.	2.303569e-6
9080.	9090.	4.776536e-6
9090.	9100.	4.35601e-6
9100.	9110.	2.297636e-6
9110.	9120.	0.00002291413
9120.	9130.	3.495847e-6
9130.	9140.	3.79149e-6
9140.	9150.	2.100738e-6
9150.	9160.	3.618511e-6
9160.	9170.	0.00002133882
9170.	9180.	9.235511e-6
9180.	9190.	2.24393e-6
9190.	9200.	5.28439e-6
9200.	9210.	3.316207e-6
9210.	9220.	4.579505e-6
9220.	9230.	0.00001234808
9230.	9240.	2.53752e-6
9240.	9250.	2.938868e-6
9250.	9260.	3.439092e-6
9260.	9270.	1.606911e-6
9270.	9280.	3.785851e-6
9280.	9290.	1.402039e-6
9290.	9300.	1.423661e-6
9300.	9310.	2.444317e-6
9310.	9320.	2.550361e-6
9320.	9330.	1.276378e-6
9330.	9340.	2.802799e-6
9340.	9350.	1.03966e-6
9350.	9360.	1.46064e-6
9360.	9370.	1.174505e-6
9370.	9380.	1.645512e-6
9380.	9390.	9.133646e-6
9390.	9400.	3.370455e-6
9400.	9410.	2.604881e-6
9410.	9420.	1.486487e-6
9420.	9430.	0.00002428977
9430.	9440.	3.911121e-6
9440.	9450.	8.056302e-6
9450.	9460.	4.302204e-6
9460.	9470.	1.437072e-6
9470.	9480.	1.605199e-6
9480.	9490.	5.876191e-6
9490.	9500.	1.674228e-6
9500.	9510.	1.894303e-6
9510.	9520.	1.306358e-6
9520.	9530.	7.216305e-7
9530.	9540.	2.998795e-6
9540.	9550.	5.663654e-6
9550.	9560.	2.177403e-6
9560.	9570.	5.195306e-7
9570.	9580.	9.508226e-7
9580.	9590.	1.67573e-6
9590.	9600.	1.091857e-6
9600.	9610.	9.344047e-7
9610.	9620.	8.923776e-7
9620.	9630.	8.997192e-7
9630.	9640.	1.890015e-6
9640.	9650.	1.703461e-6
9650.	9660.	5.354585e-7
9660.	9670.	2.83091e-6
9670.	9680.	1.255422e-6
9680.	9690.	0.0000278194
9690.	9700.	1.879374e-6
9700.	9710.	2.832591e-6
9710.	9720.	6.69827e-7
9720.	9730.	2.262699e-7
9730.	9740.	4.32929e-7
9740.	9750.	3.559643e-7
9750.	9760.	7.154672e-7
9760.	9770.	5.770399e-7
9770.	9780.	6.209377e-7
9780.	9790.	4.614672e-7
9790.	9800.	8.696512e-7
9800.	9810.	4.812185e-7
9810.	9820.	0.00003196709
9820.	9830.	3.365774e-7
9830.	9840.	2.705292e-7
9840.	9850.	1.72034e-6
9850.	9860.	3.56585e-6
9860.	9870.	4.844528e-7
9870.	9880.	8.393248e-7
9880.	9890.	1.453422e-6
9890.	9900.	2.527801e-7
9900.	9910.	1.692953e-7
9910.	9920.	1.668246e-7
9920.	9930.	1.966339e-7
9930.	9940.	3.057993e-7
9940.	9950.	1.929857e-7
9950.	9960.	1.241138e-7
9960.	9970.	4.209828e-8
9970.	9980.	1.594486e-8
9980.	9990.	2.212772e-7
9990.	10000.	0.
10000.	10010.	0.